cam_06 49 1 1
cam_06 117 1 1
cam_06 11449 1 1
cam_06 11487 2 4
cam_06 11497 2 1
cam_06 1144 2 2
cam_06 11485 2 1
cam_06 1246 2 1
cam_06 11487 2 1
cam_06 11524 1 2
cam_06 11466 2 1
cam_06 11524 2 1
cam_06 11511 2 1
cam_06 11598 1 1
cam_06 99 1 1
cam_06 11578 1 2
cam_06 11544 1 1
cam_06 11565 1 2
cam_06 11548 1 1
cam_06 1156 1 1
cam_06 11599 1 2
cam_06 11562 2 1
cam_06 11602 2 4
cam_06 11673 1 4
cam_06 1137 2 1
cam_06 11602 2 1
cam_06 11641 1 2
cam_06 11631 2 1
cam_06 11625 1 4
cam_06 99 1 1
cam_06 11655 2 1
cam_06 11646 2 1
cam_06 11763 2 4
cam_06 11785 2 4
cam_06 11673 1 1
cam_06 11667 1 4
cam_06 1161 2 2
cam_06 12006 1 1
cam_06 100 1 1
cam_06 11719 2 1
cam_06 1146 1 1
cam_06 11737 1 1
cam_06 11737 2 1
cam_06 11730 1 4
cam_06 11769 2 3
cam_06 11740 2 1
cam_06 11745 2 1
cam_06 1231 1 1
cam_06 11751 2 1
cam_06 11758 2 1
cam_06 11758 2 4
cam_06 11758 2 2
cam_06 11776 2 1
cam_06 11788 1 1
cam_06 11761 2 4
cam_06 11761 2 2
cam_06 11761 2 1
cam_06 1159 2 4
cam_06 11787 1 4
cam_06 11788 1 1
cam_06 11778 2 2
cam_06 11800 2 4
cam_06 11887 2 3
cam_06 11820 2 2
cam_06 11827 2 3
cam_06 11863 2 3
cam_06 11884 2 1
cam_06 11865 2 1
cam_06 11874 2 1
cam_06 11839 2 2
cam_06 1189 2 2
cam_06 11872 2 1
cam_06 11848 2 2
cam_06 11862 2 2
cam_06 11878 2 1
cam_06 11872 2 2
cam_06 11913 1 2
cam_06 11926 2 4
cam_06 11889 1 1
cam_06 11932 2 1
cam_06 12007 2 1
cam_06 11905 1 1
cam_06 1188 2 1
cam_06 11934 2 1
cam_06 11922 2 4
cam_06 11926 2 1
cam_06 11941 1 1
cam_06 11926 2 4
cam_06 11926 2 1
cam_06 11938 2 1
cam_06 11938 2 1
cam_06 12331 1 4
cam_06 11952 1 1
cam_06 11937 2 4
cam_06 11938 2 4
cam_06 11952 1 1
cam_06 11952 1 2
cam_06 11956 2 4
cam_06 11956 2 1
cam_06 11985 2 1
cam_06 1235 1 4
cam_06 11959 2 1
cam_06 12010 1 4
cam_06 12010 2 4
cam_06 11970 2 2
cam_06 12010 2 4
cam_06 11970 1 4
cam_06 11964 2 2
cam_06 11974 2 2
cam_06 1213 2 2
cam_06 12010 2 1
cam_06 11994 1 1
cam_06 12010 2 2
cam_06 12010 2 1
cam_06 12013 2 1
cam_06 12010 2 1
cam_06 12010 2 1
cam_06 12034 1 2
cam_06 12039 2 1
cam_06 12036 2 1
cam_06 12100 1 2
cam_06 12039 2 1
cam_06 12043 2 2
cam_06 12043 2 1
cam_06 12066 2 1
cam_06 12066 2 2
cam_06 12087 2 4
cam_06 12085 2 1
cam_06 12087 2 1
cam_06 12087 2 2
cam_06 12097 2 4
cam_06 1193 2 1
cam_06 12100 1 1
cam_06 12102 2 4
cam_06 12130 2 4
cam_06 12180 2 1
cam_06 12132 2 4
cam_06 12168 1 1
cam_06 12139 2 2
cam_06 12185 2 2
cam_06 12189 2 1
cam_06 12193 2 1
cam_06 12183 2 1
cam_06 12189 2 1
cam_06 12231 2 4
cam_06 12207 1 2
cam_06 12220 1 1
cam_06 12216 1 1
cam_06 12417 2 1
cam_06 12228 1 1
cam_06 12233 2 1
cam_06 12435 2 4
cam_06 1191 2 1
cam_06 1213 1 2
cam_06 12243 1 1
cam_06 12273 2 1
cam_06 12252 2 2
cam_06 12274 1 4
cam_06 12576 2 4
cam_06 12279 2 1
cam_06 12273 1 4
cam_06 12285 2 2
cam_06 12286 2 3
cam_06 12256 2 1
cam_06 12366 1 2
cam_06 12286 1 1
cam_06 12340 2 1
cam_06 12346 1 4
cam_06 12316 2 1
cam_06 12366 2 1
cam_06 12387 2 1
cam_06 12472 2 4
cam_06 12399 2 1
cam_06 12462 2 2
cam_06 12504 2 2
cam_06 1195 2 1
cam_06 12421 2 1
cam_06 12442 2 1
cam_06 12417 2 1
cam_06 12472 1 4
cam_06 12409 2 1
cam_06 12462 2 1
cam_06 12664 2 4
cam_06 12480 2 1
cam_06 12639 2 1
cam_06 12489 1 4
cam_06 12438 2 1
cam_06 12684 2 4
cam_06 1219 2 1
cam_06 12643 2 4
cam_06 12624 2 2
cam_06 12594 1 2
cam_06 12643 1 4
cam_06 12600 1 1
cam_06 12610 1 1
cam_06 12609 1 1
cam_06 12675 2 1
cam_06 12627 2 1
cam_06 1236 2 4
cam_06 1240 1 1
cam_06 12633 1 1
cam_06 1291 2 1
cam_06 12655 1 2
cam_06 12633 1 1
cam_06 12661 2 1
cam_06 12676 1 2
cam_06 12636 1 1
cam_06 12685 1 1
cam_06 12702 1 1
cam_06 12699 1 1
cam_06 12685 1 1
cam_06 12676 1 1
cam_06 12676 1 1
cam_06 1263 1 4
cam_06 12738 2 2
cam_06 12689 2 1
cam_06 12744 2 2
cam_06 12714 1 1
cam_06 12703 2 1
cam_06 1276 2 4
cam_06 12694 2 1
cam_06 12736 2 1
cam_06 160 1 3
cam_06 12744 1 2
cam_06 1266 1 4
cam_06 12781 1 1
cam_06 12796 1 4
cam_06 12822 2 4
cam_06 12810 1 4
cam_06 12822 2 2
cam_06 12819 1 1
cam_06 12822 2 2
cam_06 1252 1 4
cam_06 12883 1 1
cam_06 12822 2 1
cam_06 12856 1 4
cam_06 12881 2 1
cam_06 1272 2 1
cam_06 12832 2 1
cam_06 12865 2 1
cam_06 12831 2 1
cam_06 12834 2 1
cam_06 12865 2 1
cam_06 12867 1 4
cam_06 12925 1 4
cam_06 12865 1 1
cam_06 12874 1 4
cam_06 12882 2 1
cam_06 12882 2 1
cam_06 133 1 4
cam_06 12903 2 1
cam_06 12930 2 1
cam_06 12949 1 4
cam_06 12945 1 2
cam_06 12954 2 1
cam_06 1296 1 3
cam_06 12966 2 4
cam_06 12966 2 1
cam_06 12969 2 1
cam_06 12972 2 4
cam_06 12972 2 1
cam_06 12979 2 1
cam_06 13179 2 4
cam_06 12984 2 2
cam_06 13027 2 1
cam_06 13110 2 1
cam_06 13135 2 3
cam_06 13015 2 1
cam_06 13027 2 1
cam_06 13036 2 1
cam_06 13036 2 1
cam_06 13051 2 1
cam_06 13039 2 1
cam_06 13048 2 1
cam_06 13059 2 2
cam_06 1267 2 1
cam_06 13075 2 4
cam_06 13075 2 1
cam_06 13080 2 2
cam_06 13075 2 2
cam_06 13075 1 1
cam_06 13080 2 2
cam_06 13078 2 4
cam_06 13080 2 4
cam_06 13092 2 4
cam_06 13381 1 1
cam_06 13092 2 1
cam_06 13098 2 1
cam_06 13150 2 1
cam_06 13111 1 1
cam_06 1257 2 1
cam_06 13117 2 1
cam_06 13110 1 1
cam_06 13174 1 2
cam_06 171 1 2
cam_06 13119 2 1
cam_06 13235 2 1
cam_06 13119 2 1
cam_06 1329 2 4
cam_06 13134 2 1
cam_06 13125 2 2
cam_06 13134 2 1
cam_06 13125 2 1
cam_06 13125 2 4
cam_06 1258 2 1
cam_06 13134 2 1
cam_06 13134 2 2
cam_06 13134 2 1
cam_06 13150 2 4
cam_06 13150 1 2
cam_06 13150 2 4
cam_06 13150 2 1
cam_06 13192 2 4
cam_06 13176 1 3
cam_06 13174 2 1
cam_06 13174 2 1
cam_06 13179 2 1
cam_06 13248 2 1
cam_06 13203 1 4
cam_06 13197 1 1
cam_06 13198 2 1
cam_06 115 1 1
cam_06 13213 2 1
cam_06 13209 2 1
cam_06 13209 2 1
cam_06 13230 2 2
cam_06 13369 2 1
cam_06 13224 1 1
cam_06 13241 2 1
cam_06 13234 2 1
cam_06 13251 2 2
cam_06 13282 2 2
cam_06 13282 2 2
cam_06 13282 2 1
cam_06 13303 2 2
cam_06 1506 1 1
cam_06 13306 2 1
cam_06 13312 2 1
cam_06 13312 2 1
cam_06 13318 2 1
cam_06 13326 2 4
cam_06 13323 2 1
cam_06 1369 2 1
cam_06 13326 2 1
cam_06 13359 2 4
cam_06 13330 2 1
cam_06 13333 2 1
cam_06 13357 2 4
cam_06 13339 2 4
cam_06 13359 1 1
cam_06 13356 1 1
cam_06 13359 2 4
cam_06 13359 2 1
cam_06 1311 2 1
cam_06 13367 2 1
cam_06 13369 2 4
cam_06 13393 2 4
cam_06 13369 2 1
cam_06 13374 2 1
cam_06 13402 2 4
cam_06 13393 2 1
cam_06 13405 2 1
cam_06 13420 1 4
cam_06 13443 1 1
cam_06 13479 2 1
cam_06 13461 2 1
cam_06 13479 2 1
cam_06 13477 1 1
cam_06 13458 2 1
cam_06 13479 2 1
cam_06 13485 2 1
cam_06 13485 2 1
cam_06 1437 1 1
cam_06 1419 2 4
cam_06 1396 1 4
cam_06 1380 1 1
cam_06 1400 2 1
cam_06 1405 2 1
cam_06 1522 1 1
cam_06 1413 1 1
cam_06 1435 1 3
cam_06 1404 1 2
cam_06 1432 2 1
cam_06 1431 1 1
cam_06 181 1 2
cam_06 1488 1 3
cam_06 1468 1 3
cam_06 1468 2 1
cam_06 1536 2 2
cam_06 1506 1 4
cam_06 1513 2 1
cam_06 1464 2 1
cam_06 1501 2 1
cam_06 1600 2 1
cam_06 1554 2 2
cam_06 213 1 4
cam_06 1534 1 2
cam_06 1746 2 4
cam_06 213 1 2
cam_06 1573 2 2
cam_06 1548 2 1
cam_06 1611 1 1
cam_06 1585 2 1
cam_06 1543 2 1
cam_06 1579 2 1
cam_06 1551 2 1
cam_06 1602 2 1
cam_06 1600 2 1
cam_06 1617 2 1
cam_06 1564 2 1
cam_06 1687 2 1
cam_06 1596 2 1
cam_06 1641 2 1
cam_06 1668 1 1
cam_06 1683 2 1
cam_06 1731 1 1
cam_06 1699 1 4
cam_06 1651 1 2
cam_06 1783 1 1
cam_06 1698 1 1
cam_06 1678 2 1
cam_06 1765 2 2
cam_06 1723 2 4
cam_06 211 2 1
cam_06 1779 2 4
cam_06 1821 2 1
cam_06 1824 1 4
cam_06 1821 2 1
cam_06 1923 1 1
cam_06 1845 1 1
cam_06 1851 1 1
cam_06 1875 1 1
cam_06 271 2 4
cam_06 1870 2 1
cam_06 1864 2 1
cam_06 1885 1 1
cam_06 1831 1 1
cam_06 1870 2 1
cam_06 1878 1 1
cam_06 1864 1 1
cam_06 1878 1 1
cam_06 1948 1 1
cam_06 1923 1 2
cam_06 1915 1 4
cam_06 1897 1 1
cam_06 1936 1 1
cam_06 1971 2 4
cam_06 1933 1 2
cam_06 1932 1 2
cam_06 243 2 1
cam_06 1944 1 1
cam_06 1945 2 4
cam_06 1969 1 4
cam_06 1963 1 1
cam_06 1923 2 2
cam_06 2034 2 1
cam_06 1950 1 1
cam_06 1965 2 4
cam_06 2053 1 1
cam_06 1978 1 1
cam_06 2130 1 1
cam_06 252 2 1
cam_06 1983 1 1
cam_06 2124 1 1
cam_06 2055 2 4
cam_06 2028 2 1
cam_06 2158 1 4
cam_06 2074 2 1
cam_06 2070 2 1
cam_06 2064 2 2
cam_06 2272 2 1
cam_06 2130 2 4
cam_06 282 1 1
cam_06 2064 2 1
cam_06 2106 2 1
cam_06 2071 2 1
cam_06 2112 2 2
cam_06 2106 2 1
cam_06 2200 1 1
cam_06 2175 2 1
cam_06 2295 1 2
cam_06 2179 2 4
cam_06 2215 2 3
cam_06 2230 1 1
cam_06 2220 2 2
cam_06 2245 1 1
cam_06 2265 2 1
cam_06 2254 2 2
cam_06 2245 2 1
cam_06 2268 1 4
cam_06 2263 2 1
cam_06 301 1 4
cam_06 2268 2 1
cam_06 2275 2 1
cam_06 2308 2 2
cam_06 2247 2 1
cam_06 2241 2 1
cam_06 2299 2 2
cam_06 2301 1 1
cam_06 2320 1 4
cam_06 2302 2 1
cam_06 2359 1 1
cam_06 2305 2 1
cam_06 325 2 4
cam_06 2322 1 1
cam_06 2457 1 1
cam_06 2350 1 2
cam_06 2347 2 2
cam_06 228 2 4
cam_06 2466 2 4
cam_06 2356 2 1
cam_06 2430 2 1
cam_06 252 2 1
cam_06 2457 2 1
cam_06 2355 2 1
cam_06 2352 2 1
cam_06 267 2 1
cam_06 265 2 1
cam_06 2355 2 1
cam_06 2551 2 1
cam_06 2394 2 1
cam_06 2418 2 1
cam_06 2547 2 1
cam_06 2409 2 1
cam_06 2476 1 4
cam_06 2484 1 1
cam_06 2458 2 1
cam_06 2514 2 4
cam_06 2547 2 1
cam_06 2553 2 2
cam_06 2649 2 4
cam_06 2538 2 1
cam_06 2560 2 1
cam_06 2535 2 1
cam_06 2584 1 4
cam_06 2571 2 1
cam_06 2569 2 1
cam_06 2574 2 1
cam_06 2590 2 1
cam_06 2560 2 4
cam_06 2622 1 4
cam_06 2683 2 4
cam_06 2569 2 4
cam_06 2574 2 4
cam_06 2587 2 4
cam_06 2622 2 2
cam_06 2680 1 1
cam_06 2617 2 1
cam_06 2673 2 1
cam_06 2787 2 4
cam_06 2697 1 4
cam_06 2671 2 1
cam_06 2706 2 1
cam_06 2671 2 4
cam_06 2712 2 1
cam_06 2722 2 1
cam_06 2719 2 1
cam_06 2748 2 2
cam_06 321 2 4
cam_06 2755 1 3
cam_06 2769 2 4
cam_06 2730 2 1
cam_06 2721 2 1
cam_06 2863 1 1
cam_06 2782 2 1
cam_06 2730 2 4
cam_06 2872 1 1
cam_06 2823 1 1
cam_06 2794 1 1
cam_06 2766 1 3
cam_06 2878 2 4
cam_06 264 2 1
cam_06 2829 1 1
cam_06 295 2 2
cam_06 2856 1 1
cam_06 2853 2 1
cam_06 2875 1 1
cam_06 2827 2 1
cam_06 2901 1 1
cam_06 2871 1 1
cam_06 3141 2 4
cam_06 2911 1 4
cam_06 285 1 1
cam_06 2851 1 1
cam_06 2884 1 1
cam_06 2845 2 4
cam_06 2895 1 1
cam_06 2889 2 2
cam_06 2911 1 3
cam_06 279 2 1
cam_06 3268 2 4
cam_06 2916 2 1
cam_06 2982 2 1
cam_06 2982 1 4
cam_06 331 1 4
cam_06 2931 2 1
cam_06 3003 1 1
cam_06 3037 1 1
cam_06 3054 1 2
cam_06 3064 1 4
cam_06 3001 2 2
cam_06 3043 1 2
cam_06 3018 2 1
cam_06 3025 2 1
cam_06 3043 2 1
cam_06 3057 2 1
cam_06 298 2 1
cam_06 3118 1 4
cam_06 3088 2 1
cam_06 3091 2 1
cam_06 3066 2 2
cam_06 3067 1 4
cam_06 3075 1 4
cam_06 316 2 4
cam_06 3100 2 2
cam_06 3103 2 1
cam_06 3144 2 1
cam_06 3166 1 1
cam_06 3137 2 1
cam_06 3108 2 2
cam_06 345 1 1
cam_06 3163 2 1
cam_06 3187 1 1
cam_06 3193 2 1
cam_06 475 2 3
cam_06 3195 1 1
cam_06 3201 1 2
cam_06 3178 2 1
cam_06 3234 2 1
cam_06 3217 1 1
cam_06 3234 2 1
cam_06 330 2 4
cam_06 3252 1 1
cam_06 3247 2 2
cam_06 3273 1 1
cam_06 3409 2 1
cam_06 3601 2 1
cam_06 3313 2 1
cam_06 3310 2 2
cam_06 3285 2 1
cam_06 3628 2 4
cam_06 3373 2 1
cam_06 3402 2 1
cam_06 3439 2 1
cam_06 3508 2 2
cam_06 3433 2 1
cam_06 3477 2 1
cam_06 404 2 1
cam_06 3721 1 1
cam_06 333 1 1
cam_06 3528 2 1
cam_06 3558 2 1
cam_06 3656 2 4
cam_06 3529 2 1
cam_06 3555 2 1
cam_06 331 1 1
cam_06 324 1 1
cam_06 3574 2 1
cam_06 3532 2 1
cam_06 333 1 1
cam_06 3568 2 1
cam_06 3553 2 1
cam_06 3561 2 1
cam_06 3704 2 4
cam_06 3543 2 1
cam_06 305 2 1
cam_06 3582 2 2
cam_06 385 2 2
cam_06 3588 2 1
cam_06 360 1 1
cam_06 3639 1 1
cam_06 3594 2 1
cam_06 3612 2 1
cam_06 3651 1 1
cam_06 3666 2 1
cam_06 3769 1 1
cam_06 3694 2 1
cam_06 3732 1 2
cam_06 3823 1 2
cam_06 390 2 2
cam_06 3810 2 4
cam_06 3720 1 1
cam_06 3702 1 1
cam_06 3784 2 1
cam_06 3725 2 1
cam_06 3714 2 1
cam_06 3705 1 1
cam_06 3760 1 2
cam_06 3772 1 2
cam_06 3759 2 1
cam_06 3817 1 4
cam_06 3783 1 1
cam_06 3795 1 4
cam_06 366 2 1
cam_06 3804 2 1
cam_06 3826 1 1
cam_06 3820 2 1
cam_06 3903 2 4
cam_06 3886 1 4
cam_06 3846 1 4
cam_06 3807 2 1
cam_06 3877 1 1
cam_06 3873 1 1
cam_06 420 1 2
cam_06 4026 2 1
cam_06 3850 2 1
cam_06 3903 2 1
cam_06 3900 1 4
cam_06 3931 2 1
cam_06 3978 2 4
cam_06 3994 1 2
cam_06 4000 1 4
cam_06 3982 2 1
cam_06 4030 2 1
cam_06 4038 2 4
cam_06 4020 1 4
cam_06 411 1 1
cam_06 4244 2 1
cam_06 4056 1 1
cam_06 4035 2 1
cam_06 4066 1 1
cam_06 4071 1 1
cam_06 4068 2 1
cam_06 4074 2 2
cam_06 4021 2 1
cam_06 5593 1 1
cam_06 4023 2 1
cam_06 4050 2 1
cam_06 4102 2 2
cam_06 4105 1 1
cam_06 4126 1 1
cam_06 4111 2 1
cam_06 4146 2 4
cam_06 4161 2 1
cam_06 4128 2 1
cam_06 4187 1 4
cam_06 4173 1 1
cam_06 4164 2 4
cam_06 4176 1 1
cam_06 4221 2 4
cam_06 4168 2 1
cam_06 4159 2 1
cam_06 4201 1 1
cam_06 4170 2 1
cam_06 4200 2 1
cam_06 4294 2 1
cam_06 4298 2 2
cam_06 4213 2 1
cam_06 463 2 4
cam_06 402 1 1
cam_06 4236 2 1
cam_06 4239 1 1
cam_06 613 1 4
cam_06 4246 2 1
cam_06 4252 1 4
cam_06 4303 2 1
cam_06 4302 2 1
cam_06 4300 2 2
cam_06 4279 2 1
cam_06 4393 2 4
cam_06 456 2 4
cam_06 4345 2 3
cam_06 4347 2 1
cam_06 4578 2 4
cam_06 4372 2 1
cam_06 4350 2 4
cam_06 4344 2 4
cam_06 4375 2 4
cam_06 4417 2 2
cam_06 4488 2 1
cam_06 4498 1 4
cam_06 4474 2 2
cam_06 4450 1 1
cam_06 4516 1 1
cam_06 4515 2 4
cam_06 4606 2 4
cam_06 4572 1 2
cam_06 4542 2 1
cam_06 4726 2 4
cam_06 501 1 1
cam_06 4555 2 1
cam_06 4540 2 4
cam_06 4576 2 1
cam_06 4558 2 1
cam_06 4656 1 1
cam_06 39 1 1
cam_06 4626 1 1
cam_06 4594 1 2
cam_06 4603 1 1
cam_06 4641 1 3
cam_06 4660 1 4
cam_06 489 1 1
cam_06 4621 1 1
cam_06 4648 1 1
cam_06 4615 1 1
cam_06 4639 2 1
cam_06 4680 2 1
cam_06 4665 2 1
cam_06 4638 1 1
cam_06 4677 1 1
cam_06 4669 1 2
cam_06 4687 1 2
cam_06 4662 1 1
cam_06 4693 1 1
cam_06 4683 1 1
cam_06 4714 2 3
cam_06 4804 1 1
cam_06 4710 2 1
cam_06 4731 1 1
cam_06 4732 2 1
cam_06 4777 2 1
cam_06 4743 1 4
cam_06 4777 2 1
cam_06 4831 2 1
cam_06 4834 2 4
cam_06 4812 1 1
cam_06 4879 2 2
cam_06 4846 1 3
cam_06 4825 1 1
cam_06 4800 2 1
cam_06 4848 2 1
cam_06 4863 1 1
cam_06 4855 2 1
cam_06 4953 2 3
cam_06 4894 1 1
cam_06 499 2 1
cam_06 4872 2 1
cam_06 4935 2 1
cam_06 5718 1 3
cam_06 4951 2 3
cam_06 4947 2 1
cam_06 4975 1 2
cam_06 499 2 1
cam_06 4936 2 1
cam_06 4983 2 1
cam_06 4995 2 1
cam_06 5019 2 1
cam_06 5035 2 4
cam_06 5031 1 4
cam_06 4996 2 1
cam_06 5092 2 4
cam_06 5065 2 4
cam_06 5028 2 1
cam_06 5059 1 4
cam_06 5329 2 4
cam_06 5077 2 1
cam_06 5104 2 1
cam_06 609 2 1
cam_06 5097 2 1
cam_06 5154 1 1
cam_06 5158 2 1
cam_06 699 1 4
cam_06 5181 1 4
cam_06 526 1 1
cam_06 5181 2 1
cam_06 5188 2 1
cam_06 5260 2 2
cam_06 5304 2 1
cam_06 5313 1 1
cam_06 553 1 1
cam_06 5314 1 4
cam_06 5295 1 1
cam_06 5478 2 4
cam_06 5305 2 1
cam_06 5413 2 4
cam_06 5353 2 1
cam_06 5332 2 1
cam_06 5391 1 1
cam_06 5320 2 1
cam_06 5359 1 1
cam_06 5371 2 2
cam_06 5395 2 1
cam_06 502 1 4
cam_06 5496 2 1
cam_06 5536 2 4
cam_06 5386 2 1
cam_06 5437 1 2
cam_06 5404 2 1
cam_06 5491 2 2
cam_06 5476 1 1
cam_06 5461 2 1
cam_06 5413 2 1
cam_06 5470 2 1
cam_06 5560 1 1
cam_06 5520 1 1
cam_06 5493 1 1
cam_06 5539 1 2
cam_06 5602 1 1
cam_06 585 1 1
cam_06 5533 2 1
cam_06 5571 1 1
cam_06 813 1 4
cam_06 5653 2 1
cam_06 574 1 1
cam_06 5551 1 1
cam_06 5571 1 1
cam_06 5572 2 1
cam_06 5578 1 2
cam_06 5590 2 4
cam_06 100 2 1
cam_06 5553 1 1
cam_06 5601 1 1
cam_06 5658 2 4
cam_06 5562 1 1
cam_06 5565 1 1
cam_06 591 1 1
cam_06 604 1 1
cam_06 5646 2 1
cam_06 5679 1 1
cam_06 5638 2 1
cam_06 5625 2 1
cam_06 5658 2 1
cam_06 627 2 1
cam_06 5728 2 4
cam_06 5842 2 1
cam_06 5763 1 1
cam_06 7447 2 4
cam_06 5713 2 1
cam_06 5757 2 2
cam_06 5727 2 1
cam_06 5769 2 2
cam_06 5797 2 2
cam_06 18 1 1
cam_06 73 2 1
cam_06 5791 2 1
cam_06 5803 2 2
cam_06 5815 1 4
cam_06 5823 2 1
cam_06 5787 1 1
cam_06 5848 2 1
cam_06 5863 2 1
cam_06 5854 1 1
cam_06 5871 2 1
cam_06 198 2 4
cam_06 5904 1 2
cam_06 5917 1 4
cam_06 5938 2 4
cam_06 5943 2 4
cam_06 5944 1 1
cam_06 5938 2 1
cam_06 5962 1 1
cam_06 5959 2 2
cam_06 5946 2 1
cam_06 5960 2 1
cam_06 6012 2 4
cam_06 6052 1 1
cam_06 6040 1 1
cam_06 6009 2 1
cam_06 6028 1 2
cam_06 6054 2 4
cam_06 6103 2 4
cam_06 6108 1 4
cam_06 6051 2 2
cam_06 6180 2 4
cam_06 6096 1 4
cam_06 6154 2 1
cam_06 6129 2 1
cam_06 727 2 4
cam_06 6165 2 1
cam_06 6129 2 1
cam_06 6312 2 4
cam_06 6171 2 1
cam_06 6150 2 1
cam_06 93 1 3
cam_06 6193 2 1
cam_06 6195 1 2
cam_06 6268 2 3
cam_06 6280 2 1
cam_06 6210 2 1
cam_06 6195 2 1
cam_06 6262 1 4
cam_06 6231 2 1
cam_06 6259 2 1
cam_06 6243 2 4
cam_06 6522 1 1
cam_06 6336 2 1
cam_06 6340 2 1
cam_06 6325 2 1
cam_06 6340 1 3
cam_06 6289 2 4
cam_06 6274 2 4
cam_06 6529 2 4
cam_06 6406 2 4
cam_06 6310 2 4
cam_06 615 1 1
cam_06 6372 1 1
cam_06 6357 2 1
cam_06 6367 1 4
cam_06 6385 1 1
cam_06 6564 2 4
cam_06 6423 1 4
cam_06 6388 1 1
cam_06 6565 1 1
cam_06 6361 2 1
cam_06 6411 1 1
cam_06 6417 1 1
cam_06 6387 2 1
cam_06 6426 2 4
cam_06 6475 1 2
cam_06 6453 1 1
cam_06 6465 1 1
cam_06 6459 1 1
cam_06 699 1 1
cam_06 6474 1 1
cam_06 6520 2 1
cam_06 6489 1 1
cam_06 6469 1 1
cam_06 6762 2 1
cam_06 6537 1 1
cam_06 6552 1 1
cam_06 6762 1 4
cam_06 6628 1 4
cam_06 6610 1 1
cam_06 6571 1 1
cam_06 6589 1 2
cam_06 6582 1 1
cam_06 739 2 1
cam_06 6624 2 1
cam_06 6596 2 1
cam_06 6570 1 4
cam_06 685 2 1
cam_06 6624 2 1
cam_06 6631 2 1
cam_06 82 1 1
cam_06 6733 2 1
cam_06 747 2 2
cam_06 6639 2 1
cam_06 6648 1 1
cam_06 6678 2 2
cam_06 6655 1 3
cam_06 6819 1 1
cam_06 6702 2 1
cam_06 6678 2 1
cam_06 6714 2 1
cam_06 6735 1 3
cam_06 812 2 4
cam_06 6735 2 1
cam_06 6751 2 1
cam_06 6766 1 1
cam_06 6735 2 1
cam_06 6778 2 2
cam_06 6747 1 1
cam_06 6807 1 2
cam_06 6882 1 1
cam_06 733 2 1
cam_06 6826 2 1
cam_06 6855 2 2
cam_06 6871 1 4
cam_06 6883 2 2
cam_06 6909 2 3
cam_06 6873 2 1
cam_06 6892 2 2
cam_06 6891 1 3
cam_06 6924 1 2
cam_06 6865 2 1
cam_06 6913 2 4
cam_06 6925 1 2
cam_06 6912 1 1
cam_06 6921 2 4
cam_06 6873 2 1
cam_06 6907 2 1
cam_06 6966 2 4
cam_06 6930 1 1
cam_06 724 2 1
cam_06 6924 1 1
cam_06 6943 2 1
cam_06 6964 1 4
cam_06 7051 2 2
cam_06 6936 1 1
cam_06 6988 1 1
cam_06 111 2 2
cam_06 763 1 2
cam_06 6987 1 1
cam_06 747 2 1
cam_06 6990 2 1
cam_06 7039 2 1
cam_06 7045 1 1
cam_06 7027 1 1
cam_06 7074 2 2
cam_06 7039 2 1
cam_06 7074 2 1
cam_06 7124 2 1
cam_06 7096 1 1
cam_06 7270 2 4
cam_06 7132 2 1
cam_06 7114 2 1
cam_06 7218 2 4
cam_06 7161 2 4
cam_06 7204 2 4
cam_06 7249 1 4
cam_06 7218 2 1
cam_06 7192 2 4
cam_06 7359 2 4
cam_06 787 2 2
cam_06 7293 1 1
cam_06 7248 2 1
cam_06 7246 2 1
cam_06 7237 2 1
cam_06 7267 2 1
cam_06 7278 1 1
cam_06 7330 2 1
cam_06 765 2 2
cam_06 7297 1 1
cam_06 7293 2 1
cam_06 856 2 4
cam_06 7354 2 4
cam_06 7324 1 2
cam_06 7320 1 1
cam_06 7320 1 2
cam_06 7344 1 2
cam_06 7320 1 1
cam_06 7341 1 1
cam_06 7500 2 4
cam_06 906 1 4
cam_06 7353 1 1
cam_06 7356 1 1
cam_06 951 2 4
cam_06 7330 1 1
cam_06 7357 1 1
cam_06 7395 1 4
cam_06 7374 1 1
cam_06 7417 2 2
cam_06 7446 1 4
cam_06 7365 1 1
cam_06 7374 1 1
cam_06 799 2 1
cam_06 7396 1 1
cam_06 7408 2 1
cam_06 7410 2 1
cam_06 7437 2 1
cam_06 7455 2 1
cam_06 7492 2 1
cam_06 7455 2 1
cam_06 7554 2 1
cam_06 7579 2 2
cam_06 7533 1 1
cam_06 7551 1 1
cam_06 7555 1 1
cam_06 835 2 1
cam_06 888 2 4
cam_06 7596 2 1
cam_06 7680 1 4
cam_06 7635 1 1
cam_06 7621 2 1
cam_06 7627 2 1
cam_06 7698 2 4
cam_06 7677 1 1
cam_06 7728 1 4
cam_06 7707 1 2
cam_06 7692 2 2
cam_06 910 1 4
cam_06 7713 2 2
cam_06 864 1 3
cam_06 7678 2 1
cam_06 7771 2 1
cam_06 7684 1 1
cam_06 934 2 2
cam_06 7806 2 4
cam_06 7738 1 1
cam_06 7908 2 4
cam_06 7872 2 3
cam_06 945 1 4
cam_06 7833 2 1
cam_06 7903 2 2
cam_06 7836 2 1
cam_06 7864 2 2
cam_06 7828 2 1
cam_06 7960 2 2
cam_06 7903 1 4
cam_06 7900 2 1
cam_06 7848 2 1
cam_06 7858 2 1
cam_06 7897 2 1
cam_06 7896 1 1
cam_06 7906 2 3
cam_06 7965 2 4
cam_06 7924 1 4
cam_06 7923 2 1
cam_06 8143 2 1
cam_06 7941 1 1
cam_06 7909 2 1
cam_06 7935 1 1
cam_06 915 1 1
cam_06 7944 2 1
cam_06 7980 1 1
cam_06 8220 2 4
cam_06 901 1 4
cam_06 8028 1 3
cam_06 7981 2 2
cam_06 7975 2 1
cam_06 942 2 1
cam_06 8073 1 1
cam_06 7990 2 1
cam_06 8085 2 2
cam_06 8074 1 4
cam_06 933 1 1
cam_06 7990 2 1
cam_06 8013 2 1
cam_06 8040 1 1
cam_06 8281 2 4
cam_06 8034 2 1
cam_06 8064 1 1
cam_06 7999 2 1
cam_06 942 1 1
cam_06 7996 2 2
cam_06 8089 2 2
cam_06 8070 2 2
cam_06 8214 2 2
cam_06 967 1 4
cam_06 8362 1 2
cam_06 8339 2 4
cam_06 8058 2 1
cam_06 8089 2 1
cam_06 949 1 1
cam_06 8106 2 2
cam_06 8082 2 1
cam_06 8133 2 1
cam_06 996 2 4
cam_06 8151 2 1
cam_06 8130 2 1
cam_06 8147 2 2
cam_06 8166 1 4
cam_06 8125 2 2
cam_06 8140 2 1
cam_06 8133 2 2
cam_06 8133 2 1
cam_06 8242 1 1
cam_06 8167 2 1
cam_06 8169 1 1
cam_06 8197 1 2
cam_06 8202 1 1
cam_06 8211 2 1
cam_06 8212 1 2
cam_06 8208 1 1
cam_06 8232 1 1
cam_06 8238 1 1
cam_06 8235 1 1
cam_06 8344 2 2
cam_06 8268 1 1
cam_06 8266 1 1
cam_06 8245 1 1
cam_06 8302 1 1
cam_06 8244 1 1
cam_06 8316 1 2
cam_06 8295 2 1
cam_06 8290 1 1
cam_06 52 2 4
cam_06 8340 1 2
cam_06 8332 1 2
cam_06 8302 1 1
cam_06 8355 1 2
cam_06 8337 1 1
cam_06 8400 2 4
cam_06 8326 2 1
cam_06 8391 1 2
cam_06 8338 1 1
cam_06 8379 1 1
cam_06 8364 1 1
cam_06 8436 2 2
cam_06 8376 2 2
cam_06 8359 2 1
cam_06 8380 1 1
cam_06 8403 1 1
cam_06 8383 2 1
cam_06 8460 1 1
cam_06 8571 2 1
cam_06 8425 2 1
cam_06 8451 2 4
cam_06 8439 1 1
cam_06 8461 2 4
cam_06 8457 1 1
cam_06 8445 1 1
cam_06 8427 1 1
cam_06 8457 1 1
cam_06 8419 2 1
cam_06 8445 2 1
cam_06 8463 2 2
cam_06 8437 2 1
cam_06 8544 2 4
cam_06 8515 2 3
cam_06 8493 1 4
cam_06 8503 2 1
cam_06 8467 2 1
cam_06 8533 2 2
cam_06 8505 1 1
cam_06 8610 1 4
cam_06 8559 1 1
cam_06 8526 2 3
cam_06 8539 2 1
cam_06 8652 2 4
cam_06 8587 2 1
cam_06 8607 2 1
cam_06 8653 2 1
cam_06 8625 2 1
cam_06 8661 2 2
cam_06 8614 1 4
cam_06 8760 1 1
cam_06 8665 2 1
cam_06 948 1 1
cam_06 8713 2 4
cam_06 8662 2 1
cam_06 8700 2 2
cam_06 8725 1 1
cam_06 8743 1 1
cam_06 1041 1 4
cam_06 8679 1 1
cam_06 8662 2 1
cam_06 8701 2 1
cam_06 8691 2 1
cam_06 8793 1 1
cam_06 8790 2 4
cam_06 8740 1 1
cam_06 8739 2 1
cam_06 8824 2 2
cam_06 8769 1 1
cam_06 8793 1 1
cam_06 8758 2 1
cam_06 8773 2 1
cam_06 8802 2 1
cam_06 8800 2 1
cam_06 982 1 1
cam_06 8904 2 3
cam_06 8862 1 1
cam_06 8910 2 4
cam_06 8916 2 2
cam_06 8901 2 2
cam_06 9108 2 2
cam_06 8941 2 2
cam_06 8889 2 1
cam_06 8914 2 1
cam_06 8925 2 1
cam_06 8959 1 2
cam_06 9076 2 4
cam_06 8971 2 1
cam_06 9007 1 1
cam_06 8998 1 4
cam_06 9096 2 4
cam_06 9051 2 1
cam_06 9072 2 4
cam_06 9046 1 2
cam_06 9184 2 4
cam_06 9009 2 1
cam_06 9009 2 1
cam_06 9057 2 1
cam_06 9056 2 1
cam_06 9075 2 2
cam_06 981 1 3
cam_06 9100 2 2
cam_06 9076 2 1
cam_06 9219 1 4
cam_06 9256 2 1
cam_06 9099 1 1
cam_06 9126 2 4
cam_06 9099 2 1
cam_06 9132 1 4
cam_06 9129 1 1
cam_06 9114 1 1
cam_06 9217 2 4
cam_06 981 1 1
cam_06 9139 1 1
cam_06 9126 1 1
cam_06 969 1 1
cam_06 9247 1 4
cam_06 9192 1 4
cam_06 963 1 1
cam_06 9159 2 3
cam_06 9162 2 1
cam_06 9235 2 1
cam_06 9159 2 1
cam_06 9169 2 1
cam_06 9181 1 2
cam_06 9165 1 4
cam_06 9184 2 1
cam_06 9196 2 4
cam_06 9207 1 1
cam_06 9178 2 1
cam_06 9229 2 1
cam_06 9304 2 4
cam_06 9253 1 4
cam_06 9330 1 1
cam_06 9268 2 2
cam_06 9297 1 3
cam_06 9270 1 1
cam_06 9291 2 1
cam_06 9367 2 4
cam_06 9313 1 1
cam_06 9309 1 1
cam_06 9373 2 1
cam_06 9363 2 1
cam_06 9397 1 4
cam_06 9393 1 1
cam_06 9376 2 1
cam_06 9451 2 4
cam_06 9424 1 4
cam_06 985 1 1
cam_06 9406 1 4
cam_06 9418 1 2
cam_06 9456 1 4
cam_06 9439 1 4
cam_06 9510 2 1
cam_06 9466 1 1
cam_06 9685 2 1
cam_06 9453 1 1
cam_06 9511 1 4
cam_06 9463 1 1
cam_06 9465 1 1
cam_06 9484 1 1
cam_06 9501 1 1
cam_06 9490 2 1
cam_06 9501 2 1
cam_06 9532 2 1
cam_06 9598 2 2
cam_06 9580 2 1
cam_06 9625 1 2
cam_06 9618 2 1
cam_06 9592 2 1
cam_06 9615 2 2
cam_06 9606 2 1
cam_06 9633 1 1
cam_06 9685 2 4
cam_06 9813 1 1
cam_06 9679 2 2
cam_06 9640 2 4
cam_06 9685 2 4
cam_06 9661 2 1
cam_06 981 2 1
cam_06 9676 2 1
cam_06 9805 2 4
cam_06 9685 2 4
cam_06 9784 2 4
cam_06 9706 2 4
cam_06 9840 1 1
cam_06 9730 1 1
cam_06 9804 2 2
cam_06 9940 2 4
cam_06 9840 1 1
cam_06 9856 1 2
cam_06 9936 2 1
cam_06 9841 2 1
cam_06 9963 2 4
cam_06 9859 2 1
cam_06 9852 2 1
cam_06 9912 1 1
cam_06 9873 2 1
cam_06 9915 2 1
cam_06 9930 2 1
cam_06 10120 2 4
cam_06 9961 2 3
cam_06 9924 2 1
cam_06 9960 2 1
cam_06 9973 1 1
cam_06 9975 2 1
cam_06 1044 1 1
cam_06 9982 2 1
cam_06 9990 2 2
cam_06 10014 1 1
cam_06 10023 1 2
cam_06 10023 1 1
cam_06 10011 2 2
cam_06 10000 2 1
cam_06 10060 2 4
cam_06 10030 1 1
cam_06 10021 2 2
cam_06 10071 1 4
cam_06 10029 1 1
cam_06 10017 2 1
cam_06 10018 2 1
cam_06 10023 1 1
cam_06 10005 2 2
cam_06 10072 1 3
cam_06 10072 2 1
cam_06 10035 2 2
cam_06 10120 2 4
cam_06 10048 2 4
cam_06 1014 2 1
cam_06 10110 1 4
cam_06 1050 2 1
cam_06 10092 1 1
cam_06 10117 2 1
cam_06 1038 1 1
cam_06 10222 2 4
cam_06 10132 1 4
cam_06 1015 1 1
cam_06 10137 1 1
cam_06 10155 1 2
cam_06 10414 2 1
cam_06 10167 1 2
cam_06 10161 2 1
cam_06 10152 1 1
cam_06 10180 1 1
cam_06 10174 1 1
cam_06 10153 1 1
cam_06 10176 1 1
cam_06 10197 1 1
cam_06 10179 1 1
cam_06 10173 1 1
cam_06 1028 2 1
cam_06 10170 1 1
cam_06 10246 1 4
cam_06 10209 2 1
cam_06 10240 1 4
cam_06 10228 1 2
cam_06 10222 2 1
cam_06 10284 1 1
cam_06 10211 2 1
cam_06 10242 2 1
cam_06 10245 2 1
cam_06 10287 2 1
cam_06 10458 1 1
cam_06 10267 1 2
cam_06 10276 1 2
cam_06 10294 2 1
cam_06 10327 2 1
cam_06 10368 1 4
cam_06 10356 1 1
cam_06 10354 1 2
cam_06 10420 2 4
cam_06 10320 1 4
cam_06 10362 2 2
cam_06 1050 1 1
cam_06 10380 1 1
cam_06 10407 1 4
cam_06 10356 1 1
cam_06 10387 1 1
cam_06 10350 2 1
cam_06 10401 2 2
cam_06 1057 1 4
cam_06 1111 2 1
cam_06 10398 2 1
cam_06 10449 1 4
cam_06 10608 2 1
cam_06 10423 2 1
cam_06 10491 1 1
cam_06 10440 2 4
cam_06 10474 2 1
cam_06 10506 1 1
cam_06 10512 2 1
cam_06 10486 2 1
cam_06 10543 2 1
cam_06 10527 1 1
cam_06 10525 1 1
cam_06 10548 1 1
cam_06 10542 1 1
cam_06 10584 2 1
cam_06 10557 1 1
cam_06 10600 1 4
cam_06 10623 1 4
cam_06 1050 1 1
cam_06 10644 2 1
cam_06 10677 2 3
cam_06 10669 1 1
cam_06 114 1 4
cam_06 10800 1 1
cam_06 10671 2 2
cam_06 10686 2 1
cam_06 10686 2 1
cam_06 10686 2 3
cam_06 10686 2 3
cam_06 10678 2 1
cam_06 1045 2 1
cam_06 10686 2 1
cam_06 1099 1 4
cam_06 10692 2 1
cam_06 10701 1 1
cam_06 10702 2 1
cam_06 10767 2 4
cam_06 10702 2 1
cam_06 10723 1 2
cam_06 10728 2 1
cam_06 10716 2 1
cam_06 10729 2 1
cam_06 10755 2 1
cam_06 10798 2 4
cam_06 1087 1 1
cam_06 10800 2 2
cam_06 10800 2 1
cam_06 10863 1 1
cam_06 10837 2 1
cam_06 10869 2 4
cam_06 10851 2 4
cam_06 10867 2 1
cam_06 10857 1 1
cam_06 10864 1 1
cam_06 10867 2 1
cam_06 11106 2 4
cam_06 10911 2 1
cam_06 10924 1 4
cam_06 10957 1 1
cam_06 10896 2 1
cam_06 10885 2 1
cam_06 1116 2 3
cam_06 11385 2 1
cam_06 10897 1 1
cam_06 10903 1 2
cam_06 10917 1 1
cam_06 10944 1 4
cam_06 10936 2 1
cam_06 10923 2 1
cam_06 10959 1 1
cam_06 10941 1 1
cam_06 10927 2 1
cam_06 10962 2 4
cam_06 112 2 1
cam_06 10959 2 1
cam_06 10959 2 1
cam_06 10959 2 4
cam_06 10999 2 1
cam_06 11002 2 2
cam_06 10974 1 4
cam_06 10984 1 4
cam_06 11028 2 2
cam_06 11151 1 1
cam_06 1116 2 1
cam_06 11013 2 1
cam_06 11011 1 4
cam_06 11007 2 1
cam_06 11037 2 1
cam_06 11068 2 4
cam_06 11044 2 1
cam_06 11037 2 1
cam_06 11034 2 1
cam_06 11040 2 1
cam_06 11068 2 1
cam_06 11064 2 1
cam_06 11065 2 4
cam_06 11065 2 4
cam_06 11068 2 1
cam_06 11071 2 1
cam_06 11082 2 4
cam_06 11082 2 4
cam_06 11082 2 1
cam_06 11095 2 1
cam_06 11095 2 4
cam_06 11095 2 1
cam_06 11107 2 4
cam_06 11107 2 1
cam_06 11107 2 1
cam_06 11382 1 1
cam_06 11145 1 1
cam_06 11124 2 1
cam_06 11124 1 4
cam_06 11119 2 1
cam_06 11139 2 2
cam_06 11217 2 1
cam_06 11173 2 2
cam_06 102 1 1
cam_06 11176 2 1
cam_06 11190 2 2
cam_06 1128 1 4
cam_06 11268 2 4
cam_06 11193 1 1
cam_06 11194 2 2
cam_06 11194 2 1
cam_06 11197 2 1
cam_06 11197 2 1
cam_06 1107 2 1
cam_06 11233 2 1
cam_06 11230 1 1
cam_06 11241 2 1
cam_06 11223 1 1
cam_06 11268 2 1
cam_06 11280 2 4
cam_06 11271 2 1
cam_06 11268 2 1
cam_06 11268 2 1
cam_06 11277 2 1
cam_06 11308 2 4
cam_06 11346 2 4
cam_06 11284 2 1
cam_06 11284 2 1
cam_06 11338 2 4
cam_06 11310 2 1
cam_06 11349 2 1
cam_06 11301 2 1
cam_06 11293 2 1
cam_06 11296 2 1
cam_06 11388 2 1
cam_06 11315 2 2
cam_06 11343 2 2
cam_06 11323 2 1
cam_06 11382 1 2
cam_06 11343 1 1
cam_06 11334 1 1
cam_06 11326 2 1
cam_06 11343 2 1
cam_06 11334 2 1
cam_06 1138 1 1
cam_06 1117 2 1
cam_06 11350 2 4
cam_06 11346 2 2
cam_06 11406 1 4
cam_06 11367 2 4
cam_06 11380 2 2
cam_06 11359 2 1
cam_06 11352 2 1
cam_06 11352 2 1
cam_06 138 2 1
cam_06 11382 2 1
cam_06 11452 2 4
cam_06 11391 2 2
cam_06 11425 2 2
cam_06 11415 1 1
cam_06 11434 1 3
