cam_18 18 1 1
cam_18 33 2 1
cam_18 1245 2 1
cam_18 11688 2 1
cam_18 11700 2 1
cam_18 11740 2 1
cam_18 11712 2 1
cam_18 11710 2 1
cam_18 11701 2 1
cam_18 1236 1 1
cam_18 11722 2 1
cam_18 11727 2 1
cam_18 11737 2 1
cam_18 11721 2 1
cam_18 11743 1 1
cam_18 1332 2 1
cam_18 11743 2 1
cam_18 11757 2 1
cam_18 11755 1 1
cam_18 11755 2 1
cam_18 11775 2 1
cam_18 1260 1 1
cam_18 11769 2 1
cam_18 11775 1 1
cam_18 11790 2 1
cam_18 11773 2 1
cam_18 11787 2 1
cam_18 11794 2 1
cam_18 11802 2 1
cam_18 11811 2 1
cam_18 11826 2 1
cam_18 11865 1 1
cam_18 11845 2 2
cam_18 11826 2 1
cam_18 11812 2 1
cam_18 11835 2 1
cam_18 11865 2 1
cam_18 11839 2 1
cam_18 11856 2 1
cam_18 11886 2 1
cam_18 11923 2 1
cam_18 11932 2 1
cam_18 12012 1 1
cam_18 11992 2 1
cam_18 12037 2 1
cam_18 12048 2 1
cam_18 12066 2 1
cam_18 12085 1 1
cam_18 12076 2 1
cam_18 12108 2 1
cam_18 12135 2 1
cam_18 204 1 1
cam_18 12097 2 1
cam_18 12111 2 1
cam_18 12126 2 1
cam_18 12156 1 1
cam_18 12142 2 1
cam_18 12171 2 1
cam_18 12181 1 1
cam_18 12187 2 1
cam_18 12201 2 1
cam_18 12213 2 1
cam_18 12249 2 1
cam_18 12268 2 1
cam_18 12274 2 1
cam_18 12286 2 1
cam_18 12286 2 1
cam_18 12304 2 1
cam_18 12292 2 1
cam_18 12307 2 1
cam_18 12324 2 1
cam_18 12321 2 1
cam_18 12337 2 1
cam_18 12325 2 1
cam_18 12342 2 1
cam_18 12342 2 1
cam_18 12357 2 1
cam_18 12364 2 1
cam_18 12366 2 1
cam_18 12385 2 1
cam_18 12396 1 1
cam_18 12385 2 1
cam_18 1414 2 1
cam_18 12385 2 1
cam_18 1321 2 1
cam_18 12403 1 1
cam_18 12402 2 1
cam_18 1435 2 1
cam_18 12400 1 1
cam_18 12415 2 1
cam_18 12430 1 1
cam_18 12420 2 1
cam_18 12442 1 2
cam_18 12433 2 1
cam_18 12433 2 1
cam_18 12448 2 1
cam_18 12429 2 1
cam_18 12448 2 1
cam_18 12447 2 1
cam_18 12583 1 1
cam_18 12459 2 1
cam_18 12463 2 1
cam_18 12468 2 1
cam_18 12486 2 1
cam_18 1311 1 1
cam_18 12480 2 1
cam_18 12496 2 1
cam_18 12501 2 1
cam_18 12493 2 1
cam_18 12526 2 1
cam_18 12558 2 1
cam_18 12606 1 2
cam_18 12601 2 1
cam_18 12609 2 1
cam_18 12613 2 1
cam_18 12619 2 1
cam_18 12622 2 1
cam_18 12657 2 1
cam_18 12676 2 1
cam_18 12793 1 1
cam_18 12690 2 1
cam_18 12702 2 1
cam_18 12726 1 1
cam_18 1354 2 1
cam_18 12745 1 1
cam_18 12744 2 1
cam_18 12757 1 1
cam_18 12783 2 1
cam_18 12759 2 1
cam_18 12805 1 1
cam_18 12811 1 1
cam_18 12810 2 1
cam_18 12825 2 1
cam_18 1374 2 1
cam_18 12823 2 1
cam_18 12841 2 1
cam_18 12828 2 1
cam_18 12832 2 1
cam_18 1350 2 1
cam_18 12853 2 1
cam_18 12841 2 1
cam_18 12870 2 1
cam_18 12888 2 1
cam_18 12880 1 1
cam_18 12873 2 1
cam_18 12879 2 1
cam_18 12886 2 1
cam_18 1386 2 1
cam_18 12906 2 1
cam_18 12880 2 1
cam_18 12937 2 1
cam_18 12918 2 1
cam_18 12964 2 1
cam_18 12984 2 1
cam_18 12981 2 1
cam_18 12990 1 1
cam_18 13000 2 1
cam_18 13102 2 1
cam_18 13044 2 1
cam_18 1552 1 1
cam_18 13075 2 1
cam_18 1402 2 1
cam_18 13086 2 1
cam_18 13096 2 1
cam_18 13134 1 1
cam_18 13132 2 1
cam_18 13372 2 1
cam_18 13131 2 1
cam_18 13153 2 1
cam_18 13138 2 1
cam_18 13155 2 1
cam_18 13161 2 1
cam_18 1498 2 1
cam_18 13170 2 1
cam_18 13276 1 1
cam_18 13197 2 1
cam_18 13161 2 1
cam_18 207 2 1
cam_18 1413 2 1
cam_18 13180 2 1
cam_18 13179 2 1
cam_18 13210 2 1
cam_18 13192 2 1
cam_18 13335 2 1
cam_18 13209 2 1
cam_18 13203 1 1
cam_18 13216 2 1
cam_18 13212 2 1
cam_18 13359 1 1
cam_18 13248 1 1
cam_18 13243 2 1
cam_18 13306 2 1
cam_18 13290 2 1
cam_18 13333 2 1
cam_18 13312 2 1
cam_18 13407 1 1
cam_18 13339 1 1
cam_18 13342 2 1
cam_18 13371 2 1
cam_18 13375 2 1
cam_18 13380 2 1
cam_18 13396 2 1
cam_18 13399 2 1
cam_18 13425 2 1
cam_18 13408 2 1
cam_18 13413 2 1
cam_18 13435 1 1
cam_18 13422 2 1
cam_18 13426 2 1
cam_18 13447 1 1
cam_18 13441 2 1
cam_18 13485 1 2
cam_18 13458 2 1
cam_18 13483 2 1
cam_18 13473 1 1
cam_18 13491 2 1
cam_18 13500 2 1
cam_18 13500 2 1
cam_18 1483 2 1
cam_18 1483 2 1
cam_18 1501 2 1
cam_18 1495 1 1
cam_18 203 2 1
cam_18 1491 2 1
cam_18 1521 2 1
cam_18 1518 2 1
cam_18 1525 2 1
cam_18 1546 2 1
cam_18 1524 2 1
cam_18 217 1 1
cam_18 1531 2 1
cam_18 1539 2 1
cam_18 1558 1 1
cam_18 1555 2 1
cam_18 1579 2 1
cam_18 1575 2 1
cam_18 1626 1 1
cam_18 1554 2 1
cam_18 1575 2 1
cam_18 1591 2 1
cam_18 42 2 1
cam_18 1578 2 1
cam_18 1605 2 1
cam_18 1587 2 1
cam_18 1600 2 1
cam_18 1617 2 1
cam_18 1624 2 1
cam_18 208 2 1
cam_18 5380 2 1
cam_18 1636 2 1
cam_18 1647 2 1
cam_18 226 2 1
cam_18 1639 2 1
cam_18 1659 2 1
cam_18 1692 1 1
cam_18 1668 2 1
cam_18 1698 1 1
cam_18 1698 1 1
cam_18 1687 2 1
cam_18 219 1 1
cam_18 1690 2 1
cam_18 1702 2 1
cam_18 1714 2 1
cam_18 1722 2 1
cam_18 1726 2 1
cam_18 1753 2 1
cam_18 1759 1 1
cam_18 1767 2 1
cam_18 1752 2 1
cam_18 1768 2 1
cam_18 214 2 1
cam_18 1789 2 1
cam_18 1779 2 1
cam_18 1768 2 1
cam_18 1782 2 1
cam_18 1806 2 1
cam_18 1828 2 1
cam_18 1821 2 1
cam_18 1872 2 1
cam_18 1828 2 1
cam_18 1840 2 1
cam_18 1828 2 1
cam_18 1828 2 1
cam_18 1860 2 1
cam_18 1864 2 1
cam_18 1851 2 1
cam_18 1981 2 1
cam_18 1882 2 1
cam_18 1926 2 1
cam_18 1885 2 1
cam_18 1906 2 1
cam_18 1918 2 1
cam_18 1915 2 1
cam_18 223 1 1
cam_18 1929 2 1
cam_18 1948 2 1
cam_18 1927 2 1
cam_18 1974 2 1
cam_18 1956 1 1
cam_18 2001 1 1
cam_18 1968 2 1
cam_18 1983 1 1
cam_18 2010 2 1
cam_18 2011 1 1
cam_18 1999 2 1
cam_18 2041 2 1
cam_18 2070 2 1
cam_18 2116 2 1
cam_18 5623 2 1
cam_18 2109 2 1
cam_18 49 2 1
cam_18 2106 2 1
cam_18 2130 2 1
cam_18 2154 2 1
cam_18 234 2 1
cam_18 2116 2 1
cam_18 2118 2 1
cam_18 2119 2 1
cam_18 2136 2 1
cam_18 2139 2 1
cam_18 2145 2 1
cam_18 2163 2 1
cam_18 2199 2 1
cam_18 2181 2 1
cam_18 2167 2 1
cam_18 2211 2 1
cam_18 2227 2 1
cam_18 2197 2 1
cam_18 2214 2 1
cam_18 2227 2 1
cam_18 2244 2 1
cam_18 240 2 1
cam_18 2245 2 1
cam_18 2257 2 1
cam_18 249 2 1
cam_18 2269 2 1
cam_18 2275 2 1
cam_18 2287 2 1
cam_18 2316 2 1
cam_18 2299 2 1
cam_18 2322 2 1
cam_18 2538 1 1
cam_18 2304 2 1
cam_18 2313 2 1
cam_18 2475 2 1
cam_18 2338 2 1
cam_18 2331 2 1
cam_18 295 1 1
cam_18 2356 2 1
cam_18 2356 1 1
cam_18 246 1 1
cam_18 2379 2 1
cam_18 2380 2 1
cam_18 2413 2 1
cam_18 2389 2 1
cam_18 2416 2 1
cam_18 262 2 1
cam_18 2533 2 1
cam_18 2431 2 1
cam_18 2452 2 1
cam_18 2476 2 1
cam_18 2446 2 1
cam_18 2452 2 1
cam_18 2515 2 1
cam_18 2497 2 1
cam_18 2503 2 1
cam_18 2520 2 1
cam_18 2496 2 1
cam_18 2523 2 1
cam_18 2524 2 1
cam_18 2545 2 1
cam_18 2515 2 1
cam_18 2568 2 1
cam_18 2575 1 1
cam_18 2595 1 1
cam_18 2610 1 1
cam_18 2695 2 1
cam_18 2670 2 1
cam_18 2610 2 1
cam_18 2698 2 1
cam_18 82 2 1
cam_18 2715 2 1
cam_18 2698 2 1
cam_18 2734 2 1
cam_18 2718 2 1
cam_18 2749 2 1
cam_18 2868 1 1
cam_18 2784 2 1
cam_18 2754 2 1
cam_18 2761 2 1
cam_18 2775 2 1
cam_18 271 2 1
cam_18 2802 2 1
cam_18 2803 2 1
cam_18 2814 2 1
cam_18 2803 2 1
cam_18 328 2 1
cam_18 2854 1 1
cam_18 2844 1 1
cam_18 2889 1 1
cam_18 277 2 1
cam_18 2868 2 1
cam_18 2877 2 1
cam_18 2857 1 1
cam_18 2878 2 1
cam_18 2872 2 1
cam_18 2914 1 1
cam_18 2895 2 1
cam_18 2895 1 1
cam_18 2896 2 1
cam_18 307 1 1
cam_18 2911 2 1
cam_18 2886 2 1
cam_18 2925 2 1
cam_18 397 1 2
cam_18 2943 1 1
cam_18 2922 2 1
cam_18 2938 2 1
cam_18 2932 2 1
cam_18 2955 2 1
cam_18 283 1 1
cam_18 2986 2 1
cam_18 2973 2 1
cam_18 3004 2 1
cam_18 3039 2 1
cam_18 3024 2 1
cam_18 3022 2 1
cam_18 3042 2 1
cam_18 3070 2 1
cam_18 3075 2 1
cam_18 3052 2 1
cam_18 3159 2 1
cam_18 294 2 2
cam_18 3091 2 1
cam_18 3096 2 1
cam_18 3093 2 1
cam_18 3186 1 2
cam_18 3138 2 1
cam_18 336 2 1
cam_18 3328 1 1
cam_18 3202 2 1
cam_18 3225 2 1
cam_18 393 2 1
cam_18 3247 2 1
cam_18 3267 2 1
cam_18 3277 1 1
cam_18 3262 2 1
cam_18 3276 2 1
cam_18 3291 2 1
cam_18 3294 2 1
cam_18 3312 1 1
cam_18 3316 2 1
cam_18 3328 2 1
cam_18 3348 2 1
cam_18 3351 2 1
cam_18 354 2 1
cam_18 3378 2 1
cam_18 3412 1 1
cam_18 3406 2 1
cam_18 3423 1 1
cam_18 3454 2 1
cam_18 3424 2 1
cam_18 340 2 1
cam_18 3418 2 1
cam_18 3447 2 1
cam_18 3444 2 1
cam_18 3468 2 1
cam_18 3490 2 1
cam_18 3475 2 1
cam_18 3454 1 1
cam_18 3483 2 4
cam_18 3465 2 1
cam_18 3475 1 1
cam_18 3466 1 1
cam_18 3490 2 1
cam_18 3501 2 1
cam_18 3504 2 1
cam_18 93 1 1
cam_18 390 2 2
cam_18 3493 2 1
cam_18 3499 2 1
cam_18 3483 1 1
cam_18 3508 1 1
cam_18 3511 2 1
cam_18 3526 2 1
cam_18 3624 1 1
cam_18 3567 2 1
cam_18 361 2 1
cam_18 3577 1 1
cam_18 3573 2 1
cam_18 3564 2 1
cam_18 3568 2 1
cam_18 375 1 1
cam_18 3588 2 1
cam_18 3576 2 1
cam_18 3586 2 1
cam_18 3592 2 1
cam_18 3603 2 1
cam_18 378 1 1
cam_18 3616 2 1
cam_18 3633 2 1
cam_18 3628 2 1
cam_18 3640 1 1
cam_18 3612 2 1
cam_18 3660 1 1
cam_18 3660 2 1
cam_18 3651 2 1
cam_18 3654 2 1
cam_18 3645 2 1
cam_18 3643 2 1
cam_18 3670 2 1
cam_18 3703 2 1
cam_18 3657 2 1
cam_18 3693 2 1
cam_18 3680 2 1
cam_18 3661 2 1
cam_18 3705 1 1
cam_18 3709 2 1
cam_18 3726 2 1
cam_18 385 1 1
cam_18 3693 2 1
cam_18 3708 2 1
cam_18 3724 2 1
cam_18 3735 2 1
cam_18 3762 2 1
cam_18 3793 2 1
cam_18 384 2 1
cam_18 3774 2 1
cam_18 3805 2 1
cam_18 3829 2 1
cam_18 3873 2 1
cam_18 397 1 1
cam_18 3876 2 2
cam_18 3891 2 1
cam_18 3972 2 1
cam_18 3893 2 1
cam_18 3912 2 1
cam_18 3924 1 1
cam_18 3930 1 1
cam_18 3912 2 1
cam_18 99 2 1
cam_18 3919 2 1
cam_18 3945 2 1
cam_18 3940 2 1
cam_18 3943 2 1
cam_18 3961 2 1
cam_18 3979 1 1
cam_18 3963 1 1
cam_18 3973 2 1
cam_18 3976 2 1
cam_18 3988 2 1
cam_18 3976 2 1
cam_18 3984 2 1
cam_18 3987 2 1
cam_18 4002 2 1
cam_18 3996 2 1
cam_18 403 2 1
cam_18 4011 2 1
cam_18 4014 2 1
cam_18 4036 2 1
cam_18 4134 1 1
cam_18 4042 2 1
cam_18 400 2 1
cam_18 4053 2 1
cam_18 4054 2 1
cam_18 4081 2 1
cam_18 4078 2 1
cam_18 4069 2 1
cam_18 415 2 1
cam_18 4081 2 1
cam_18 4096 2 1
cam_18 4113 2 1
cam_18 4119 2 1
cam_18 4108 2 1
cam_18 4165 2 1
cam_18 4131 2 1
cam_18 4138 2 1
cam_18 4171 2 1
cam_18 4189 2 1
cam_18 4191 1 1
cam_18 4203 2 1
cam_18 4194 2 1
cam_18 4209 2 1
cam_18 4194 2 1
cam_18 4209 2 1
cam_18 4233 1 1
cam_18 4227 2 1
cam_18 4222 2 1
cam_18 4234 2 1
cam_18 430 2 1
cam_18 4246 2 1
cam_18 4272 1 1
cam_18 4266 2 1
cam_18 4282 2 1
cam_18 4278 2 1
cam_18 4366 2 1
cam_18 4299 1 1
cam_18 4305 2 1
cam_18 4290 2 1
cam_18 4293 1 1
cam_18 4293 2 1
cam_18 4308 1 1
cam_18 4308 2 1
cam_18 4311 2 1
cam_18 4329 2 1
cam_18 4315 2 1
cam_18 4341 2 1
cam_18 409 2 1
cam_18 4357 2 1
cam_18 4362 2 1
cam_18 4350 1 1
cam_18 4392 2 1
cam_18 4425 2 1
cam_18 4389 2 1
cam_18 435 2 1
cam_18 4408 2 1
cam_18 4405 2 1
cam_18 451 2 1
cam_18 4413 2 1
cam_18 4387 2 1
cam_18 4390 2 1
cam_18 4399 2 1
cam_18 496 1 1
cam_18 4422 2 1
cam_18 4542 1 1
cam_18 4440 2 1
cam_18 4458 2 1
cam_18 4446 2 1
cam_18 4479 1 1
cam_18 4471 2 1
cam_18 4486 2 1
cam_18 4510 1 2
cam_18 4500 2 1
cam_18 4498 1 1
cam_18 4489 1 1
cam_18 4504 2 1
cam_18 466 2 1
cam_18 4542 1 1
cam_18 4522 2 1
cam_18 4558 2 2
cam_18 4518 2 1
cam_18 4537 2 1
cam_18 4537 2 1
cam_18 4588 1 1
cam_18 4560 2 1
cam_18 4575 2 1
cam_18 4597 2 1
cam_18 4620 2 1
cam_18 4578 1 1
cam_18 4596 2 1
cam_18 4633 2 1
cam_18 4632 2 1
cam_18 4615 2 1
cam_18 4665 2 1
cam_18 4648 1 1
cam_18 465 2 1
cam_18 472 2 1
cam_18 461 2 1
cam_18 4684 2 1
cam_18 4714 2 1
cam_18 4708 1 1
cam_18 4710 2 1
cam_18 525 2 4
cam_18 4722 2 1
cam_18 4738 2 1
cam_18 4768 1 1
cam_18 4753 2 1
cam_18 4812 2 1
cam_18 4791 2 1
cam_18 4800 2 1
cam_18 4797 2 1
cam_18 4824 2 1
cam_18 490 2 1
cam_18 4839 2 1
cam_18 4825 2 1
cam_18 487 2 1
cam_18 4834 2 1
cam_18 4849 2 1
cam_18 4842 2 1
cam_18 505 2 1
cam_18 4858 2 1
cam_18 4867 2 1
cam_18 4870 2 1
cam_18 4876 2 1
cam_18 4888 2 1
cam_18 4887 2 1
cam_18 4900 2 1
cam_18 512 2 1
cam_18 4915 2 1
cam_18 531 2 1
cam_18 4923 2 1
cam_18 4932 2 1
cam_18 4935 2 1
cam_18 4945 2 1
cam_18 4983 2 1
cam_18 4984 2 1
cam_18 5029 2 1
cam_18 516 2 1
cam_18 5020 2 1
cam_18 4996 2 1
cam_18 5080 2 1
cam_18 534 2 1
cam_18 5029 2 1
cam_18 5061 2 1
cam_18 5040 2 1
cam_18 5031 1 1
cam_18 547 1 1
cam_18 5163 2 1
cam_18 544 2 1
cam_18 5091 2 1
cam_18 5079 2 1
cam_18 5089 2 1
cam_18 5091 2 1
cam_18 550 2 1
cam_18 5094 2 1
cam_18 547 1 1
cam_18 5113 2 1
cam_18 5136 2 1
cam_18 5194 1 1
cam_18 5253 1 1
cam_18 5173 2 1
cam_18 5187 2 1
cam_18 5194 2 1
cam_18 562 1 1
cam_18 559 2 1
cam_18 5238 2 1
cam_18 144 1 1
cam_18 5316 2 2
cam_18 5274 2 1
cam_18 5286 1 1
cam_18 5332 1 1
cam_18 5321 2 1
cam_18 5343 1 1
cam_18 5361 2 1
cam_18 5400 2 1
cam_18 5392 2 1
cam_18 5401 2 1
cam_18 5410 2 1
cam_18 558 2 1
cam_18 5419 2 1
cam_18 5431 1 1
cam_18 5425 2 1
cam_18 573 2 1
cam_18 5431 2 1
cam_18 5436 2 1
cam_18 5434 2 1
cam_18 5443 2 1
cam_18 5451 2 1
cam_18 5470 1 1
cam_18 5482 2 1
cam_18 5484 1 1
cam_18 5463 2 1
cam_18 603 2 1
cam_18 5494 2 1
cam_18 5481 2 1
cam_18 5496 2 1
cam_18 5536 1 1
cam_18 5488 2 1
cam_18 622 2 1
cam_18 5524 2 1
cam_18 5526 2 1
cam_18 5536 2 1
cam_18 5548 2 1
cam_18 5562 2 1
cam_18 621 1 1
cam_18 5590 2 1
cam_18 5565 2 1
cam_18 5580 2 1
cam_18 5659 2 4
cam_18 5602 2 1
cam_18 5619 2 1
cam_18 5634 2 1
cam_18 586 2 1
cam_18 5647 2 1
cam_18 5763 1 1
cam_18 5725 2 1
cam_18 5758 1 1
cam_18 5707 2 1
cam_18 136 2 1
cam_18 5740 2 1
cam_18 5754 2 1
cam_18 5779 2 1
cam_18 5773 1 1
cam_18 5770 2 1
cam_18 5806 2 1
cam_18 5820 2 1
cam_18 5844 2 1
cam_18 610 2 1
cam_18 5841 2 1
cam_18 5841 2 1
cam_18 5857 2 1
cam_18 628 2 1
cam_18 5926 1 1
cam_18 5883 2 1
cam_18 5947 1 1
cam_18 5944 2 1
cam_18 5898 2 1
cam_18 5904 2 1
cam_18 5899 2 1
cam_18 5932 2 1
cam_18 5928 2 1
cam_18 5940 1 1
cam_18 645 2 1
cam_18 5938 2 1
cam_18 5968 2 1
cam_18 5961 2 1
cam_18 5970 2 1
cam_18 654 2 1
cam_18 5968 2 1
cam_18 5962 1 1
cam_18 5983 2 1
cam_18 5986 2 1
cam_18 6033 1 2
cam_18 772 1 1
cam_18 6079 1 1
cam_18 6060 1 1
cam_18 6076 2 4
cam_18 6082 2 1
cam_18 672 2 1
cam_18 6087 2 1
cam_18 6073 2 1
cam_18 6084 2 1
cam_18 6091 2 1
cam_18 6103 2 1
cam_18 787 2 1
cam_18 6103 2 1
cam_18 6121 1 1
cam_18 6151 1 2
cam_18 6124 2 1
cam_18 6111 2 1
cam_18 6124 2 1
cam_18 6103 2 1
cam_18 6180 1 1
cam_18 6127 2 1
cam_18 6132 2 1
cam_18 6129 2 1
cam_18 6139 2 1
cam_18 6128 2 4
cam_18 6144 2 1
cam_18 6153 2 1
cam_18 6153 2 1
cam_18 6171 2 1
cam_18 6189 1 1
cam_18 6162 2 1
cam_18 6169 2 1
cam_18 6234 2 1
cam_18 6195 2 3
cam_18 6196 2 1
cam_18 6184 2 1
cam_18 6223 2 2
cam_18 6202 2 1
cam_18 705 2 1
cam_18 6202 2 1
cam_18 6225 2 1
cam_18 6210 2 1
cam_18 718 2 1
cam_18 6204 2 1
cam_18 6222 1 1
cam_18 6219 2 1
cam_18 6228 2 1
cam_18 6199 1 3
cam_18 6223 1 1
cam_18 6237 2 1
cam_18 6270 1 1
cam_18 6238 1 1
cam_18 729 2 1
cam_18 6247 2 1
cam_18 6273 2 1
cam_18 6275 2 1
cam_18 6258 1 1
cam_18 6387 2 1
cam_18 6286 1 1
cam_18 6306 2 1
cam_18 6304 2 1
cam_18 6292 1 1
cam_18 6307 1 1
cam_18 6301 2 1
cam_18 760 1 1
cam_18 6319 2 1
cam_18 6342 2 1
cam_18 6334 2 1
cam_18 6348 1 1
cam_18 6343 2 1
cam_18 6346 2 1
cam_18 6340 1 1
cam_18 6370 2 1
cam_18 6397 1 1
cam_18 6369 2 1
cam_18 6378 2 1
cam_18 6426 1 1
cam_18 6424 2 1
cam_18 6462 2 1
cam_18 6462 2 1
cam_18 6463 2 1
cam_18 6471 2 1
cam_18 6466 2 1
cam_18 6484 2 1
cam_18 6486 2 1
cam_18 6502 2 1
cam_18 6505 2 1
cam_18 6507 2 1
cam_18 6517 2 1
cam_18 6528 2 1
cam_18 6538 2 1
cam_18 6565 2 1
cam_18 6564 2 1
cam_18 780 2 1
cam_18 6571 2 1
cam_18 6592 2 1
cam_18 6609 1 1
cam_18 760 2 1
cam_18 6637 2 1
cam_18 6648 2 1
cam_18 6639 2 1
cam_18 6630 2 1
cam_18 6643 2 1
cam_18 6660 2 1
cam_18 6660 2 1
cam_18 6663 2 1
cam_18 6667 2 1
cam_18 6673 2 1
cam_18 6685 2 1
cam_18 6694 2 1
cam_18 6685 2 1
cam_18 6699 2 1
cam_18 6685 2 1
cam_18 6723 2 1
cam_18 6726 2 4
cam_18 6733 2 1
cam_18 6733 2 1
cam_18 6736 2 1
cam_18 6723 2 1
cam_18 6754 2 1
cam_18 6751 2 1
cam_18 6745 2 1
cam_18 6732 2 1
cam_18 6771 2 1
cam_18 6765 2 1
cam_18 6793 2 1
cam_18 6795 2 1
cam_18 778 2 1
cam_18 6790 2 1
cam_18 6778 2 1
cam_18 6799 2 1
cam_18 6814 2 1
cam_18 6931 2 1
cam_18 6819 2 1
cam_18 6882 1 1
cam_18 6829 2 1
cam_18 6816 1 1
cam_18 6847 2 1
cam_18 6858 2 1
cam_18 6865 2 1
cam_18 6900 1 1
cam_18 6885 2 1
cam_18 6877 2 1
cam_18 6862 2 1
cam_18 813 1 1
cam_18 6903 1 1
cam_18 6898 2 1
cam_18 789 2 1
cam_18 6907 2 1
cam_18 6894 2 1
cam_18 821 1 1
cam_18 6900 2 1
cam_18 6925 1 1
cam_18 6912 2 1
cam_18 6990 2 1
cam_18 6930 2 1
cam_18 6940 2 1
cam_18 6954 2 1
cam_18 6973 2 1
cam_18 6993 2 1
cam_18 7063 2 1
cam_18 6993 2 1
cam_18 822 1 1
cam_18 7005 2 1
cam_18 7003 2 1
cam_18 7023 2 1
cam_18 7081 1 2
cam_18 7047 2 1
cam_18 7084 1 1
cam_18 7078 2 1
cam_18 7116 1 2
cam_18 7089 2 1
cam_18 7089 2 1
cam_18 7093 1 1
cam_18 7093 2 1
cam_18 802 2 1
cam_18 7126 1 1
cam_18 7113 2 1
cam_18 7116 2 1
cam_18 7131 1 1
cam_18 7135 2 1
cam_18 7140 2 1
cam_18 7158 2 1
cam_18 7159 2 1
cam_18 7196 1 1
cam_18 7198 1 1
cam_18 7189 2 1
cam_18 7194 2 1
cam_18 7203 2 1
cam_18 7207 2 1
cam_18 7208 2 1
cam_18 7219 2 1
cam_18 7225 2 1
cam_18 7233 2 1
cam_18 7236 2 1
cam_18 7266 1 1
cam_18 825 2 1
cam_18 7285 2 1
cam_18 7317 2 1
cam_18 7315 2 1
cam_18 7326 2 1
cam_18 7323 2 1
cam_18 7329 2 1
cam_18 7344 2 1
cam_18 7342 2 1
cam_18 849 2 1
cam_18 7360 2 1
cam_18 7357 2 1
cam_18 7368 2 1
cam_18 7386 2 1
cam_18 7384 2 1
cam_18 7390 2 1
cam_18 7404 2 1
cam_18 7384 2 1
cam_18 7391 2 1
cam_18 7410 2 1
cam_18 7423 2 1
cam_18 7441 2 1
cam_18 7455 2 1
cam_18 7474 1 1
cam_18 7467 2 1
cam_18 882 2 1
cam_18 7452 2 1
cam_18 7507 2 1
cam_18 7548 2 1
cam_18 7551 2 1
cam_18 7575 2 1
cam_18 7582 2 1
cam_18 7585 2 1
cam_18 7605 2 1
cam_18 7602 2 1
cam_18 7598 2 1
cam_18 904 2 1
cam_18 166 2 1
cam_18 7645 2 1
cam_18 7878 1 1
cam_18 7669 1 1
cam_18 7719 2 1
cam_18 913 2 1
cam_18 7722 2 1
cam_18 7737 1 1
cam_18 7734 2 1
cam_18 7741 2 1
cam_18 7773 1 2
cam_18 7761 1 1
cam_18 7758 2 1
cam_18 7792 1 2
cam_18 7788 2 1
cam_18 7864 1 1
cam_18 7807 2 1
cam_18 7813 2 1
cam_18 922 2 1
cam_18 7828 2 1
cam_18 936 2 1
cam_18 7863 1 1
cam_18 7855 2 1
cam_18 7869 2 1
cam_18 7867 2 1
cam_18 7884 2 1
cam_18 7872 2 1
cam_18 7896 2 1
cam_18 7948 1 2
cam_18 7920 2 1
cam_18 7962 1 2
cam_18 7929 2 1
cam_18 7951 2 1
cam_18 7953 2 1
cam_18 7930 2 1
cam_18 7963 2 1
cam_18 7963 2 1
cam_18 7981 1 1
cam_18 7974 2 1
cam_18 7981 2 1
cam_18 7999 2 1
cam_18 7993 1 1
cam_18 7977 2 1
cam_18 8001 2 1
cam_18 8034 2 1
cam_18 8026 2 1
cam_18 8068 2 1
cam_18 8038 2 1
cam_18 8047 2 1
cam_18 8086 2 1
cam_18 8058 2 1
cam_18 8101 2 1
cam_18 8071 2 1
cam_18 8086 2 1
cam_18 8101 2 1
cam_18 927 2 1
cam_18 8116 2 1
cam_18 8119 2 1
cam_18 8130 2 1
cam_18 8154 1 2
cam_18 8208 1 1
cam_18 8164 1 1
cam_18 8194 2 1
cam_18 8184 2 1
cam_18 937 2 1
cam_18 8205 2 1
cam_18 8269 1 1
cam_18 8284 2 1
cam_18 8302 2 1
cam_18 8311 2 1
cam_18 8320 2 1
cam_18 8331 2 1
cam_18 8350 1 1
cam_18 8343 2 1
cam_18 8347 2 1
cam_18 8379 2 1
cam_18 8377 2 1
cam_18 8410 1 1
cam_18 8407 2 1
cam_18 8419 2 1
cam_18 8419 2 1
cam_18 946 2 1
cam_18 8400 2 1
cam_18 8448 2 1
cam_18 8443 1 1
cam_18 8431 2 1
cam_18 8449 2 1
cam_18 8445 2 1
cam_18 8452 2 1
cam_18 30 1 1
cam_18 957 2 1
cam_18 8467 2 1
cam_18 8458 2 1
cam_18 8467 2 1
cam_18 8485 2 1
cam_18 8478 2 1
cam_18 8499 2 1
cam_18 8532 1 1
cam_18 975 2 1
cam_18 8508 2 1
cam_18 8526 2 1
cam_18 8529 2 1
cam_18 8547 2 1
cam_18 8547 2 1
cam_18 8553 2 1
cam_18 8574 2 1
cam_18 8566 1 1
cam_18 8572 2 1
cam_18 8587 2 1
cam_18 8592 2 1
cam_18 8587 2 1
cam_18 8595 2 1
cam_18 8584 1 1
cam_18 8601 2 1
cam_18 8608 2 1
cam_18 8617 2 1
cam_18 8622 1 1
cam_18 8617 2 1
cam_18 8623 2 1
cam_18 8665 2 1
cam_18 8625 2 1
cam_18 8635 2 1
cam_18 8638 2 1
cam_18 8653 1 1
cam_18 8629 2 1
cam_18 8656 2 1
cam_18 8640 2 1
cam_18 8658 2 1
cam_18 8643 2 1
cam_18 8652 2 1
cam_18 8674 2 1
cam_18 8665 2 1
cam_18 8667 2 1
cam_18 8677 2 1
cam_18 8671 2 1
cam_18 8695 2 1
cam_18 8742 2 1
cam_18 8706 2 1
cam_18 8716 2 1
cam_18 8733 2 1
cam_18 8701 2 1
cam_18 8724 2 1
cam_18 8745 2 1
cam_18 8749 2 1
cam_18 8845 1 1
cam_18 8745 2 1
cam_18 8767 2 1
cam_18 8773 2 1
cam_18 144 2 1
cam_18 8778 2 1
cam_18 8787 2 1
cam_18 8815 2 1
cam_18 8812 2 1
cam_18 8827 2 1
cam_18 8854 2 1
cam_18 8961 1 1
cam_18 1017 2 1
cam_18 8905 1 1
cam_18 8905 2 1
cam_18 1111 2 1
cam_18 8926 2 1
cam_18 8970 2 1
cam_18 8982 2 1
cam_18 9037 2 1
cam_18 1039 2 1
cam_18 9027 2 1
cam_18 9040 2 1
cam_18 9057 2 1
cam_18 9094 2 1
cam_18 9058 2 1
cam_18 9069 2 1
cam_18 9102 2 2
cam_18 9160 1 1
cam_18 9106 2 1
cam_18 9108 2 1
cam_18 9123 2 1
cam_18 9136 2 1
cam_18 9469 2 1
cam_18 9147 2 1
cam_18 9154 2 1
cam_18 9168 2 1
cam_18 9178 2 1
cam_18 9201 1 1
cam_18 9199 2 1
cam_18 9195 2 1
cam_18 9208 2 1
cam_18 9207 2 1
cam_18 9229 2 1
cam_18 9379 2 1
cam_18 9219 2 1
cam_18 9256 2 1
cam_18 9240 2 1
cam_18 1062 2 1
cam_18 10207 1 1
cam_18 9244 2 1
cam_18 9262 1 1
cam_18 9267 2 1
cam_18 9291 2 1
cam_18 10219 1 1
cam_18 9289 2 1
cam_18 1077 2 1
cam_18 9285 2 1
cam_18 9306 2 1
cam_18 9303 2 1
cam_18 9291 2 1
cam_18 9307 2 1
cam_18 9321 1 1
cam_18 9316 2 1
cam_18 1078 2 1
cam_18 9298 2 1
cam_18 9310 2 1
cam_18 9331 2 1
cam_18 9325 2 1
cam_18 9334 2 1
cam_18 9357 2 1
cam_18 9354 2 1
cam_18 9373 2 1
cam_18 9369 2 1
cam_18 9390 2 1
cam_18 9367 2 1
cam_18 9411 2 1
cam_18 9411 2 1
cam_18 9417 1 1
cam_18 1098 2 1
cam_18 9405 2 1
cam_18 9442 2 1
cam_18 9435 1 1
cam_18 9463 2 1
cam_18 9486 2 1
cam_18 9474 2 1
cam_18 9538 2 1
cam_18 9520 2 1
cam_18 1111 2 1
cam_18 9477 2 1
cam_18 9493 2 1
cam_18 9490 2 1
cam_18 9558 1 1
cam_18 9559 2 1
cam_18 9642 2 1
cam_18 9586 2 1
cam_18 9691 2 1
cam_18 9661 2 1
cam_18 9633 2 1
cam_18 9627 2 1
cam_18 9646 2 1
cam_18 1107 2 1
cam_18 9655 2 1
cam_18 9714 2 1
cam_18 9684 2 1
cam_18 9667 2 1
cam_18 9670 2 1
cam_18 9709 2 1
cam_18 9691 2 1
cam_18 9714 2 1
cam_18 9714 2 1
cam_18 9742 1 1
cam_18 9738 2 1
cam_18 9765 1 2
cam_18 9738 2 1
cam_18 9751 2 1
cam_18 9759 2 1
cam_18 9745 2 1
cam_18 1116 2 1
cam_18 9771 2 1
cam_18 9780 2 1
cam_18 1129 2 1
cam_18 9787 2 1
cam_18 9798 2 1
cam_18 10069 2 1
cam_18 9856 2 1
cam_18 10030 2 1
cam_18 9811 2 1
cam_18 9826 2 1
cam_18 9825 2 1
cam_18 9862 2 1
cam_18 9832 2 1
cam_18 10060 2 1
cam_18 9871 2 1
cam_18 9865 2 1
cam_18 9870 2 1
cam_18 9876 2 1
cam_18 9883 2 1
cam_18 1134 1 1
cam_18 9879 2 1
cam_18 9903 2 1
cam_18 9966 2 1
cam_18 9912 1 1
cam_18 9912 2 1
cam_18 9930 2 1
cam_18 9919 2 1
cam_18 9934 2 1
cam_18 1138 2 1
cam_18 9955 2 1
cam_18 9969 2 1
cam_18 1126 2 1
cam_18 9970 2 1
cam_18 9972 2 1
cam_18 9984 1 1
cam_18 9973 1 1
cam_18 9987 2 1
cam_18 9988 2 1
cam_18 10009 2 1
cam_18 10024 2 1
cam_18 10014 2 1
cam_18 10056 2 1
cam_18 10062 1 1
cam_18 10063 2 1
cam_18 1183 1 1
cam_18 10078 2 1
cam_18 10068 2 1
cam_18 10080 2 1
cam_18 10095 2 1
cam_18 10084 1 1
cam_18 10111 2 1
cam_18 10098 2 1
cam_18 1152 2 1
cam_18 10143 2 1
cam_18 10180 2 1
cam_18 10179 2 1
cam_18 10180 2 1
cam_18 10191 2 1
cam_18 10195 2 1
cam_18 10209 2 1
cam_18 10227 2 1
cam_18 10248 1 1
cam_18 10215 2 1
cam_18 10224 1 1
cam_18 10266 1 1
cam_18 10290 2 1
cam_18 10305 2 1
cam_18 10305 2 1
cam_18 10311 2 1
cam_18 10318 2 1
cam_18 1153 2 1
cam_18 10329 2 1
cam_18 10339 2 1
cam_18 1180 2 1
cam_18 10359 2 1
cam_18 10338 2 1
cam_18 10351 2 1
cam_18 10387 2 1
cam_18 10375 2 1
cam_18 10377 2 1
cam_18 10380 2 1
cam_18 10390 2 1
cam_18 10404 2 1
cam_18 10438 2 1
cam_18 10396 2 1
cam_18 10408 2 1
cam_18 10420 2 1
cam_18 10414 2 1
cam_18 10408 2 1
cam_18 10435 2 1
cam_18 10429 2 1
cam_18 1183 2 1
cam_18 10440 2 1
cam_18 1164 2 1
cam_18 10455 2 1
cam_18 10480 2 1
cam_18 10462 2 1
cam_18 10484 2 1
cam_18 10462 2 1
cam_18 10494 2 1
cam_18 10486 1 1
cam_18 10510 2 1
cam_18 10519 2 1
cam_18 10509 2 1
cam_18 10515 2 1
cam_18 10537 2 1
cam_18 10527 2 1
cam_18 10536 2 1
cam_18 10519 2 1
cam_18 10558 2 1
cam_18 10539 2 1
cam_18 10630 2 1
cam_18 10563 2 1
cam_18 10566 2 1
cam_18 10569 2 1
cam_18 10578 2 1
cam_18 1182 2 1
cam_18 10585 2 1
cam_18 1159 2 1
cam_18 10603 2 1
cam_18 10627 2 1
cam_18 10645 2 1
cam_18 10654 2 1
cam_18 10669 2 1
cam_18 10681 1 1
cam_18 10686 2 1
cam_18 10683 2 1
cam_18 10705 2 1
cam_18 189 2 1
cam_18 1197 2 1
cam_18 10752 2 1
cam_18 10765 2 1
cam_18 1186 1 1
cam_18 10765 2 1
cam_18 10768 2 1
cam_18 10782 2 1
cam_18 10765 2 1
cam_18 10807 2 1
cam_18 10812 1 1
cam_18 10809 2 1
cam_18 165 2 1
cam_18 10833 2 1
cam_18 10828 2 1
cam_18 10849 2 1
cam_18 10858 2 1
cam_18 1207 2 1
cam_18 10849 2 1
cam_18 10864 2 1
cam_18 10882 1 1
cam_18 10855 2 1
cam_18 10867 2 1
cam_18 10878 2 1
cam_18 10884 1 1
cam_18 10888 2 1
cam_18 10897 2 1
cam_18 10914 2 1
cam_18 10900 2 1
cam_18 10911 2 1
cam_18 10947 1 1
cam_18 10939 2 1
cam_18 10953 1 1
cam_18 10963 2 1
cam_18 1182 2 1
cam_18 10960 2 1
cam_18 10951 2 1
cam_18 10966 2 1
cam_18 10989 2 1
cam_18 156 2 1
cam_18 10980 2 1
cam_18 10998 1 1
cam_18 1197 2 1
cam_18 10993 2 1
cam_18 11008 2 1
cam_18 11031 1 2
cam_18 11005 2 1
cam_18 11014 2 1
cam_18 1215 1 2
cam_18 11026 2 1
cam_18 11056 1 1
cam_18 11032 2 1
cam_18 11056 2 1
cam_18 11037 2 1
cam_18 11055 2 1
cam_18 11070 1 1
cam_18 11068 2 1
cam_18 11067 2 1
cam_18 11077 2 1
cam_18 11086 1 1
cam_18 11107 1 1
cam_18 11091 2 1
cam_18 11230 1 1
cam_18 11104 2 1
cam_18 1185 2 1
cam_18 11106 2 1
cam_18 11116 2 1
cam_18 11121 2 1
cam_18 11131 2 1
cam_18 11133 2 1
cam_18 11121 2 1
cam_18 11127 2 1
cam_18 11140 2 1
cam_18 11148 2 1
cam_18 11135 2 1
cam_18 11154 2 1
cam_18 11151 1 1
cam_18 11157 2 1
cam_18 11161 2 1
cam_18 11157 2 1
cam_18 11161 2 1
cam_18 11170 2 1
cam_18 11176 2 1
cam_18 11187 2 1
cam_18 11181 2 1
cam_18 11199 1 1
cam_18 11202 2 1
cam_18 11220 2 1
cam_18 11244 2 1
cam_18 11224 1 1
cam_18 11224 2 1
cam_18 11248 2 1
cam_18 11286 2 1
cam_18 11262 2 1
cam_18 11286 2 1
cam_18 11265 2 1
cam_18 11308 2 1
cam_18 11292 2 1
cam_18 11308 1 1
cam_18 11296 2 1
cam_18 11305 2 1
cam_18 11328 2 1
cam_18 1219 2 1
cam_18 11304 2 1
cam_18 11329 1 1
cam_18 1207 2 1
cam_18 11334 2 1
cam_18 11368 2 1
cam_18 11469 1 2
cam_18 11376 2 1
cam_18 11389 1 1
cam_18 11415 2 1
cam_18 11418 2 1
cam_18 11434 2 1
cam_18 11443 2 1
cam_18 11469 1 1
cam_18 11460 2 1
cam_18 11469 2 1
cam_18 11460 1 1
cam_18 1237 2 1
cam_18 11508 1 1
cam_18 11521 2 1
cam_18 11527 2 1
cam_18 11533 1 1
cam_18 11559 2 1
cam_18 1243 2 1
cam_18 11539 2 1
cam_18 1236 2 1
cam_18 11568 2 1
cam_18 11572 2 1
cam_18 11601 2 1
cam_18 11587 2 1
cam_18 11598 2 1
cam_18 183 2 1
cam_18 1270 1 2
cam_18 11611 2 1
cam_18 11595 2 1
cam_18 11602 2 1
cam_18 11614 2 1
cam_18 11650 1 1
cam_18 11626 2 1
cam_18 11623 2 1
cam_18 11638 2 1
cam_18 11638 2 1
cam_18 1246 1 1
cam_18 11656 2 1
cam_18 11665 2 1
