cam_03 27 1 1
cam_03 3084 2 1
cam_03 3264 2 2
cam_03 3207 2 3
cam_03 430 2 1
cam_03 3144 2 1
cam_03 3337 2 3
cam_03 3139 2 1
cam_03 3151 2 1
cam_03 3183 2 1
cam_03 3177 2 1
cam_03 3250 1 2
cam_03 3175 2 2
cam_03 3187 2 1
cam_03 3466 2 2
cam_03 3406 2 3
cam_03 3196 2 1
cam_03 3207 2 1
cam_03 3277 1 1
cam_03 3289 2 1
cam_03 3375 1 4
cam_03 3385 1 2
cam_03 3331 2 2
cam_03 3418 1 2
cam_03 3301 1 4
cam_03 3384 1 2
cam_03 3301 1 2
cam_03 3286 2 1
cam_03 3424 2 2
cam_03 3348 1 4
cam_03 3349 1 2
cam_03 3391 2 2
cam_03 3403 1 1
cam_03 3322 2 1
cam_03 3409 2 2
cam_03 3438 2 2
cam_03 3348 2 1
cam_03 3417 1 1
cam_03 3343 2 1
cam_03 3399 2 2
cam_03 3378 2 1
cam_03 3474 2 1
cam_03 3612 2 3
cam_03 3423 2 1
cam_03 3405 2 2
cam_03 3462 1 1
cam_03 3473 2 2
cam_03 3436 2 3
cam_03 3435 2 3
cam_03 3519 2 3
cam_03 3636 2 2
cam_03 3536 2 3
cam_03 3672 2 3
cam_03 3606 1 1
cam_03 442 2 1
cam_03 3639 1 1
cam_03 3604 1 1
cam_03 3774 2 4
cam_03 3732 2 4
cam_03 3589 2 4
cam_03 3606 2 4
cam_03 3627 2 1
cam_03 3655 2 2
cam_03 3655 2 4
cam_03 3697 2 2
cam_03 3699 2 1
cam_03 3745 1 1
cam_03 3672 2 2
cam_03 3799 2 2
cam_03 3759 2 1
cam_03 3748 2 4
cam_03 3706 2 1
cam_03 3718 2 2
cam_03 3741 1 1
cam_03 4025 2 4
cam_03 3804 2 1
cam_03 3916 2 4
cam_03 3798 2 4
cam_03 3813 2 1
cam_03 3828 2 2
cam_03 3843 1 2
cam_03 3826 2 1
cam_03 3865 2 1
cam_03 3985 2 2
cam_03 3913 2 4
cam_03 3940 1 1
cam_03 4113 2 3
cam_03 474 1 1
cam_03 3984 2 1
cam_03 4198 2 2
cam_03 4014 1 1
cam_03 3958 1 1
cam_03 3975 2 2
cam_03 3969 1 1
cam_03 4045 2 1
cam_03 4087 1 1
cam_03 4054 2 2
cam_03 489 2 1
cam_03 4023 1 1
cam_03 4152 2 2
cam_03 574 2 1
cam_03 4150 2 2
cam_03 4156 2 2
cam_03 4092 2 1
cam_03 4158 1 4
cam_03 4090 2 3
cam_03 460 1 1
cam_03 4269 2 2
cam_03 4186 1 1
cam_03 4239 2 3
cam_03 4159 1 1
cam_03 513 2 1
cam_03 4171 2 3
cam_03 4360 2 2
cam_03 4236 1 2
cam_03 4191 1 1
cam_03 141 2 1
cam_03 4495 2 4
cam_03 4225 2 1
cam_03 4263 2 3
cam_03 4270 1 1
cam_03 4294 1 1
cam_03 4402 2 4
cam_03 4389 2 2
cam_03 4335 1 4
cam_03 4527 2 2
cam_03 4449 2 3
cam_03 4323 2 1
cam_03 4504 2 2
cam_03 4348 1 4
cam_03 4450 2 2
cam_03 4356 2 1
cam_03 4467 1 1
cam_03 4542 2 2
cam_03 4396 2 1
cam_03 873 2 4
cam_03 4473 2 1
cam_03 4416 2 1
cam_03 4663 2 3
cam_03 4404 2 2
cam_03 4477 2 3
cam_03 4447 2 2
cam_03 4588 2 2
cam_03 4600 2 2
cam_03 4648 2 2
cam_03 4758 2 3
cam_03 4513 2 1
cam_03 4689 2 3
cam_03 4726 2 2
cam_03 4645 2 3
cam_03 4612 1 1
cam_03 4783 2 3
cam_03 4769 2 2
cam_03 4650 1 2
cam_03 4623 1 1
cam_03 4801 2 2
cam_03 4672 2 1
cam_03 4690 1 1
cam_03 4674 2 1
cam_03 4797 2 2
cam_03 4729 2 1
cam_03 4845 2 4
cam_03 4782 2 1
cam_03 4879 1 1
cam_03 4923 2 4
cam_03 4827 2 1
cam_03 4803 2 1
cam_03 346 2 4
cam_03 4933 2 4
cam_03 4849 2 1
cam_03 4893 2 1
cam_03 4879 2 1
cam_03 556 2 1
cam_03 4897 2 1
cam_03 5053 2 4
cam_03 738 2 3
cam_03 5079 2 2
cam_03 4969 2 1
cam_03 5079 2 3
cam_03 4996 2 1
cam_03 5152 2 2
cam_03 5106 2 4
cam_03 5094 2 2
cam_03 5064 2 2
cam_03 5056 2 3
cam_03 5061 2 4
cam_03 5285 2 3
cam_03 5283 2 3
cam_03 5152 1 2
cam_03 5178 2 3
cam_03 5334 2 4
cam_03 588 2 1
cam_03 5440 2 2
cam_03 5412 2 3
cam_03 5359 2 2
cam_03 5257 2 2
cam_03 5227 2 1
cam_03 618 2 1
cam_03 5254 2 1
cam_03 570 1 1
cam_03 5407 2 4
cam_03 5343 2 2
cam_03 5407 2 3
cam_03 5553 2 2
cam_03 5454 2 4
cam_03 573 2 1
cam_03 870 2 3
cam_03 5325 2 1
cam_03 5383 1 1
cam_03 5418 1 1
cam_03 5346 2 1
cam_03 5595 2 2
cam_03 5484 2 2
cam_03 5592 2 2
cam_03 5473 2 4
cam_03 5451 1 1
cam_03 5443 2 4
cam_03 5538 2 2
cam_03 5601 2 2
cam_03 5509 2 4
cam_03 5490 1 2
cam_03 5557 2 3
cam_03 5509 1 2
cam_03 5515 1 1
cam_03 5613 2 2
cam_03 5542 2 3
cam_03 5790 2 3
cam_03 5566 1 2
cam_03 616 2 2
cam_03 5554 2 2
cam_03 5596 2 1
cam_03 5605 1 1
cam_03 5662 2 2
cam_03 5622 1 1
cam_03 5685 2 2
cam_03 5715 1 2
cam_03 5695 2 2
cam_03 6012 2 4
cam_03 5763 1 1
cam_03 5742 1 2
cam_03 5857 1 2
cam_03 5749 2 2
cam_03 600 1 1
cam_03 5763 2 2
cam_03 5872 2 2
cam_03 5781 1 1
cam_03 5829 2 2
cam_03 598 2 1
cam_03 5981 2 3
cam_03 619 2 3
cam_03 6000 2 2
cam_03 5839 2 1
cam_03 5892 2 1
cam_03 5991 1 3
cam_03 6088 2 2
cam_03 5986 1 1
cam_03 673 2 1
cam_03 5928 2 1
cam_03 6096 2 2
cam_03 5983 2 1
cam_03 6045 2 2
cam_03 6084 2 2
cam_03 5983 1 1
cam_03 825 2 4
cam_03 6180 2 3
cam_03 6001 2 3
cam_03 6081 2 2
cam_03 6046 2 1
cam_03 6037 2 2
cam_03 6249 2 4
cam_03 6036 2 1
cam_03 741 2 2
cam_03 6301 2 2
cam_03 6078 1 1
cam_03 6109 1 2
cam_03 6462 2 2
cam_03 6088 1 1
cam_03 6087 2 2
cam_03 6153 1 2
cam_03 6204 2 3
cam_03 57 2 2
cam_03 6469 2 2
cam_03 6225 1 1
cam_03 6406 2 2
cam_03 6214 1 1
cam_03 657 2 4
cam_03 6226 2 1
cam_03 6339 2 2
cam_03 6220 1 1
cam_03 6268 2 3
cam_03 6438 2 2
cam_03 6223 2 1
cam_03 6243 2 1
cam_03 6457 2 2
cam_03 6355 2 3
cam_03 6276 2 4
cam_03 6252 2 3
cam_03 6456 2 2
cam_03 6355 2 2
cam_03 6297 2 3
cam_03 6282 2 3
cam_03 6426 2 2
cam_03 6322 2 1
cam_03 6490 2 2
cam_03 6444 2 3
cam_03 6391 1 1
cam_03 6435 2 2
cam_03 792 2 2
cam_03 6459 1 1
cam_03 6580 2 3
cam_03 6708 2 3
cam_03 6579 2 3
cam_03 6451 2 2
cam_03 6553 1 1
cam_03 729 2 1
cam_03 6465 2 3
cam_03 6478 2 1
cam_03 6527 2 1
cam_03 697 2 4
cam_03 6791 2 4
cam_03 709 2 4
cam_03 6571 2 1
cam_03 6660 2 2
cam_03 6655 2 2
cam_03 6649 2 1
cam_03 6873 2 3
cam_03 6666 2 2
cam_03 6814 2 4
cam_03 6757 2 1
cam_03 6732 2 3
cam_03 6849 2 2
cam_03 6778 1 2
cam_03 6832 2 1
cam_03 6898 2 3
cam_03 6853 1 1
cam_03 6850 1 1
cam_03 7042 2 3
cam_03 6834 2 3
cam_03 6837 1 1
cam_03 6847 2 1
cam_03 6867 2 1
cam_03 6864 1 1
cam_03 6867 1 1
cam_03 7063 2 2
cam_03 7054 2 2
cam_03 6916 1 1
cam_03 963 2 4
cam_03 7092 2 2
cam_03 7015 1 3
cam_03 6946 2 1
cam_03 6969 2 1
cam_03 720 2 2
cam_03 6940 2 1
cam_03 7105 2 2
cam_03 6976 2 1
cam_03 7197 2 3
cam_03 7119 2 2
cam_03 7249 2 4
cam_03 7027 2 1
cam_03 7059 1 1
cam_03 7225 2 4
cam_03 783 1 1
cam_03 7065 2 1
cam_03 7066 2 1
cam_03 900 2 2
cam_03 7096 2 1
cam_03 7264 2 4
cam_03 7147 1 1
cam_03 7113 2 1
cam_03 7248 2 4
cam_03 7329 2 2
cam_03 7117 2 1
cam_03 7185 1 1
cam_03 7176 2 2
cam_03 7299 1 1
cam_03 7179 2 2
cam_03 7443 2 4
cam_03 7186 2 2
cam_03 7314 2 4
cam_03 7204 2 2
cam_03 7240 2 4
cam_03 7308 1 1
cam_03 7312 1 1
cam_03 7251 2 3
cam_03 7396 2 3
cam_03 7314 1 1
cam_03 7533 2 2
cam_03 126 2 4
cam_03 7297 1 1
cam_03 7273 1 1
cam_03 7441 2 3
cam_03 7324 2 1
cam_03 7483 1 1
cam_03 7623 2 3
cam_03 790 2 1
cam_03 7381 1 4
cam_03 7410 1 2
cam_03 7476 1 1
cam_03 7476 1 2
cam_03 738 2 1
cam_03 7464 2 1
cam_03 7527 2 1
cam_03 7636 2 4
cam_03 7539 2 2
cam_03 7704 2 1
cam_03 7636 2 2
cam_03 7806 2 2
cam_03 7779 2 4
cam_03 7747 2 2
cam_03 7665 2 1
cam_03 7663 2 1
cam_03 7743 2 2
cam_03 7738 2 4
cam_03 7672 2 1
cam_03 7738 1 4
cam_03 7724 2 3
cam_03 7729 2 4
cam_03 7896 2 3
cam_03 7839 1 1
cam_03 7765 2 3
cam_03 7798 1 2
cam_03 7980 2 3
cam_03 7834 1 1
cam_03 7966 2 2
cam_03 7863 2 2
cam_03 7998 2 4
cam_03 8068 2 3
cam_03 7921 2 1
cam_03 7926 2 1
cam_03 8142 2 2
cam_03 235 2 4
cam_03 8208 2 2
cam_03 8002 2 1
cam_03 8239 2 2
cam_03 8121 1 1
cam_03 8079 2 1
cam_03 8034 2 1
cam_03 8233 2 2
cam_03 8247 2 2
cam_03 8148 1 2
cam_03 8107 1 1
cam_03 8226 2 3
cam_03 8121 1 1
cam_03 8334 2 2
cam_03 8181 2 3
cam_03 8362 2 3
cam_03 8401 2 2
cam_03 8286 1 1
cam_03 8221 2 1
cam_03 8221 2 1
cam_03 8262 2 1
cam_03 8232 2 1
cam_03 8238 2 1
cam_03 8244 2 1
cam_03 8248 2 1
cam_03 8247 2 1
cam_03 8251 2 1
cam_03 8272 2 1
cam_03 8254 2 1
cam_03 8298 2 1
cam_03 8317 2 1
cam_03 8323 2 1
cam_03 8358 2 1
cam_03 8371 2 1
cam_03 8356 2 2
cam_03 861 2 4
cam_03 8359 2 1
cam_03 8386 1 1
cam_03 8371 2 1
cam_03 8427 2 1
cam_03 8382 1 1
cam_03 8416 2 2
cam_03 8479 2 3
cam_03 8439 2 1
cam_03 8443 2 1
cam_03 8458 1 1
cam_03 8461 2 1
cam_03 8481 2 2
cam_03 8463 1 1
cam_03 8503 2 2
cam_03 8695 2 3
cam_03 8521 1 2
cam_03 8502 2 1
cam_03 8529 2 1
cam_03 8550 2 2
cam_03 8511 2 1
cam_03 8527 2 1
cam_03 8526 2 2
cam_03 8569 1 2
cam_03 8560 2 1
cam_03 8740 2 2
cam_03 8574 2 1
cam_03 8581 2 4
cam_03 8719 2 4
cam_03 8590 2 1
cam_03 8799 2 2
cam_03 1165 2 2
cam_03 8698 1 2
cam_03 8635 2 1
cam_03 8677 2 2
cam_03 8691 1 2
cam_03 8748 2 2
cam_03 8839 2 2
cam_03 8802 1 4
cam_03 8848 2 2
cam_03 8814 2 1
cam_03 8860 1 1
cam_03 8862 1 1
cam_03 8799 1 1
cam_03 8805 2 3
cam_03 8917 2 4
cam_03 9034 2 1
cam_03 8940 1 2
cam_03 8964 2 1
cam_03 8845 2 1
cam_03 975 2 4
cam_03 8892 2 3
cam_03 8869 1 1
cam_03 8938 1 1
cam_03 900 1 2
cam_03 8994 1 2
cam_03 106 1 4
cam_03 900 2 4
cam_03 8908 2 1
cam_03 8964 2 1
cam_03 8926 1 1
cam_03 9012 1 2
cam_03 8991 1 1
cam_03 1057 2 4
cam_03 9129 2 4
cam_03 9046 1 1
cam_03 9067 2 1
cam_03 9222 2 2
cam_03 9198 2 2
cam_03 9298 2 2
cam_03 904 2 3
cam_03 9102 2 3
cam_03 9111 2 2
cam_03 9121 1 1
cam_03 9334 2 3
cam_03 9124 2 2
cam_03 9133 2 2
cam_03 9202 2 2
cam_03 9298 2 2
cam_03 9447 2 3
cam_03 9417 2 2
cam_03 9303 2 3
cam_03 231 2 2
cam_03 9346 1 1
cam_03 9358 1 1
cam_03 991 2 2
cam_03 9359 2 2
cam_03 9373 2 3
cam_03 9487 2 2
cam_03 964 2 2
cam_03 9393 2 1
cam_03 9574 2 2
cam_03 9424 2 1
cam_03 9466 2 1
cam_03 9475 2 2
cam_03 9607 2 2
cam_03 9591 2 2
cam_03 9675 2 3
cam_03 9709 2 2
cam_03 9526 2 3
cam_03 9558 2 1
cam_03 9580 2 1
cam_03 9640 2 2
cam_03 9693 2 3
cam_03 9691 2 1
cam_03 9850 2 2
cam_03 9862 2 2
cam_03 9783 2 2
cam_03 9744 2 1
cam_03 9750 2 1
cam_03 9754 2 1
cam_03 9756 2 1
cam_03 9790 2 1
cam_03 985 1 1
cam_03 9990 2 3
cam_03 9799 2 1
cam_03 9823 2 1
cam_03 1000 1 4
cam_03 10117 2 2
cam_03 10017 2 2
cam_03 9907 1 1
cam_03 1047 1 1
cam_03 10015 2 2
cam_03 10177 2 4
cam_03 1261 2 4
cam_03 10023 2 2
cam_03 10062 1 1
cam_03 10009 2 4
cam_03 10026 1 1
cam_03 10045 1 1
cam_03 10035 2 1
cam_03 10035 2 4
cam_03 10152 1 1
cam_03 10135 1 2
cam_03 10074 1 1
cam_03 10159 1 1
cam_03 10210 2 4
cam_03 10179 1 1
cam_03 10131 1 2
cam_03 10204 2 2
cam_03 10176 2 2
cam_03 10242 2 2
cam_03 10150 2 1
cam_03 10152 2 1
cam_03 10252 2 2
cam_03 10183 2 1
cam_03 10231 2 3
cam_03 10257 1 4
cam_03 10447 2 3
cam_03 10218 2 1
cam_03 10227 2 1
cam_03 10234 2 1
cam_03 10318 1 1
cam_03 10273 2 1
cam_03 1141 2 4
cam_03 10258 1 4
cam_03 10344 1 1
cam_03 10282 2 1
cam_03 10383 2 2
cam_03 10515 2 2
cam_03 10345 2 1
cam_03 10399 1 2
cam_03 10536 2 2
cam_03 10429 2 1
cam_03 10554 1 1
cam_03 10516 2 1
cam_03 10506 1 2
cam_03 10471 2 1
cam_03 10560 2 2
cam_03 10530 1 1
cam_03 10523 2 4
cam_03 10593 1 1
cam_03 10728 2 4
cam_03 10540 2 1
cam_03 10696 2 2
cam_03 10552 1 1
cam_03 10606 1 4
cam_03 10729 2 2
cam_03 10594 2 1
cam_03 10759 2 2
cam_03 10741 2 2
cam_03 10620 2 1
cam_03 10627 2 1
cam_03 10764 2 3
cam_03 10669 2 1
cam_03 10800 2 4
cam_03 10705 2 1
cam_03 10779 1 2
cam_03 1012 1 4
cam_03 10848 1 1
cam_03 1035 2 4
cam_03 10792 1 4
cam_03 1096 2 1
cam_03 10846 2 1
cam_03 10908 1 1
cam_03 10851 2 1
cam_03 10855 2 1
cam_03 10864 2 1
cam_03 10870 2 1
cam_03 10876 2 1
cam_03 11053 2 3
cam_03 11037 2 4
cam_03 11169 2 4
cam_03 1050 2 4
cam_03 11101 1 1
cam_03 11119 2 1
cam_03 11125 2 1
cam_03 11137 2 1
cam_03 11344 2 3
cam_03 11193 2 3
cam_03 11253 2 2
cam_03 11490 2 2
cam_03 11353 2 2
cam_03 11382 2 1
cam_03 11544 2 2
cam_03 11574 2 2
cam_03 11547 1 1
cam_03 11628 2 4
cam_03 11640 2 2
cam_03 11532 1 2
cam_03 11682 2 2
cam_03 11577 2 2
cam_03 11592 2 4
cam_03 11709 2 2
cam_03 11650 2 4
cam_03 1135 2 1
cam_03 11844 2 2
cam_03 1137 1 2
cam_03 11616 2 2
cam_03 11754 2 4
cam_03 11611 1 1
cam_03 11761 2 2
cam_03 11706 1 4
cam_03 11683 2 1
cam_03 11691 2 1
cam_03 11898 2 2
cam_03 11706 2 1
cam_03 11886 2 2
cam_03 11898 2 2
cam_03 11932 2 2
cam_03 11937 2 2
cam_03 11962 2 2
cam_03 11866 1 2
cam_03 12147 2 2
cam_03 11971 2 2
cam_03 11901 2 2
cam_03 1155 1 1
cam_03 11907 2 1
cam_03 12016 2 4
cam_03 11923 2 3
cam_03 12000 2 2
cam_03 12030 1 2
cam_03 11973 2 3
cam_03 11997 1 1
cam_03 1174 2 4
cam_03 12027 1 2
cam_03 12201 2 3
cam_03 12043 2 2
cam_03 12021 2 1
cam_03 12018 2 1
cam_03 1372 2 2
cam_03 12027 2 1
cam_03 12256 2 2
cam_03 12043 2 1
cam_03 12075 2 4
cam_03 12085 1 4
cam_03 12043 2 1
cam_03 12274 2 4
cam_03 12174 2 2
cam_03 1239 2 2
cam_03 12088 2 2
cam_03 12097 2 2
cam_03 12124 2 1
cam_03 12156 1 1
cam_03 12169 1 1
cam_03 12132 2 1
cam_03 12345 2 2
cam_03 12222 2 1
cam_03 12231 2 1
cam_03 12291 2 1
cam_03 12256 2 1
cam_03 12268 1 1
cam_03 12313 2 1
cam_03 1332 2 2
cam_03 12303 2 1
cam_03 12414 2 2
cam_03 12325 2 1
cam_03 12526 1 1
cam_03 12363 2 4
cam_03 12376 2 4
cam_03 12496 2 4
cam_03 12498 2 3
cam_03 12696 2 4
cam_03 1279 2 1
cam_03 12519 1 1
cam_03 12511 1 1
cam_03 12520 2 1
cam_03 12637 2 3
cam_03 12526 2 1
cam_03 12732 2 2
cam_03 12598 2 1
cam_03 12642 2 3
cam_03 12739 2 2
cam_03 12826 2 2
cam_03 12691 2 4
cam_03 12705 2 4
cam_03 12757 2 4
cam_03 12727 2 1
cam_03 1288 2 2
cam_03 12730 2 4
cam_03 12756 1 1
cam_03 12726 2 4
cam_03 12739 2 1
cam_03 13005 2 4
cam_03 12820 2 3
cam_03 12865 2 4
cam_03 250 2 1
cam_03 13036 2 3
cam_03 13012 2 2
cam_03 13033 2 2
cam_03 12937 1 1
cam_03 12921 1 1
cam_03 13056 2 2
cam_03 12954 1 1
cam_03 13234 2 4
cam_03 13047 1 4
cam_03 13107 2 2
cam_03 12967 1 4
cam_03 13203 2 2
cam_03 12988 2 1
cam_03 13015 2 2
cam_03 13113 2 2
cam_03 13232 2 2
cam_03 13042 1 4
cam_03 13074 1 2
cam_03 13048 2 4
cam_03 13047 2 1
cam_03 13071 2 4
cam_03 13110 2 4
cam_03 13278 2 4
cam_03 13165 1 1
cam_03 1446 2 2
cam_03 13131 2 1
cam_03 1465 2 2
cam_03 13170 2 4
cam_03 13374 2 4
cam_03 13249 1 1
cam_03 13200 2 1
cam_03 13327 2 2
cam_03 13206 1 1
cam_03 13246 1 1
cam_03 13258 1 1
cam_03 13315 1 1
cam_03 13299 1 2
cam_03 13453 2 2
cam_03 13302 2 1
cam_03 13387 1 1
cam_03 13470 2 2
cam_03 13324 1 1
cam_03 13447 2 2
cam_03 13350 2 1
cam_03 13353 2 1
cam_03 13360 2 1
cam_03 13369 2 1
cam_03 1300 2 1
cam_03 13375 2 1
cam_03 13500 2 2
cam_03 13383 2 1
cam_03 13426 2 1
cam_03 13399 2 1
cam_03 13452 2 3
cam_03 13482 2 2
cam_03 13470 1 2
cam_03 127 1 2
cam_03 13500 2 2
cam_03 13491 1 4
cam_03 13459 2 1
cam_03 13500 1 1
cam_03 13500 2 3
cam_03 1476 2 2
cam_03 13482 2 1
cam_03 13500 1 1
cam_03 13500 2 2
cam_03 1500 2 2
cam_03 1368 2 2
cam_03 1287 2 2
cam_03 1481 2 2
cam_03 1336 1 1
cam_03 1381 2 1
cam_03 1396 2 3
cam_03 1404 2 1
cam_03 1398 2 1
cam_03 1507 2 2
cam_03 1467 2 4
cam_03 1510 2 2
cam_03 250 2 1
cam_03 1758 2 3
cam_03 1509 2 1
cam_03 1593 2 4
cam_03 283 1 1
cam_03 1492 2 4
cam_03 1603 2 4
cam_03 1813 2 4
cam_03 1647 2 4
cam_03 1698 2 4
cam_03 267 2 4
cam_03 1617 2 1
cam_03 1713 2 2
cam_03 1765 2 2
cam_03 1909 2 4
cam_03 1893 2 4
cam_03 1624 2 2
cam_03 1645 2 2
cam_03 1801 2 2
cam_03 1726 1 1
cam_03 1725 1 4
cam_03 1888 2 4
cam_03 1813 2 2
cam_03 1861 2 4
cam_03 1735 2 1
cam_03 1975 2 2
cam_03 1918 2 2
cam_03 1990 2 4
cam_03 2011 2 4
cam_03 1936 1 1
cam_03 1857 2 1
cam_03 259 1 1
cam_03 1932 2 2
cam_03 1864 2 1
cam_03 1996 2 4
cam_03 2071 2 2
cam_03 18 1 4
cam_03 2077 2 2
cam_03 1996 1 1
cam_03 2041 2 3
cam_03 1954 2 1
cam_03 2122 2 3
cam_03 1951 2 2
cam_03 2014 1 1
cam_03 1972 2 1
cam_03 1968 1 1
cam_03 1956 2 3
cam_03 2202 2 3
cam_03 1974 2 1
cam_03 2181 2 2
cam_03 1986 2 1
cam_03 2013 1 1
cam_03 444 2 3
cam_03 2058 2 2
cam_03 2032 2 1
cam_03 2053 2 1
cam_03 351 1 1
cam_03 2061 2 2
cam_03 2296 2 2
cam_03 2075 2 1
cam_03 288 2 3
cam_03 2104 2 1
cam_03 2080 2 1
cam_03 2283 2 2
cam_03 2154 2 2
cam_03 456 2 4
cam_03 2151 2 1
cam_03 2182 2 1
cam_03 2154 2 3
cam_03 2155 2 1
cam_03 2334 2 2
cam_03 2211 1 1
cam_03 2299 2 2
cam_03 2191 2 3
cam_03 2425 2 3
cam_03 309 2 3
cam_03 2358 1 4
cam_03 2359 2 4
cam_03 333 2 1
cam_03 2283 2 3
cam_03 2540 2 3
cam_03 2388 1 4
cam_03 2413 2 3
cam_03 2451 2 2
cam_03 2377 1 1
cam_03 2427 2 2
cam_03 2431 2 2
cam_03 2476 2 4
cam_03 2353 1 1
cam_03 2505 1 4
cam_03 2446 1 1
cam_03 2454 1 1
cam_03 2395 1 1
cam_03 646 2 4
cam_03 2583 2 4
cam_03 2413 1 1
cam_03 447 2 1
cam_03 2439 1 1
cam_03 2589 2 4
cam_03 2419 2 1
cam_03 2487 2 2
cam_03 372 2 4
cam_03 2584 2 4
cam_03 2535 2 2
cam_03 348 2 3
cam_03 2568 2 1
cam_03 2764 2 4
cam_03 2619 1 3
cam_03 389 2 1
cam_03 2605 2 1
cam_03 2725 2 4
cam_03 2620 2 4
cam_03 2673 2 3
cam_03 2706 2 2
cam_03 2673 2 1
cam_03 2662 2 2
cam_03 2926 2 4
cam_03 2776 2 2
cam_03 2727 1 1
cam_03 2827 2 1
cam_03 2751 1 1
cam_03 2763 2 2
cam_03 2758 2 2
cam_03 2853 2 4
cam_03 2838 1 1
cam_03 2817 1 1
cam_03 2877 2 1
cam_03 3015 2 1
cam_03 2832 2 1
cam_03 2991 2 4
cam_03 2959 2 4
cam_03 3057 2 1
cam_03 2877 2 1
cam_03 3223 2 2
cam_03 2961 2 1
cam_03 2983 1 2
cam_03 3178 2 4
cam_03 396 2 1
cam_03 2988 1 2
cam_03 3015 2 1
cam_03 3008 2 1
cam_03 417 2 1
cam_03 3058 2 1
cam_03 3094 1 2
cam_03 3049 2 3
cam_03 3121 1 2
cam_03 3218 2 2
