cam_16 8412 2 2
cam_16 8326 1 1
cam_16 8454 1 1
cam_16 843 2 1
cam_16 8337 2 1
cam_16 8373 2 2
cam_16 8343 2 1
cam_16 8347 2 1
cam_16 841 2 3
cam_16 8406 2 1
cam_16 8446 2 1
cam_16 8418 2 1
cam_16 8457 2 2
cam_16 8408 2 1
cam_16 8488 2 2
cam_16 8430 2 1
cam_16 8478 1 1
cam_16 8496 2 1
cam_16 8511 2 1
cam_16 8503 2 1
cam_16 8524 1 1
cam_16 8542 2 1
cam_16 8589 2 4
cam_16 8637 2 4
cam_16 8613 2 1
cam_16 9048 2 1
cam_16 8769 2 1
cam_16 8586 1 1
cam_16 8583 2 1
cam_16 8778 2 2
cam_16 8613 2 2
cam_16 8637 2 2
cam_16 8696 2 2
cam_16 8718 2 2
cam_16 8643 2 4
cam_16 8683 2 1
cam_16 8703 2 1
cam_16 8688 2 2
cam_16 8726 2 1
cam_16 8727 2 1
cam_16 8707 2 1
cam_16 8724 1 1
cam_16 8770 3 1
cam_16 856 1 1
cam_16 8790 2 4
cam_16 8779 2 2
cam_16 8781 1 2
cam_16 8886 2 2
cam_16 8806 2 1
cam_16 8866 2 1
cam_16 8841 2 1
cam_16 8826 1 1
cam_16 8817 2 1
cam_16 8835 2 2
cam_16 8926 2 2
cam_16 8893 2 2
cam_16 8983 2 1
cam_16 8920 1 1
cam_16 8920 2 1
cam_16 9069 1 1
cam_16 9021 2 1
cam_16 8920 1 1
cam_16 8934 2 2
cam_16 8914 2 1
cam_16 8994 2 1
cam_16 865 2 1
cam_16 8944 2 1
cam_16 9016 2 2
cam_16 9028 2 2
cam_16 8997 1 1
cam_16 8991 1 1
cam_16 8997 2 1
cam_16 9040 2 1
cam_16 8998 2 1
cam_16 9000 2 1
cam_16 9069 2 4
cam_16 9254 3 1
cam_16 9025 2 1
cam_16 9069 1 1
cam_16 9202 2 4
cam_16 9091 2 4
cam_16 9304 1 1
cam_16 9103 1 1
cam_16 9099 2 1
cam_16 9216 2 4
cam_16 9120 2 1
cam_16 9142 2 4
cam_16 9153 2 1
cam_16 9165 2 1
cam_16 909 2 2
cam_16 9235 2 4
cam_16 9489 1 1
cam_16 9231 2 1
cam_16 9327 2 4
cam_16 9237 2 4
cam_16 9282 1 1
cam_16 9301 2 4
cam_16 9250 2 1
cam_16 9324 2 1
cam_16 9315 1 1
cam_16 9324 2 1
cam_16 9492 2 1
cam_16 9450 2 1
cam_16 9484 2 2
cam_16 9489 2 1
cam_16 9447 2 4
cam_16 9400 2 4
cam_16 9516 2 4
cam_16 9517 3 4
cam_16 9421 2 2
cam_16 9423 2 1
cam_16 9459 1 1
cam_16 9459 1 1
cam_16 9484 2 1
cam_16 9498 2 1
cam_16 9501 2 1
cam_16 9517 2 1
cam_16 9745 2 4
cam_16 9661 2 1
cam_16 9570 2 1
cam_16 9651 3 4
cam_16 9592 2 4
cam_16 948 1 1
cam_16 9672 2 1
cam_16 9576 2 1
cam_16 9592 2 1
cam_16 9597 2 1
cam_16 9609 2 1
cam_16 9604 2 1
cam_16 9670 3 2
cam_16 9615 2 1
cam_16 9694 2 4
cam_16 9868 2 2
cam_16 9712 1 1
cam_16 9712 2 1
cam_16 9730 2 1
cam_16 9798 2 2
cam_16 975 1 1
cam_16 9775 2 1
cam_16 9793 2 1
cam_16 9797 2 1
cam_16 990 2 2
cam_16 9789 2 1
cam_16 9787 2 1
cam_16 9843 2 2
cam_16 975 1 1
cam_16 9874 2 2
cam_16 975 2 1
cam_16 1168 2 2
cam_16 9916 2 4
cam_16 9918 1 1
cam_16 67 2 1
cam_16 9922 2 1
cam_16 10003 2 2
cam_16 10135 1 1
cam_16 9957 2 2
cam_16 9954 2 1
cam_16 10138 1 1
cam_16 10011 2 1
cam_16 1329 1 1
cam_16 9999 2 2
cam_16 9957 2 1
cam_16 9973 1 1
cam_16 9970 2 1
cam_16 10045 2 2
cam_16 9978 2 1
cam_16 10128 2 1
cam_16 10008 2 1
cam_16 987 2 4
cam_16 10008 2 1
cam_16 10143 2 1
cam_16 10200 2 1
cam_16 10063 2 1
cam_16 10140 2 1
cam_16 10068 2 1
cam_16 10410 2 1
cam_16 10158 2 1
cam_16 10053 1 1
cam_16 10425 2 1
cam_16 10140 2 2
cam_16 10126 2 1
cam_16 10135 2 1
cam_16 10336 2 1
cam_16 10261 2 1
cam_16 10123 2 1
cam_16 10335 2 1
cam_16 10158 2 1
cam_16 10179 2 2
cam_16 10435 2 1
cam_16 10401 2 1
cam_16 10201 1 1
cam_16 10188 1 1
cam_16 10215 2 1
cam_16 10186 2 2
cam_16 10372 3 1
cam_16 1008 2 2
cam_16 10264 2 2
cam_16 93 2 1
cam_16 10258 2 1
cam_16 10278 2 4
cam_16 10335 1 1
cam_16 10315 2 1
cam_16 10326 2 1
cam_16 10599 2 1
cam_16 10432 2 2
cam_16 10383 2 2
cam_16 10557 1 1
cam_16 10410 2 1
cam_16 10519 2 1
cam_16 10425 2 1
cam_16 10423 2 1
cam_16 10621 2 2
cam_16 10447 2 1
cam_16 10722 2 2
cam_16 10530 3 1
cam_16 10494 2 4
cam_16 10593 1 1
cam_16 10494 1 1
cam_16 10476 2 1
cam_16 10618 2 2
cam_16 1014 2 1
cam_16 10513 1 1
cam_16 10603 2 1
cam_16 1047 2 1
cam_16 10635 3 1
cam_16 10681 2 1
cam_16 10581 3 1
cam_16 10584 1 1
cam_16 10520 2 3
cam_16 10524 2 1
cam_16 10669 1 1
cam_16 10528 2 1
cam_16 10687 2 2
cam_16 10557 2 2
cam_16 10692 2 1
cam_16 10557 2 2
cam_16 10572 1 1
cam_16 10617 2 2
cam_16 10615 2 1
cam_16 10681 2 1
cam_16 1047 2 1
cam_16 1032 2 1
cam_16 10651 2 1
cam_16 10662 2 1
cam_16 10669 2 1
cam_16 1144 3 1
cam_16 10684 2 1
cam_16 10695 1 1
cam_16 10831 2 1
cam_16 10701 2 2
cam_16 10800 1 1
cam_16 10749 1 1
cam_16 10797 2 2
cam_16 10744 2 1
cam_16 10776 1 1
cam_16 10771 2 1
cam_16 10776 2 1
cam_16 10759 2 1
cam_16 10855 2 3
cam_16 10783 2 1
cam_16 10776 2 1
cam_16 1077 1 1
cam_16 10800 1 1
cam_16 10842 1 1
cam_16 10827 1 1
cam_16 10816 1 1
cam_16 10812 2 1
cam_16 10840 2 2
cam_16 10840 1 1
cam_16 10839 1 1
cam_16 10845 2 1
cam_16 10849 1 1
cam_16 10936 2 1
cam_16 10848 2 1
cam_16 10936 1 1
cam_16 10864 2 1
cam_16 10852 2 1
cam_16 11010 2 1
cam_16 10863 2 2
cam_16 11035 1 1
cam_16 10873 2 2
cam_16 10896 1 1
cam_16 10890 2 2
cam_16 10896 2 1
cam_16 1054 2 1
cam_16 10938 2 1
cam_16 10936 2 1
cam_16 10963 2 1
cam_16 10986 2 1
cam_16 11162 3 2
cam_16 11065 2 1
cam_16 11068 2 1
cam_16 1081 2 1
cam_16 11104 2 1
cam_16 11131 2 2
cam_16 11226 2 1
cam_16 11091 2 1
cam_16 11104 1 1
cam_16 1087 2 1
cam_16 11152 2 2
cam_16 11209 1 1
cam_16 11331 2 1
cam_16 11170 2 1
cam_16 1087 2 4
cam_16 11256 1 1
cam_16 11267 1 1
cam_16 11161 2 1
cam_16 11221 2 2
cam_16 11166 2 1
cam_16 11181 2 1
cam_16 11166 1 1
cam_16 11241 2 2
cam_16 11218 2 1
cam_16 11218 1 1
cam_16 11257 1 1
cam_16 11244 2 1
cam_16 11292 1 1
cam_16 11286 1 1
cam_16 11274 2 1
cam_16 11317 2 2
cam_16 11334 2 1
cam_16 11430 2 1
cam_16 11364 2 1
cam_16 11491 2 1
cam_16 11431 2 1
cam_16 11385 2 1
cam_16 11388 1 1
cam_16 11382 1 1
cam_16 11436 2 1
cam_16 11434 2 1
cam_16 11422 2 1
cam_16 11416 1 1
cam_16 11488 2 1
cam_16 11394 2 1
cam_16 11464 2 4
cam_16 11460 1 1
cam_16 11466 2 1
cam_16 11539 2 1
cam_16 11553 2 1
cam_16 11545 2 2
cam_16 11649 2 1
cam_16 11620 2 1
cam_16 11628 2 1
cam_16 11563 1 1
cam_16 11541 2 1
cam_16 1156 2 2
cam_16 11560 2 1
cam_16 11566 2 1
cam_16 11634 2 4
cam_16 11629 2 1
cam_16 11668 3 2
cam_16 11730 2 4
cam_16 11637 2 2
cam_16 1120 2 1
cam_16 1131 2 1
cam_16 11689 2 1
cam_16 11779 2 1
cam_16 11686 1 1
cam_16 11674 2 4
cam_16 11679 2 1
cam_16 11686 1 2
cam_16 11766 2 4
cam_16 11727 2 1
cam_16 11926 1 1
cam_16 11856 2 1
cam_16 1530 2 1
cam_16 11737 1 1
cam_16 11737 2 1
cam_16 11763 2 1
cam_16 11847 2 1
cam_16 11859 2 1
cam_16 1129 2 1
cam_16 11787 2 1
cam_16 11863 3 1
cam_16 11817 1 2
cam_16 11883 2 4
cam_16 11826 2 1
cam_16 11826 2 1
cam_16 11844 1 1
cam_16 11830 2 1
cam_16 11862 1 1
cam_16 11848 2 1
cam_16 11838 2 1
cam_16 11953 2 1
cam_16 11857 2 1
cam_16 12030 2 2
cam_16 11896 2 1
cam_16 11891 2 1
cam_16 11933 2 1
cam_16 12133 2 1
cam_16 12030 1 1
cam_16 11998 3 2
cam_16 11995 2 1
cam_16 11938 2 1
cam_16 12168 2 1
cam_16 12019 2 1
cam_16 11956 2 1
cam_16 11958 2 1
cam_16 12039 1 1
cam_16 11991 1 1
cam_16 12016 2 1
cam_16 12024 2 1
cam_16 12033 2 1
cam_16 12039 1 1
cam_16 12384 2 1
cam_16 12052 2 4
cam_16 12148 2 1
cam_16 12127 2 1
cam_16 12039 2 1
cam_16 1182 2 1
cam_16 12099 1 1
cam_16 12064 2 2
cam_16 12081 2 1
cam_16 12081 1 1
cam_16 12076 2 2
cam_16 12167 2 1
cam_16 12078 2 1
cam_16 12072 2 1
cam_16 1198 1 1
cam_16 12090 2 1
cam_16 1186 2 1
cam_16 12162 2 2
cam_16 1267 2 2
cam_16 12133 2 1
cam_16 12159 2 1
cam_16 12183 2 1
cam_16 12250 2 1
cam_16 12204 1 1
cam_16 12289 2 2
cam_16 12172 2 1
cam_16 12249 2 1
cam_16 12190 2 1
cam_16 12246 2 1
cam_16 12259 2 1
cam_16 12237 1 1
cam_16 12399 1 1
cam_16 12240 2 1
cam_16 12249 2 1
cam_16 12316 1 1
cam_16 12360 2 4
cam_16 12312 2 1
cam_16 12354 1 1
cam_16 12463 3 1
cam_16 12376 2 2
cam_16 12369 1 1
cam_16 12375 1 1
cam_16 12393 1 1
cam_16 12414 2 1
cam_16 12424 2 1
cam_16 12429 2 1
cam_16 12439 2 1
cam_16 12450 1 1
cam_16 12429 2 1
cam_16 12447 2 1
cam_16 12453 2 1
cam_16 12454 2 1
cam_16 12495 2 1
cam_16 12465 2 1
cam_16 12475 2 1
cam_16 12516 2 2
cam_16 12552 2 1
cam_16 12517 2 1
cam_16 12567 1 1
cam_16 12576 1 1
cam_16 12592 1 1
cam_16 1231 2 1
cam_16 12586 2 1
cam_16 12624 2 3
cam_16 12603 2 1
cam_16 12769 2 1
cam_16 12634 2 1
cam_16 12621 2 1
cam_16 12628 2 1
cam_16 12652 2 1
cam_16 12625 2 1
cam_16 12642 2 1
cam_16 12733 2 2
cam_16 12691 1 1
cam_16 1257 2 1
cam_16 12766 2 2
cam_16 1249 1 1
cam_16 12771 2 1
cam_16 12787 2 2
cam_16 12783 2 2
cam_16 12852 2 2
cam_16 12789 2 1
cam_16 12807 2 2
cam_16 12795 2 1
cam_16 1311 2 1
cam_16 12903 2 1
cam_16 12933 2 1
cam_16 13042 3 2
cam_16 12997 2 1
cam_16 12995 2 1
cam_16 13038 2 4
cam_16 12987 2 1
cam_16 13044 2 1
cam_16 13062 2 2
cam_16 1392 2 1
cam_16 13048 2 1
cam_16 13059 2 1
cam_16 13093 2 1
cam_16 13390 1 1
cam_16 13144 2 2
cam_16 1284 2 1
cam_16 1342 2 1
cam_16 13159 2 1
cam_16 13149 2 1
cam_16 13182 2 1
cam_16 1261 1 1
cam_16 13209 3 2
cam_16 13183 2 1
cam_16 13165 2 1
cam_16 13248 3 2
cam_16 13345 2 1
cam_16 13177 2 1
cam_16 13179 2 1
cam_16 13203 1 1
cam_16 13278 2 2
cam_16 13207 2 1
cam_16 13227 2 1
cam_16 13321 2 2
cam_16 1279 2 1
cam_16 1276 2 1
cam_16 13300 2 1
cam_16 13315 2 2
cam_16 13372 3 1
cam_16 13446 2 2
cam_16 13404 2 1
cam_16 1273 2 1
cam_16 13477 2 1
cam_16 13500 2 1
cam_16 1323 2 2
cam_16 1315 1 1
cam_16 1320 2 1
cam_16 1390 2 1
cam_16 141 2 1
cam_16 148 2 2
cam_16 1386 1 1
cam_16 1398 1 1
cam_16 1849 2 1
cam_16 1408 2 1
cam_16 1524 2 4
cam_16 1429 2 1
cam_16 1455 2 1
cam_16 1464 2 1
cam_16 1470 2 1
cam_16 148 1 1
cam_16 1531 2 2
cam_16 1726 2 1
cam_16 1860 2 1
cam_16 1558 1 1
cam_16 1606 2 4
cam_16 1668 2 2
cam_16 1567 2 1
cam_16 1593 2 4
cam_16 1621 2 2
cam_16 1623 2 1
cam_16 1701 1 1
cam_16 1693 2 1
cam_16 1642 2 1
cam_16 1678 1 1
cam_16 1678 2 1
cam_16 1705 2 1
cam_16 1882 2 1
cam_16 1785 2 2
cam_16 1755 2 1
cam_16 1750 2 1
cam_16 1803 2 1
cam_16 1801 2 1
cam_16 1800 2 1
cam_16 1815 2 1
cam_16 1842 2 1
cam_16 200 2 2
cam_16 1872 2 4
cam_16 1909 2 4
cam_16 1947 3 1
cam_16 1897 2 1
cam_16 1908 2 1
cam_16 1897 2 1
cam_16 1965 2 4
cam_16 1927 2 1
cam_16 2034 1 1
cam_16 2038 2 4
cam_16 2040 2 1
cam_16 156 1 1
cam_16 2071 1 1
cam_16 2082 2 4
cam_16 2142 3 1
cam_16 2086 2 1
cam_16 2091 2 1
cam_16 2088 2 1
cam_16 2103 2 1
cam_16 2161 2 4
cam_16 2181 1 1
cam_16 2169 2 1
cam_16 2160 2 1
cam_16 2406 2 1
cam_16 2274 1 1
cam_16 2307 2 1
cam_16 2863 2 1
cam_16 2217 2 1
cam_16 2319 3 2
cam_16 2247 2 1
cam_16 2304 2 1
cam_16 2517 2 1
cam_16 2302 2 1
cam_16 2419 2 1
cam_16 2356 1 1
cam_16 2544 2 2
cam_16 2343 1 1
cam_16 168 1 1
cam_16 2380 2 1
cam_16 2461 2 2
cam_16 2370 1 2
cam_16 2370 2 3
cam_16 2461 2 1
cam_16 282 1 2
cam_16 2757 3 2
cam_16 2421 2 2
cam_16 2649 2 2
cam_16 2400 1 1
cam_16 2826 2 1
cam_16 2421 1 1
cam_16 2413 2 1
cam_16 2820 2 2
cam_16 2421 1 1
cam_16 2679 2 2
cam_16 2457 2 2
cam_16 2520 2 1
cam_16 2464 2 1
cam_16 2857 2 2
cam_16 2470 2 1
cam_16 2658 2 2
cam_16 2496 2 1
cam_16 2539 2 3
cam_16 2515 2 1
cam_16 2511 2 1
cam_16 190 2 1
cam_16 2566 2 1
cam_16 2638 2 1
cam_16 2559 1 1
cam_16 2671 2 1
cam_16 2653 2 4
cam_16 2590 1 1
cam_16 213 1 1
cam_16 2598 2 4
cam_16 2619 2 1
cam_16 2625 2 1
cam_16 2757 1 1
cam_16 267 2 1
cam_16 2728 1 1
cam_16 2690 2 1
cam_16 267 2 4
cam_16 2797 2 1
cam_16 2713 1 1
cam_16 2718 2 1
cam_16 2737 2 1
cam_16 2787 2 2
cam_16 2748 2 1
cam_16 2754 2 2
cam_16 2995 2 4
cam_16 249 1 1
cam_16 267 2 2
cam_16 2826 2 1
cam_16 2962 2 4
cam_16 2824 2 1
cam_16 654 1 1
cam_16 2959 2 3
cam_16 2856 2 4
cam_16 3004 1 1
cam_16 2863 2 2
cam_16 2994 2 1
cam_16 2901 1 1
cam_16 2929 2 2
cam_16 2895 2 1
cam_16 2929 2 1
cam_16 2913 2 1
cam_16 2902 2 1
cam_16 2907 2 4
cam_16 2962 2 1
cam_16 3043 2 1
cam_16 2965 2 1
cam_16 2992 1 1
cam_16 322 2 2
cam_16 2976 2 1
cam_16 3141 2 1
cam_16 3042 2 1
cam_16 3169 2 4
cam_16 3031 2 1
cam_16 3031 2 1
cam_16 406 2 1
cam_16 3031 2 1
cam_16 3168 1 1
cam_16 3034 2 1
cam_16 3072 2 1
cam_16 3054 2 1
cam_16 3234 2 1
cam_16 3072 1 1
cam_16 3097 2 1
cam_16 3235 2 1
cam_16 3093 2 2
cam_16 369 2 2
cam_16 3099 2 1
cam_16 3100 2 1
cam_16 3120 2 1
cam_16 3108 2 1
cam_16 3148 2 1
cam_16 3127 2 1
cam_16 3168 2 1
cam_16 3244 2 2
cam_16 3153 1 1
cam_16 3231 2 1
cam_16 3244 2 1
cam_16 3243 2 2
cam_16 3219 1 1
cam_16 3198 1 1
cam_16 3274 1 1
cam_16 493 3 1
cam_16 424 1 1
cam_16 3280 2 4
cam_16 3319 2 4
cam_16 3330 1 1
cam_16 3333 1 1
cam_16 3372 1 1
cam_16 3451 2 2
cam_16 3433 2 1
cam_16 3433 3 1
cam_16 3421 2 1
cam_16 3591 2 1
cam_16 3426 2 2
cam_16 3501 2 1
cam_16 3451 2 1
cam_16 3480 2 2
cam_16 3456 2 2
cam_16 3528 2 2
cam_16 3480 2 2
cam_16 3480 2 2
cam_16 3519 2 1
cam_16 3532 2 2
cam_16 3532 2 1
cam_16 3523 2 1
cam_16 3544 2 1
cam_16 3551 2 1
cam_16 3532 2 1
cam_16 3549 1 1
cam_16 3552 2 1
cam_16 3569 2 1
cam_16 3559 2 1
cam_16 3570 2 1
cam_16 3573 2 1
cam_16 3739 2 2
cam_16 3805 2 2
cam_16 3637 1 1
cam_16 3643 2 1
cam_16 3657 2 2
cam_16 3726 2 2
cam_16 3654 2 1
cam_16 3663 1 1
cam_16 3690 2 4
cam_16 57 1 1
cam_16 3693 2 1
cam_16 3747 2 1
cam_16 3757 2 1
cam_16 3733 2 2
cam_16 3775 3 4
cam_16 3754 2 1
cam_16 373 2 2
cam_16 3810 1 1
cam_16 3861 2 4
cam_16 3847 1 1
cam_16 3892 1 1
cam_16 3951 1 1
cam_16 4113 2 1
cam_16 3888 1 1
cam_16 3889 2 4
cam_16 3978 2 1
cam_16 3904 2 2
cam_16 4092 2 1
cam_16 3903 2 1
cam_16 399 2 4
cam_16 3972 2 2
cam_16 3910 2 1
cam_16 3958 2 2
cam_16 382 2 1
cam_16 3934 2 1
cam_16 3946 2 1
cam_16 4020 2 2
cam_16 4101 2 1
cam_16 4003 2 1
cam_16 4020 1 1
cam_16 4036 2 1
cam_16 4045 2 1
cam_16 4053 2 1
cam_16 4059 2 1
cam_16 4068 2 1
cam_16 4072 2 1
cam_16 4080 2 1
cam_16 4078 2 1
cam_16 4112 2 1
cam_16 4104 2 1
cam_16 4108 2 1
cam_16 4146 2 1
cam_16 4150 2 1
cam_16 4159 2 1
cam_16 4164 2 1
cam_16 4296 3 4
cam_16 4215 2 1
cam_16 4210 2 1
cam_16 4242 2 2
cam_16 4230 2 1
cam_16 4242 1 1
cam_16 4251 2 2
cam_16 4249 2 1
cam_16 4312 2 2
cam_16 4354 2 2
cam_16 4449 3 2
cam_16 4344 2 1
cam_16 4362 2 1
cam_16 4363 2 1
cam_16 4365 1 1
cam_16 4390 2 3
cam_16 4375 1 1
cam_16 4390 1 1
cam_16 4389 2 1
cam_16 4526 3 2
cam_16 4447 2 1
cam_16 4476 1 1
cam_16 4524 2 1
cam_16 4462 2 1
cam_16 4518 2 2
cam_16 4477 2 1
cam_16 406 2 1
cam_16 4506 1 1
cam_16 424 2 2
cam_16 4525 2 1
cam_16 4623 2 1
cam_16 4747 2 1
cam_16 4525 1 1
cam_16 4522 1 1
cam_16 4639 1 1
cam_16 4644 2 1
cam_16 4555 2 2
cam_16 495 3 4
cam_16 4552 2 1
cam_16 4584 2 3
cam_16 4581 1 1
cam_16 4639 2 4
cam_16 4609 2 4
cam_16 4639 2 4
cam_16 4609 2 1
cam_16 4872 2 2
cam_16 4699 2 1
cam_16 4629 2 1
cam_16 4906 2 2
cam_16 4906 2 2
cam_16 4809 3 2
cam_16 4828 2 1
cam_16 4746 2 1
cam_16 4734 2 1
cam_16 4917 1 1
cam_16 4809 2 2
cam_16 4848 1 1
cam_16 4831 2 1
cam_16 4830 2 1
cam_16 4861 1 1
cam_16 5172 2 1
cam_16 4861 2 1
cam_16 4861 1 1
cam_16 5071 2 1
cam_16 4897 1 1
cam_16 4893 1 1
cam_16 4906 1 1
cam_16 4906 1 1
cam_16 5017 2 2
cam_16 4963 2 4
cam_16 4915 1 1
cam_16 4915 2 1
cam_16 4920 2 1
cam_16 5005 1 1
cam_16 4936 1 1
cam_16 4963 1 1
cam_16 4971 2 1
cam_16 4974 2 1
cam_16 5010 2 1
cam_16 5017 2 1
cam_16 4956 2 1
cam_16 4963 1 1
cam_16 4978 1 1
cam_16 5097 2 1
cam_16 4975 2 1
cam_16 5386 2 1
cam_16 478 1 1
cam_16 5008 2 1
cam_16 5076 2 1
cam_16 5028 1 1
cam_16 5034 1 1
cam_16 5082 2 1
cam_16 5079 1 1
cam_16 5100 2 1
cam_16 5143 2 1
cam_16 5163 1 1
cam_16 5128 1 1
cam_16 5184 2 2
cam_16 5232 2 2
cam_16 5376 2 2
cam_16 5352 1 1
cam_16 5239 1 1
cam_16 5346 2 1
cam_16 5194 1 1
cam_16 5304 2 1
cam_16 5274 2 2
cam_16 5211 2 1
cam_16 5215 2 1
cam_16 5250 1 1
cam_16 5275 2 2
cam_16 5298 2 4
cam_16 5386 2 2
cam_16 5274 2 1
cam_16 5290 2 1
cam_16 5350 2 1
cam_16 5343 2 1
cam_16 5376 1 1
cam_16 5340 2 1
cam_16 5416 2 1
cam_16 495 2 1
cam_16 5371 2 1
cam_16 5461 2 1
cam_16 5386 2 1
cam_16 5416 2 2
cam_16 5484 2 2
cam_16 5460 1 1
cam_16 5442 2 1
cam_16 5424 2 1
cam_16 5515 2 4
cam_16 5451 2 1
cam_16 5460 2 2
cam_16 5478 2 1
cam_16 5478 2 1
cam_16 5622 2 1
cam_16 5506 2 4
cam_16 502 2 1
cam_16 5512 2 1
cam_16 5547 2 1
cam_16 5557 2 1
cam_16 522 2 4
cam_16 5547 2 1
cam_16 5533 1 1
cam_16 5533 2 1
cam_16 5533 1 1
cam_16 5614 2 4
cam_16 5538 1 1
cam_16 6082 2 2
cam_16 5557 2 1
cam_16 5641 2 4
cam_16 5595 2 2
cam_16 5565 2 1
cam_16 5694 3 4
cam_16 5632 2 4
cam_16 5574 2 4
cam_16 5574 2 4
cam_16 5586 1 1
cam_16 5616 1 1
cam_16 5610 2 1
cam_16 5620 2 1
cam_16 5629 2 1
cam_16 5673 1 1
cam_16 5839 1 1
cam_16 5676 2 1
cam_16 5749 2 1
cam_16 5995 2 1
cam_16 5686 2 1
cam_16 5713 2 2
cam_16 5721 1 1
cam_16 5725 1 1
cam_16 5751 3 4
cam_16 5751 2 4
cam_16 31 2 1
cam_16 6070 2 1
cam_16 5755 2 1
cam_16 5845 1 1
cam_16 6130 2 2
cam_16 595 1 1
cam_16 753 2 4
cam_16 5800 1 1
cam_16 5796 1 1
cam_16 5809 2 3
cam_16 5809 2 4
cam_16 6045 1 1
cam_16 6066 2 1
cam_16 5803 2 1
cam_16 5893 2 1
cam_16 5907 2 1
cam_16 5905 2 1
cam_16 5932 2 1
cam_16 682 2 4
cam_16 5842 2 1
cam_16 5907 1 1
cam_16 5829 2 1
cam_16 5908 2 1
cam_16 5843 2 1
cam_16 6142 2 2
cam_16 5877 1 1
cam_16 6054 2 1
cam_16 5863 2 1
cam_16 5910 2 1
cam_16 5893 1 1
cam_16 6067 2 1
cam_16 5917 2 1
cam_16 652 2 2
cam_16 6076 2 1
cam_16 5968 2 1
cam_16 6013 2 4
cam_16 6112 1 1
cam_16 6049 2 1
cam_16 6049 1 2
cam_16 6049 2 2
cam_16 6040 1 1
cam_16 6040 2 1
cam_16 6057 2 1
cam_16 6061 2 1
cam_16 6073 2 1
cam_16 6189 1 1
cam_16 579 2 1
cam_16 6162 2 1
cam_16 6166 2 2
cam_16 6327 2 1
cam_16 6337 2 1
cam_16 6177 2 1
cam_16 6280 2 2
cam_16 6198 1 1
cam_16 6247 2 1
cam_16 6219 2 1
cam_16 583 2 1
cam_16 6270 1 1
cam_16 6241 2 2
cam_16 6234 2 1
cam_16 6241 2 1
cam_16 6250 2 1
cam_16 6297 1 1
cam_16 6271 2 2
cam_16 6435 1 1
cam_16 6499 2 4
cam_16 6271 2 1
cam_16 6333 2 1
cam_16 750 2 1
cam_16 6291 2 1
cam_16 6586 2 1
cam_16 6379 2 2
cam_16 6325 2 1
cam_16 6406 2 1
cam_16 6411 2 1
cam_16 6379 2 1
cam_16 6397 2 1
cam_16 6405 2 1
cam_16 6627 2 1
cam_16 6465 1 2
cam_16 6442 1 2
cam_16 6435 1 1
cam_16 6459 2 1
cam_16 6460 2 1
cam_16 6453 2 1
cam_16 6460 2 1
cam_16 6463 2 1
cam_16 6487 2 4
cam_16 7135 2 1
cam_16 6514 2 1
cam_16 6559 2 3
cam_16 6532 1 1
cam_16 6510 1 1
cam_16 6522 2 1
cam_16 6561 2 4
cam_16 6552 1 1
cam_16 6540 2 1
cam_16 6583 2 2
cam_16 627 2 1
cam_16 6588 1 1
cam_16 6583 2 1
cam_16 6646 2 2
cam_16 6624 2 2
cam_16 6615 1 1
cam_16 6646 1 1
cam_16 6735 3 1
cam_16 6640 2 1
cam_16 6637 2 1
cam_16 6676 2 1
cam_16 6733 2 1
cam_16 6817 1 1
cam_16 6769 2 1
cam_16 6652 2 2
cam_16 6678 2 1
cam_16 6658 2 1
cam_16 6663 2 2
cam_16 6714 2 4
cam_16 6795 3 4
cam_16 6726 1 1
cam_16 616 2 1
cam_16 6745 1 1
cam_16 6747 1 1
cam_16 727 1 1
cam_16 6829 2 1
cam_16 672 2 2
cam_16 6804 3 1
cam_16 6771 2 1
cam_16 6817 3 2
cam_16 6811 1 1
cam_16 6891 2 2
cam_16 6817 2 1
cam_16 6817 2 1
cam_16 6846 2 2
cam_16 624 2 1
cam_16 7108 2 2
cam_16 6952 1 1
cam_16 7020 2 1
cam_16 6870 2 2
cam_16 7044 2 2
cam_16 6958 1 1
cam_16 6870 2 2
cam_16 6898 2 1
cam_16 6964 2 2
cam_16 660 1 1
cam_16 6954 2 1
cam_16 6912 2 1
cam_16 766 2 2
cam_16 6936 2 1
cam_16 6946 2 1
cam_16 6961 2 1
cam_16 6966 2 1
cam_16 7012 2 2
cam_16 7053 3 1
cam_16 7017 1 1
cam_16 7212 2 1
cam_16 7000 2 1
cam_16 7017 2 2
cam_16 7098 1 1
cam_16 7044 2 1
cam_16 675 1 1
cam_16 7042 2 1
cam_16 7044 2 1
cam_16 681 1 1
cam_16 7075 2 1
cam_16 7077 2 1
cam_16 7179 2 1
cam_16 7149 2 1
cam_16 7140 1 1
cam_16 7173 2 1
cam_16 7252 2 2
cam_16 7243 2 1
cam_16 7216 2 4
cam_16 7221 1 1
cam_16 7294 3 2
cam_16 7221 2 1
cam_16 7221 1 1
cam_16 7228 2 1
cam_16 7299 2 2
cam_16 7284 2 2
cam_16 7288 2 2
cam_16 7305 2 1
cam_16 7384 2 2
cam_16 766 2 2
cam_16 7342 2 1
cam_16 7375 2 4
cam_16 7393 1 1
cam_16 7368 1 1
cam_16 7386 1 1
cam_16 7393 1 1
cam_16 7393 1 1
cam_16 7536 2 1
cam_16 793 2 2
cam_16 7470 2 1
cam_16 7447 2 1
cam_16 721 2 2
cam_16 7438 1 1
cam_16 7563 1 1
cam_16 7444 1 1
cam_16 7464 1 1
cam_16 7465 2 1
cam_16 7518 1 1
cam_16 7510 2 1
cam_16 7518 2 1
cam_16 7513 1 1
cam_16 7557 1 1
cam_16 741 2 1
cam_16 7537 2 2
cam_16 7530 2 2
cam_16 7557 2 2
cam_16 7540 2 2
cam_16 7555 2 1
cam_16 7539 2 1
cam_16 7564 1 1
cam_16 102 2 2
cam_16 7597 2 2
cam_16 7576 2 1
cam_16 7590 2 1
cam_16 7609 2 1
cam_16 7626 2 1
cam_16 7614 2 1
cam_16 7611 1 1
cam_16 7780 2 1
cam_16 7649 2 1
cam_16 7636 2 1
cam_16 766 2 1
cam_16 7839 1 1
cam_16 7677 2 1
cam_16 7677 2 1
cam_16 7671 2 1
cam_16 7680 1 1
cam_16 7696 2 1
cam_16 7705 2 1
cam_16 7716 2 1
cam_16 7744 2 2
cam_16 7729 1 1
cam_16 7719 2 1
cam_16 7740 2 1
cam_16 7729 2 1
cam_16 7740 2 1
cam_16 7803 2 2
cam_16 7912 2 2
cam_16 7750 2 2
cam_16 7774 2 4
cam_16 7785 2 2
cam_16 7785 1 1
cam_16 7890 2 1
cam_16 7822 2 4
cam_16 7792 2 2
cam_16 766 1 1
cam_16 7801 2 2
cam_16 7951 2 1
cam_16 7875 2 4
cam_16 7839 2 4
cam_16 7893 2 2
cam_16 7867 2 1
cam_16 7908 2 4
cam_16 7912 2 4
cam_16 7893 1 1
cam_16 7881 2 2
cam_16 7989 2 1
cam_16 822 2 2
cam_16 7885 2 1
cam_16 7974 1 1
cam_16 7938 2 1
cam_16 7926 1 1
cam_16 8014 2 1
cam_16 745 2 1
cam_16 7966 2 4
cam_16 7996 2 2
cam_16 7996 2 1
cam_16 8040 1 1
cam_16 8149 3 2
cam_16 8020 2 1
cam_16 8058 1 1
cam_16 8068 1 1
cam_16 8068 2 4
cam_16 8056 2 1
cam_16 1014 2 2
cam_16 8106 2 1
cam_16 8076 2 1
cam_16 8142 2 1
cam_16 8105 2 1
cam_16 8124 1 1
cam_16 8149 2 1
cam_16 8133 1 1
cam_16 8142 2 1
cam_16 8194 2 2
cam_16 8239 3 4
cam_16 8203 2 2
cam_16 8217 2 1
cam_16 8260 2 1
