cam_13 6366 2 1
cam_13 6402 2 1
cam_13 6420 1 1
cam_13 6420 2 1
cam_13 6474 2 1
cam_13 6453 1 2
cam_13 6468 1 4
cam_13 6544 2 1
cam_13 6478 2 1
cam_13 6546 1 2
cam_13 6529 2 1
cam_13 6495 2 1
cam_13 6564 1 1
cam_13 6567 2 1
cam_13 6574 2 1
cam_13 6636 2 1
cam_13 6723 2 4
cam_13 6678 2 1
cam_13 6739 2 1
cam_13 648 1 1
cam_13 6751 2 1
cam_13 6751 1 1
cam_13 6780 1 1
cam_13 6844 2 1
cam_13 6814 1 1
cam_13 544 2 1
cam_13 6855 1 1
cam_13 6873 1 1
cam_13 6925 2 4
cam_13 6913 1 4
cam_13 6888 1 2
cam_13 6954 1 1
cam_13 6931 1 1
cam_13 6970 1 1
cam_13 7011 1 1
cam_13 7055 2 1
cam_13 7110 2 2
cam_13 7086 1 1
cam_13 7198 1 1
cam_13 7228 1 2
cam_13 7276 1 1
cam_13 7323 2 2
cam_13 7365 1 1
cam_13 7413 2 1
cam_13 7420 2 1
cam_13 7395 2 1
cam_13 7459 1 1
cam_13 7441 2 1
cam_13 7414 2 1
cam_13 7458 2 1
cam_13 7500 1 1
cam_13 7443 1 1
cam_13 7480 1 1
cam_13 7503 2 4
cam_13 7497 2 1
cam_13 7476 1 4
cam_13 7525 2 1
cam_13 7545 2 1
cam_13 7534 1 1
cam_13 7555 2 1
cam_13 7554 1 1
cam_13 7555 2 4
cam_13 7605 1 1
cam_13 7683 2 1
cam_13 570 2 4
cam_13 7626 2 1
cam_13 7636 2 1
cam_13 7639 2 1
cam_13 645 2 4
cam_13 7650 2 1
cam_13 7639 2 1
cam_13 933 1 4
cam_13 7648 2 1
cam_13 7675 2 1
cam_13 7740 2 1
cam_13 7765 2 1
cam_13 7803 1 1
cam_13 7852 1 1
cam_13 678 1 1
cam_13 7851 2 4
cam_13 7846 1 1
cam_13 7875 2 1
cam_13 7900 1 1
cam_13 7954 1 4
cam_13 7944 1 1
cam_13 672 2 1
cam_13 7945 1 1
cam_13 8011 2 1
cam_13 7993 1 1
cam_13 7978 1 1
cam_13 631 2 1
cam_13 8011 1 1
cam_13 8001 2 1
cam_13 696 1 1
cam_13 8035 2 4
cam_13 8095 2 1
cam_13 8106 2 4
cam_13 8118 1 1
cam_13 8122 1 1
cam_13 8160 2 4
cam_13 8139 2 1
cam_13 679 2 1
cam_13 8143 2 1
cam_13 8197 1 1
cam_13 712 2 4
cam_13 8242 2 4
cam_13 8398 1 1
cam_13 8320 1 1
cam_13 8352 2 1
cam_13 8374 1 1
cam_13 8397 1 1
cam_13 8515 1 1
cam_13 8529 1 1
cam_13 8587 2 1
cam_13 8646 2 1
cam_13 8656 1 1
cam_13 8631 2 1
cam_13 88 1 1
cam_13 8802 1 1
cam_13 8688 2 1
cam_13 8740 2 1
cam_13 8695 1 4
cam_13 753 2 4
cam_13 8764 1 3
cam_13 8775 2 1
cam_13 8796 1 1
cam_13 8794 2 1
cam_13 8796 1 1
cam_13 8851 1 2
cam_13 8911 2 1
cam_13 9036 1 2
cam_13 8902 2 1
cam_13 8931 2 1
cam_13 8929 2 1
cam_13 735 2 4
cam_13 8899 2 1
cam_13 8992 2 4
cam_13 8940 1 1
cam_13 8961 2 1
cam_13 8934 1 1
cam_13 8992 2 1
cam_13 9003 2 1
cam_13 9037 1 1
cam_13 9023 2 1
cam_13 9129 2 1
cam_13 9052 2 1
cam_13 9015 2 1
cam_13 9055 1 1
cam_13 9091 2 1
cam_13 9096 2 1
cam_13 9034 2 1
cam_13 9118 2 1
cam_13 9127 2 1
cam_13 9201 1 4
cam_13 9261 2 1
cam_13 121 1 1
cam_13 9318 1 2
cam_13 9555 1 1
cam_13 9369 1 1
cam_13 9310 2 1
cam_13 9319 2 1
cam_13 9319 2 1
cam_13 9363 2 1
cam_13 9414 1 1
cam_13 9403 1 1
cam_13 9466 1 1
cam_13 9430 1 1
cam_13 9484 1 2
cam_13 9478 2 4
cam_13 9498 1 1
cam_13 9496 1 1
cam_13 9555 2 1
cam_13 739 2 1
cam_13 9528 2 1
cam_13 9579 1 4
cam_13 9555 2 1
cam_13 9604 2 1
cam_13 9622 2 1
cam_13 9661 1 1
cam_13 9697 2 2
cam_13 9744 2 1
cam_13 9709 2 1
cam_13 9741 2 1
cam_13 9778 1 1
cam_13 763 2 3
cam_13 9772 1 4
cam_13 9780 1 2
cam_13 9771 1 1
cam_13 9838 1 1
cam_13 9853 2 1
cam_13 9868 1 1
cam_13 9877 2 1
cam_13 9921 2 1
cam_13 9925 1 1
cam_13 10002 2 4
cam_13 9999 2 1
cam_13 10002 2 4
cam_13 10035 2 4
cam_13 10075 1 1
cam_13 10027 2 2
cam_13 10051 1 1
cam_13 10093 1 1
cam_13 10081 2 1
cam_13 10173 1 1
cam_13 10161 2 1
cam_13 10195 1 1
cam_13 10233 1 1
cam_13 10284 1 4
cam_13 10299 1 1
cam_13 10324 2 1
cam_13 10339 2 1
cam_13 10345 2 1
cam_13 10357 1 1
cam_13 10360 2 1
cam_13 10357 1 1
cam_13 10417 2 4
cam_13 10357 2 1
cam_13 10401 1 1
cam_13 10428 2 1
cam_13 10477 2 1
cam_13 10468 2 1
cam_13 10488 2 1
cam_13 10502 2 4
cam_13 10500 2 1
cam_13 10555 1 1
cam_13 10500 2 1
cam_13 10540 2 1
cam_13 10644 2 4
cam_13 795 2 4
cam_13 10692 2 1
cam_13 10675 1 1
cam_13 10690 2 4
cam_13 10675 2 1
cam_13 10740 2 4
cam_13 10711 2 1
cam_13 184 2 1
cam_13 10807 2 1
cam_13 10803 2 4
cam_13 10839 1 1
cam_13 10869 1 1
cam_13 10834 1 4
cam_13 10888 2 1
cam_13 10983 1 1
cam_13 10966 2 1
cam_13 11179 1 1
cam_13 11097 1 1
cam_13 11098 1 1
cam_13 11095 1 4
cam_13 11121 2 4
cam_13 11113 2 1
cam_13 11113 2 1
cam_13 11113 2 1
cam_13 11136 1 1
cam_13 11122 2 1
cam_13 11170 1 1
cam_13 11143 2 1
cam_13 11194 2 1
cam_13 11259 2 4
cam_13 11238 1 4
cam_13 11237 2 1
cam_13 11245 2 1
cam_13 11241 2 1
cam_13 11212 2 1
cam_13 11218 2 1
cam_13 11347 2 1
cam_13 11325 2 1
cam_13 844 1 1
cam_13 11265 2 1
cam_13 11325 2 2
cam_13 136 1 1
cam_13 11299 1 1
cam_13 895 2 1
cam_13 11317 2 1
cam_13 876 2 1
cam_13 924 2 2
cam_13 11317 2 1
cam_13 11379 2 2
cam_13 11359 1 2
cam_13 11373 2 1
cam_13 11449 2 1
cam_13 11446 2 1
cam_13 11451 2 1
cam_13 11389 2 2
cam_13 11478 1 2
cam_13 11463 1 4
cam_13 11499 1 1
cam_13 11469 1 1
cam_13 11508 1 1
cam_13 11610 1 1
cam_13 11547 1 1
cam_13 921 2 1
cam_13 11560 2 1
cam_13 11613 1 1
cam_13 11589 1 1
cam_13 11568 2 4
cam_13 11566 2 1
cam_13 11607 1 1
cam_13 11605 2 1
cam_13 11683 2 1
cam_13 11698 1 1
cam_13 11737 2 1
cam_13 11755 1 1
cam_13 11766 1 1
cam_13 11739 2 1
cam_13 11812 2 1
cam_13 11812 1 1
cam_13 11847 1 1
cam_13 11893 2 1
cam_13 11896 1 1
cam_13 11896 2 1
cam_13 11988 2 4
cam_13 883 2 1
cam_13 12007 2 1
cam_13 12066 1 4
cam_13 12018 2 1
cam_13 12137 1 4
cam_13 12222 1 1
cam_13 12241 2 1
cam_13 12414 2 1
cam_13 12358 1 1
cam_13 12424 1 1
cam_13 12363 2 1
cam_13 12424 2 1
cam_13 12450 1 4
cam_13 12412 2 1
cam_13 12427 2 1
cam_13 12456 1 4
cam_13 12463 2 1
cam_13 12463 2 1
cam_13 12505 2 1
cam_13 12520 2 1
cam_13 12528 2 1
cam_13 12589 1 4
cam_13 226 2 4
cam_13 958 2 1
cam_13 12583 2 1
cam_13 12603 2 1
cam_13 12543 2 1
cam_13 12633 1 1
cam_13 12610 1 1
cam_13 12616 1 1
cam_13 12637 2 1
cam_13 12583 1 4
cam_13 12673 1 1
cam_13 945 1 1
cam_13 12823 1 4
cam_13 12684 2 1
cam_13 12700 2 1
cam_13 12732 1 1
cam_13 12742 2 1
cam_13 12781 2 1
cam_13 12816 2 1
cam_13 12769 2 1
cam_13 12829 2 1
cam_13 12829 2 1
cam_13 12852 1 4
cam_13 12844 2 1
cam_13 12946 2 1
cam_13 12991 2 4
cam_13 12990 2 1
cam_13 13038 2 1
cam_13 13077 2 4
cam_13 13038 1 1
cam_13 13078 2 2
cam_13 13146 2 2
cam_13 13140 1 2
cam_13 13137 2 1
cam_13 13180 2 1
cam_13 13236 1 1
cam_13 13148 2 1
cam_13 13201 2 1
cam_13 13188 2 1
cam_13 13165 1 1
cam_13 13197 2 1
cam_13 13175 2 1
cam_13 13218 2 1
cam_13 1000 2 1
cam_13 13219 2 3
cam_13 13194 2 1
cam_13 13239 2 4
cam_13 13242 2 1
cam_13 13201 2 1
cam_13 237 2 1
cam_13 1006 2 1
cam_13 13242 1 1
cam_13 13242 1 1
cam_13 990 2 2
cam_13 13270 1 1
cam_13 1066 2 1
cam_13 13282 2 1
cam_13 13344 1 1
cam_13 13306 2 2
cam_13 13315 2 2
cam_13 13315 2 1
cam_13 13389 2 1
cam_13 13384 1 1
cam_13 13342 1 1
cam_13 13356 2 1
cam_13 13437 2 4
cam_13 13451 2 4
cam_13 13500 1 2
cam_13 13500 1 1
cam_13 990 2 1
cam_13 13500 2 1
cam_13 1032 1 4
cam_13 13500 2 1
cam_13 1045 2 1
cam_13 1063 2 1
cam_13 1060 2 1
cam_13 1105 1 1
cam_13 265 1 2
cam_13 1095 1 1
cam_13 1114 1 1
cam_13 1129 1 1
cam_13 271 2 4
cam_13 1135 2 1
cam_13 1149 1 1
cam_13 1146 1 4
cam_13 1149 2 1
cam_13 1176 2 2
cam_13 1209 2 1
cam_13 1234 1 4
cam_13 1273 2 1
cam_13 1281 2 1
cam_13 1306 1 1
cam_13 1369 1 1
cam_13 279 2 3
cam_13 1368 1 1
cam_13 1441 1 4
cam_13 1533 1 1
cam_13 1450 1 4
cam_13 1533 2 2
cam_13 1623 1 1
cam_13 1555 2 2
cam_13 1537 1 1
cam_13 1555 2 1
cam_13 1560 2 2
cam_13 279 2 2
cam_13 1630 2 2
cam_13 1618 2 1
cam_13 1654 1 1
cam_13 1672 2 1
cam_13 1756 2 4
cam_13 1746 1 4
cam_13 51 1 1
cam_13 1761 2 1
cam_13 1785 1 1
cam_13 1785 1 4
cam_13 1851 2 1
cam_13 1962 2 1
cam_13 2088 1 2
cam_13 2079 2 4
cam_13 2025 2 1
cam_13 2076 1 1
cam_13 2088 2 1
cam_13 2088 2 1
cam_13 2088 2 1
cam_13 2142 2 1
cam_13 2185 2 1
cam_13 2224 2 1
cam_13 2311 2 1
cam_13 2331 2 1
cam_13 2358 2 1
cam_13 2377 1 1
cam_13 279 2 1
cam_13 2401 2 1
cam_13 2461 2 1
cam_13 2491 2 1
cam_13 301 2 1
cam_13 2518 1 1
cam_13 2508 1 1
cam_13 2547 2 1
cam_13 2521 2 4
cam_13 30 2 1
cam_13 2553 2 4
cam_13 2569 2 4
cam_13 2616 1 1
cam_13 2632 1 1
cam_13 2659 1 2
cam_13 2688 1 1
cam_13 2709 2 1
cam_13 2745 2 1
cam_13 2748 1 1
cam_13 2758 2 1
cam_13 2917 1 4
cam_13 2799 1 1
cam_13 2800 2 1
cam_13 2838 2 1
cam_13 2907 2 2
cam_13 2904 2 1
cam_13 3042 1 1
cam_13 3063 1 2
cam_13 3111 2 2
cam_13 3109 2 4
cam_13 3121 1 1
cam_13 3261 2 4
cam_13 3243 2 1
cam_13 3250 1 1
cam_13 3238 1 4
cam_13 3217 1 1
cam_13 3289 2 1
cam_13 3280 2 1
cam_13 3253 1 1
cam_13 3261 1 2
cam_13 301 2 1
cam_13 3288 2 1
cam_13 3304 2 1
cam_13 3309 2 4
cam_13 3322 2 1
cam_13 3306 1 1
cam_13 3339 1 1
cam_13 3352 2 1
cam_13 3432 2 1
cam_13 3382 1 1
cam_13 3414 1 1
cam_13 3429 1 1
cam_13 3415 2 1
cam_13 3418 2 1
cam_13 3448 2 4
cam_13 3528 2 2
cam_13 301 2 1
cam_13 3504 2 1
cam_13 3622 2 1
cam_13 3610 2 1
cam_13 3643 1 1
cam_13 337 2 1
cam_13 3678 2 1
cam_13 3691 1 1
cam_13 3699 2 1
cam_13 367 2 1
cam_13 3724 2 1
cam_13 3774 2 4
cam_13 3780 1 1
cam_13 3771 2 1
cam_13 3741 1 2
cam_13 3763 2 4
cam_13 360 2 1
cam_13 3816 2 1
cam_13 3822 2 1
cam_13 322 2 1
cam_13 3877 2 1
cam_13 3868 1 1
cam_13 3817 2 1
cam_13 3865 1 4
cam_13 376 2 4
cam_13 3867 2 1
cam_13 3951 2 1
cam_13 3940 2 1
cam_13 3940 2 1
cam_13 3997 1 1
cam_13 3999 2 1
cam_13 4002 2 1
cam_13 4026 1 2
cam_13 4068 2 4
cam_13 4047 2 1
cam_13 4047 2 1
cam_13 4093 1 1
cam_13 360 2 1
cam_13 4090 2 1
cam_13 4183 1 1
cam_13 4297 1 2
cam_13 4183 2 1
cam_13 4183 2 1
cam_13 4261 2 1
cam_13 361 2 1
cam_13 4252 2 1
cam_13 466 2 1
cam_13 4384 2 1
cam_13 4378 2 1
cam_13 4399 2 1
cam_13 4413 2 1
cam_13 4467 2 4
cam_13 4555 1 4
cam_13 4404 2 4
cam_13 4453 2 1
cam_13 4442 2 2
cam_13 424 1 2
cam_13 4480 2 4
cam_13 4501 1 1
cam_13 4497 2 1
cam_13 4570 1 1
cam_13 4510 2 4
cam_13 4561 1 1
cam_13 4564 2 4
cam_13 4573 2 4
cam_13 4635 2 4
cam_13 4626 2 1
cam_13 4725 1 1
cam_13 4642 1 1
cam_13 4672 2 1
cam_13 4689 2 1
cam_13 4734 2 1
cam_13 4756 2 2
cam_13 4728 2 1
cam_13 444 2 1
cam_13 4752 2 1
cam_13 4752 2 1
cam_13 507 1 2
cam_13 445 2 4
cam_13 4791 2 1
cam_13 4801 2 1
cam_13 4803 2 1
cam_13 441 2 1
cam_13 4803 2 1
cam_13 4854 2 4
cam_13 4815 2 1
cam_13 4858 1 2
cam_13 4863 2 1
cam_13 391 2 1
cam_13 4875 1 2
cam_13 4917 1 2
cam_13 4914 2 1
cam_13 4918 2 1
cam_13 4938 2 2
cam_13 4968 2 4
cam_13 4939 2 4
cam_13 4939 2 2
cam_13 4939 2 1
cam_13 465 1 1
cam_13 5004 2 1
cam_13 4990 1 1
cam_13 4987 1 1
cam_13 4995 2 1
cam_13 471 2 1
cam_13 5004 2 1
cam_13 4998 2 1
cam_13 5004 2 1
cam_13 5032 2 1
cam_13 483 1 4
cam_13 5020 2 1
cam_13 5059 2 2
cam_13 5059 2 1
cam_13 510 2 2
cam_13 5086 2 1
cam_13 5086 2 1
cam_13 5148 2 1
cam_13 535 2 1
cam_13 5191 2 1
cam_13 5113 2 1
cam_13 5167 2 1
cam_13 5176 2 2
cam_13 5151 2 1
cam_13 520 1 4
cam_13 5191 2 1
cam_13 5242 2 4
cam_13 5284 2 4
cam_13 5233 2 1
cam_13 5242 2 1
cam_13 5302 2 1
cam_13 5362 2 1
cam_13 5362 2 1
cam_13 5413 2 1
cam_13 5467 1 1
cam_13 5650 2 4
cam_13 5724 2 4
cam_13 5818 2 2
cam_13 5845 2 2
cam_13 5877 2 1
cam_13 5917 1 2
cam_13 5892 2 1
cam_13 5929 1 4
cam_13 5919 2 1
cam_13 5919 2 1
cam_13 5968 1 1
cam_13 5955 2 1
cam_13 5950 1 1
cam_13 5995 1 2
cam_13 5971 2 1
cam_13 6006 1 1
cam_13 6061 2 1
cam_13 6061 2 1
cam_13 6061 2 1
cam_13 6076 1 1
cam_13 6043 1 1
cam_13 6061 1 1
cam_13 6061 2 1
cam_13 6061 2 1
cam_13 6075 2 1
cam_13 6079 2 1
cam_13 6121 2 1
cam_13 6139 2 1
cam_13 6095 2 1
cam_13 6121 2 1
cam_13 6115 2 1
cam_13 6186 2 2
cam_13 6162 1 1
cam_13 6219 1 1
cam_13 6217 1 1
cam_13 6319 1 2
cam_13 6334 1 1
cam_13 6300 2 1
cam_13 6337 2 1
cam_13 6360 2 1
cam_13 6306 2 1
cam_13 6309 2 1
cam_13 6369 2 1
