cam_20 13171 4 1
cam_20 13176 4 1
cam_20 13183 5 1
cam_20 13218 5 1
cam_20 13198 5 1
cam_20 13200 4 1
cam_20 13209 4 1
cam_20 13215 4 1
cam_20 13224 4 1
cam_20 13225 4 1
cam_20 13231 4 1
cam_20 13279 5 1
cam_20 13243 4 1
cam_20 13260 4 1
cam_20 1245 5 1
cam_20 13290 5 1
cam_20 13267 4 1
cam_20 13266 5 2
cam_20 13500 5 1
cam_20 13323 4 2
cam_20 13306 5 1
cam_20 13281 4 2
cam_20 13312 4 1
cam_20 13290 4 2
cam_20 13300 4 1
cam_20 13308 5 3
cam_20 13300 5 1
cam_20 13479 5 1
cam_20 13351 5 1
cam_20 13315 5 1
cam_20 13326 4 1
cam_20 13330 5 1
cam_20 13323 5 1
cam_20 13330 4 1
cam_20 13339 4 1
cam_20 13353 4 1
cam_20 13347 5 1
cam_20 13389 4 1
cam_20 13500 5 1
cam_20 13474 5 1
cam_20 13500 5 1
cam_20 13408 4 1
cam_20 13416 4 1
cam_20 13423 4 1
cam_20 13431 4 1
cam_20 13425 4 1
cam_20 13435 4 1
cam_20 13434 4 1
cam_20 1161 5 1
cam_20 13438 4 1
cam_20 13489 4 1
cam_20 13444 4 1
cam_20 13443 4 1
cam_20 13500 5 1
cam_20 13497 4 1
cam_20 13500 4 1
cam_20 13447 4 1
cam_20 13449 5 1
cam_20 1165 5 1
cam_20 13497 5 1
cam_20 13471 5 1
cam_20 13498 5 1
cam_20 13482 5 1
cam_20 13494 5 1
cam_20 2109 4 1
cam_20 1278 4 1
cam_20 1192 4 1
cam_20 175 5 1
cam_20 1518 5 1
cam_20 1276 4 1
cam_20 1393 5 1
cam_20 492 5 1
cam_20 1332 5 1
cam_20 1306 5 1
cam_20 1302 4 1
cam_20 1300 5 1
cam_20 151 5 1
cam_20 1321 5 1
cam_20 1514 5 1
cam_20 1329 5 1
cam_20 217 5 1
cam_20 1303 4 1
cam_20 1297 4 1
cam_20 188 5 1
cam_20 1317 5 1
cam_20 157 5 1
cam_20 1371 4 1
cam_20 1329 5 1
cam_20 1336 5 1
cam_20 1398 4 1
cam_20 1433 5 1
cam_20 1420 5 1
cam_20 1446 5 1
cam_20 1507 5 1
cam_20 1519 5 1
cam_20 1476 5 2
cam_20 1506 5 1
cam_20 186 5 1
cam_20 1545 5 1
cam_20 1678 5 1
cam_20 1524 5 1
cam_20 1698 4 1
cam_20 1791 5 1
cam_20 1527 4 1
cam_20 1594 5 1
cam_20 1683 4 1
cam_20 1548 5 2
cam_20 1647 2 1
cam_20 1594 4 2
cam_20 1561 5 1
cam_20 1638 5 1
cam_20 1632 5 1
cam_20 1669 5 1
cam_20 1657 5 1
cam_20 1657 2 1
cam_20 1606 4 1
cam_20 1666 2 1
cam_20 2344 5 1
cam_20 1677 5 1
cam_20 1959 5 1
cam_20 1687 2 1
cam_20 1647 5 1
cam_20 1665 4 1
cam_20 1878 5 1
cam_20 1939 5 1
cam_20 1650 4 1
cam_20 1714 5 2
cam_20 1909 5 1
cam_20 1672 5 1
cam_20 1722 4 1
cam_20 1767 5 1
cam_20 1711 4 2
cam_20 1758 2 2
cam_20 1960 4 1
cam_20 2359 5 1
cam_20 1794 2 1
cam_20 1752 5 2
cam_20 1933 5 2
cam_20 1834 5 1
cam_20 1794 4 1
cam_20 1779 5 1
cam_20 1782 5 1
cam_20 30 5 1
cam_20 2073 5 1
cam_20 1750 5 1
cam_20 1830 5 1
cam_20 2113 5 1
cam_20 1974 4 1
cam_20 1807 5 1
cam_20 1837 5 1
cam_20 1907 5 1
cam_20 1813 4 1
cam_20 1784 5 1
cam_20 1840 5 1
cam_20 1902 5 1
cam_20 2125 5 1
cam_20 207 5 1
cam_20 1990 5 1
cam_20 1872 5 1
cam_20 224 5 1
cam_20 1866 4 1
cam_20 1869 5 1
cam_20 2052 5 1
cam_20 1891 5 1
cam_20 1968 4 1
cam_20 1906 5 1
cam_20 2054 5 1
cam_20 2199 5 1
cam_20 2117 5 1
cam_20 1980 5 1
cam_20 1958 4 1
cam_20 2038 4 1
cam_20 1984 5 1
cam_20 2047 4 1
cam_20 2002 5 1
cam_20 2271 5 1
cam_20 2023 5 1
cam_20 2521 5 1
cam_20 2091 2 1
cam_20 2077 5 1
cam_20 2067 5 1
cam_20 2075 5 1
cam_20 2133 4 1
cam_20 2119 5 1
cam_20 210 5 1
cam_20 2106 5 2
cam_20 2163 5 1
cam_20 2113 5 1
cam_20 2361 5 1
cam_20 2250 4 2
cam_20 2313 5 1
cam_20 2265 4 1
cam_20 2157 5 1
cam_20 2118 4 1
cam_20 2202 5 1
cam_20 2127 5 1
cam_20 2161 5 1
cam_20 2133 5 1
cam_20 2128 5 1
cam_20 2197 5 1
cam_20 2164 5 2
cam_20 2152 5 1
cam_20 2155 5 1
cam_20 2151 5 1
cam_20 2185 5 1
cam_20 696 5 1
cam_20 2445 4 1
cam_20 2333 5 1
cam_20 2243 5 1
cam_20 2319 5 1
cam_20 2304 5 2
cam_20 2253 4 1
cam_20 2325 5 1
cam_20 2283 5 1
cam_20 2268 5 1
cam_20 2803 4 1
cam_20 2266 4 1
cam_20 3020 5 1
cam_20 2313 4 1
cam_20 2766 4 1
cam_20 604 5 1
cam_20 2409 5 1
cam_20 2351 5 1
cam_20 2563 5 1
cam_20 21 5 1
cam_20 2797 4 1
cam_20 2335 4 1
cam_20 2425 5 1
cam_20 2362 5 1
cam_20 2407 5 1
cam_20 2406 5 1
cam_20 2397 5 1
cam_20 2530 5 1
cam_20 2377 4 1
cam_20 2446 4 1
cam_20 2407 5 1
cam_20 2439 4 1
cam_20 223 4 1
cam_20 2574 5 1
cam_20 2775 5 1
cam_20 2641 5 2
cam_20 2418 5 1
cam_20 2430 5 1
cam_20 2416 4 1
cam_20 2425 4 1
cam_20 2425 5 1
cam_20 2442 5 1
cam_20 2548 5 1
cam_20 2488 5 1
cam_20 2460 5 1
cam_20 2475 4 1
cam_20 2496 5 1
cam_20 2664 5 1
cam_20 2503 5 1
cam_20 2490 4 1
cam_20 2799 5 1
cam_20 2524 5 1
cam_20 2494 4 1
cam_20 2742 5 1
cam_20 2500 4 1
cam_20 2623 5 1
cam_20 2524 5 1
cam_20 2530 5 1
cam_20 2688 5 1
cam_20 3036 5 1
cam_20 2539 4 1
cam_20 2565 5 1
cam_20 2700 4 1
cam_20 2572 5 1
cam_20 2676 5 2
cam_20 2740 5 1
cam_20 2644 4 2
cam_20 2758 4 1
cam_20 2698 5 2
cam_20 2672 5 1
cam_20 2650 4 1
cam_20 2899 5 1
cam_20 2895 5 1
cam_20 2733 5 1
cam_20 2772 5 1
cam_20 2758 5 2
cam_20 2707 4 1
cam_20 2782 5 1
cam_20 2712 5 1
cam_20 2896 5 1
cam_20 2718 4 1
cam_20 2797 2 1
cam_20 2802 5 2
cam_20 2737 4 1
cam_20 2725 4 1
cam_20 2731 4 1
cam_20 2791 5 1
cam_20 2764 5 1
cam_20 2817 5 1
cam_20 2767 4 1
cam_20 2775 5 2
cam_20 2802 5 1
cam_20 2809 4 1
cam_20 2863 5 1
cam_20 2833 4 1
cam_20 2919 5 1
cam_20 2896 5 1
cam_20 2925 4 1
cam_20 2935 4 1
cam_20 2985 5 1
cam_20 2929 5 1
cam_20 2901 5 1
cam_20 2890 5 2
cam_20 2917 4 1
cam_20 3026 5 1
cam_20 2964 5 1
cam_20 2956 5 1
cam_20 3141 5 1
cam_20 3025 5 1
cam_20 3037 5 1
cam_20 3292 5 1
cam_20 2980 4 2
cam_20 3018 4 1
cam_20 3039 5 1
cam_20 3235 5 1
cam_20 3172 5 1
cam_20 3070 5 1
cam_20 3013 4 1
cam_20 3022 5 1
cam_20 3351 4 1
cam_20 3034 5 1
cam_20 3082 5 1
cam_20 3157 5 1
cam_20 3069 4 1
cam_20 3292 5 1
cam_20 3120 5 1
cam_20 3082 5 1
cam_20 3172 5 1
cam_20 3353 5 1
cam_20 478 4 1
cam_20 348 5 1
cam_20 3303 5 2
cam_20 3108 5 1
cam_20 3255 4 1
cam_20 3108 4 1
cam_20 3198 5 1
cam_20 3511 5 1
cam_20 3453 4 1
cam_20 3142 5 1
cam_20 516 4 1
cam_20 3162 5 1
cam_20 3189 5 1
cam_20 3435 5 1
cam_20 3177 4 1
cam_20 3253 5 1
cam_20 3183 5 1
cam_20 3190 4 1
cam_20 3262 5 1
cam_20 3322 2 1
cam_20 3503 5 1
cam_20 3331 5 2
cam_20 3354 5 1
cam_20 358 5 1
cam_20 3345 5 2
cam_20 3279 5 2
cam_20 3459 4 1
cam_20 394 2 1
cam_20 3262 4 1
cam_20 3516 5 1
cam_20 393 4 1
cam_20 3271 4 1
cam_20 3379 2 1
cam_20 3372 5 1
cam_20 3297 5 2
cam_20 3946 5 1
cam_20 3298 4 1
cam_20 3354 5 1
cam_20 3538 5 1
cam_20 565 5 1
cam_20 3346 4 1
cam_20 3416 5 1
cam_20 3403 5 1
cam_20 3355 5 1
cam_20 3307 4 1
cam_20 3312 4 1
cam_20 3336 4 1
cam_20 3325 4 1
cam_20 3325 4 1
cam_20 3672 5 1
cam_20 3394 2 1
cam_20 3397 5 1
cam_20 3436 5 1
cam_20 3456 4 1
cam_20 321 4 1
cam_20 3499 5 1
cam_20 3523 5 1
cam_20 3832 4 1
cam_20 3391 5 1
cam_20 3444 5 1
cam_20 3393 4 1
cam_20 3397 4 1
cam_20 588 5 1
cam_20 3412 5 1
cam_20 3658 5 1
cam_20 3443 5 1
cam_20 325 4 1
cam_20 3840 4 1
cam_20 3432 4 1
cam_20 3426 4 1
cam_20 3442 4 1
cam_20 3588 5 1
cam_20 3870 5 1
cam_20 3553 4 1
cam_20 3472 4 1
cam_20 3465 5 1
cam_20 3489 4 1
cam_20 330 4 1
cam_20 3895 5 1
cam_20 3639 5 1
cam_20 3815 4 1
cam_20 33 5 1
cam_20 3988 2 1
cam_20 3548 5 1
cam_20 3690 4 1
cam_20 3576 4 1
cam_20 376 5 1
cam_20 3513 5 2
cam_20 3910 4 1
cam_20 3573 4 1
cam_20 3580 5 1
cam_20 3534 5 1
cam_20 3579 5 1
cam_20 3591 5 1
cam_20 3573 5 1
cam_20 454 4 1
cam_20 3565 4 1
cam_20 3571 4 1
cam_20 3583 4 1
cam_20 4107 5 1
cam_20 3597 5 1
cam_20 3616 4 1
cam_20 3681 4 1
cam_20 3717 5 1
cam_20 3631 4 1
cam_20 3618 4 1
cam_20 642 5 2
cam_20 3669 4 1
cam_20 3651 4 1
cam_20 3681 4 1
cam_20 817 5 1
cam_20 3715 5 1
cam_20 3907 4 1
cam_20 3837 4 1
cam_20 3691 5 1
cam_20 3670 5 1
cam_20 3672 4 1
cam_20 3700 5 1
cam_20 3682 4 1
cam_20 3973 5 1
cam_20 3951 5 1
cam_20 3816 4 1
cam_20 643 5 1
cam_20 3987 5 1
cam_20 3967 2 1
cam_20 3933 5 1
cam_20 3877 4 1
cam_20 3870 4 1
cam_20 3937 5 1
cam_20 3922 5 1
cam_20 3895 4 1
cam_20 3944 5 1
cam_20 3916 5 1
cam_20 3961 4 2
cam_20 3973 4 1
cam_20 3936 5 1
cam_20 696 4 2
cam_20 4116 5 1
cam_20 4018 4 1
cam_20 370 4 1
cam_20 3970 5 1
cam_20 3986 5 1
cam_20 3985 4 1
cam_20 4027 4 1
cam_20 3994 5 1
cam_20 3997 5 1
cam_20 4436 5 1
cam_20 504 4 1
cam_20 4104 5 1
cam_20 4097 5 1
cam_20 4278 5 1
cam_20 4126 5 1
cam_20 423 5 1
cam_20 4441 5 1
cam_20 4155 4 1
cam_20 4473 5 1
cam_20 4278 5 1
cam_20 4171 4 1
cam_20 4107 4 1
cam_20 4111 5 1
cam_20 4224 4 1
cam_20 4114 4 1
cam_20 4136 5 1
cam_20 4241 5 1
cam_20 4171 2 2
cam_20 398 5 1
cam_20 4234 5 1
cam_20 4125 4 1
cam_20 4134 5 1
cam_20 4186 5 1
cam_20 4179 4 1
cam_20 4425 5 1
cam_20 4782 5 1
cam_20 4240 3 1
cam_20 583 5 1
cam_20 4174 5 1
cam_20 4186 5 1
cam_20 4161 4 1
cam_20 4470 5 1
cam_20 4156 4 1
cam_20 4326 4 1
cam_20 4284 5 1
cam_20 4234 5 1
cam_20 397 5 2
cam_20 4189 4 1
cam_20 434 5 1
cam_20 4201 4 1
cam_20 4283 5 1
cam_20 4219 5 1
cam_20 4283 5 1
cam_20 4276 5 1
cam_20 4272 5 1
cam_20 4266 5 1
cam_20 4368 2 1
cam_20 4465 5 1
cam_20 486 5 1
cam_20 4264 5 1
cam_20 4338 2 1
cam_20 4345 5 1
cam_20 4282 5 1
cam_20 4347 5 1
cam_20 4386 4 1
cam_20 4317 4 1
cam_20 4341 5 1
cam_20 4467 5 1
cam_20 4365 2 1
cam_20 4351 4 1
cam_20 4485 5 1
cam_20 4363 5 1
cam_20 4291 4 1
cam_20 4396 2 1
cam_20 4323 5 1
cam_20 4302 5 1
cam_20 4371 5 1
cam_20 4343 5 1
cam_20 4314 4 1
cam_20 4701 5 1
cam_20 4353 4 2
cam_20 4350 5 1
cam_20 4474 5 1
cam_20 4399 5 1
cam_20 4439 5 2
cam_20 4396 5 1
cam_20 4435 5 4
cam_20 4534 5 1
cam_20 4426 5 4
cam_20 4431 5 4
cam_20 4404 5 1
cam_20 4466 5 1
cam_20 4479 5 1
cam_20 4633 5 1
cam_20 4692 5 1
cam_20 4576 5 1
cam_20 4582 5 1
cam_20 4609 5 1
cam_20 4474 4 1
cam_20 4771 4 2
cam_20 4942 5 1
cam_20 4555 5 1
cam_20 4761 5 1
cam_20 4527 5 1
cam_20 4524 4 1
cam_20 4546 5 1
cam_20 4594 5 1
cam_20 4530 4 1
cam_20 4839 5 1
cam_20 579 5 1
cam_20 4593 5 1
cam_20 5022 5 1
cam_20 4555 5 1
cam_20 4588 5 1
cam_20 4573 5 1
cam_20 4696 5 1
cam_20 4822 5 1
cam_20 4690 5 1
cam_20 4800 5 1
cam_20 4671 4 2
cam_20 4827 5 1
cam_20 4639 5 1
cam_20 5089 5 1
cam_20 4734 4 1
cam_20 115 5 1
cam_20 4605 5 1
cam_20 4632 5 1
cam_20 5050 5 1
cam_20 457 4 1
cam_20 4629 5 1
cam_20 4879 5 1
cam_20 4789 4 1
cam_20 4633 4 1
cam_20 4632 5 1
cam_20 4638 5 1
cam_20 4645 5 1
cam_20 4645 4 1
cam_20 4645 5 1
cam_20 4650 4 1
cam_20 4692 5 1
cam_20 583 5 1
cam_20 4774 4 1
cam_20 4776 4 1
cam_20 4675 4 1
cam_20 4705 5 1
cam_20 4843 5 1
cam_20 4764 5 1
cam_20 4830 2 1
cam_20 494 5 1
cam_20 4824 2 1
cam_20 4791 5 1
cam_20 5031 5 1
cam_20 5061 5 1
cam_20 4927 5 1
cam_20 5007 5 1
cam_20 4798 4 1
cam_20 4850 5 1
cam_20 4821 4 1
cam_20 4950 4 1
cam_20 4912 3 1
cam_20 4840 4 1
cam_20 5167 5 1
cam_20 4855 5 1
cam_20 4867 5 1
cam_20 4969 5 4
cam_20 24 4 1
cam_20 4909 5 1
cam_20 4950 2 1
cam_20 4900 4 1
cam_20 5188 5 1
cam_20 4905 4 1
cam_20 4990 5 2
cam_20 5041 4 1
cam_20 5013 5 1
cam_20 4968 4 1
cam_20 4971 4 1
cam_20 4962 4 1
cam_20 5085 5 1
cam_20 5019 5 1
cam_20 4941 4 1
cam_20 4954 5 1
cam_20 4958 4 2
cam_20 5018 5 1
cam_20 5385 5 1
cam_20 5008 5 1
cam_20 5010 5 1
cam_20 5025 4 1
cam_20 5066 5 1
cam_20 5262 5 1
cam_20 5158 4 1
cam_20 5076 5 2
cam_20 5190 5 1
cam_20 514 2 1
cam_20 5054 5 1
cam_20 5125 2 1
cam_20 5068 5 1
cam_20 5049 4 1
cam_20 5261 5 1
cam_20 5197 5 1
cam_20 5080 5 1
cam_20 5137 5 1
cam_20 5154 5 1
cam_20 5505 5 1
cam_20 516 5 1
cam_20 5139 4 1
cam_20 5199 5 1
cam_20 5233 2 2
cam_20 5166 4 1
cam_20 5797 5 1
cam_20 5352 5 1
cam_20 5194 4 1
cam_20 5193 4 1
cam_20 5200 4 1
cam_20 5229 4 1
cam_20 5281 5 1
cam_20 5266 5 1
cam_20 5377 4 1
cam_20 5298 5 2
cam_20 5274 4 1
cam_20 5422 4 1
cam_20 5319 5 1
cam_20 5304 4 1
cam_20 5472 5 1
cam_20 5376 5 1
cam_20 5563 5 1
cam_20 5313 5 1
cam_20 5440 4 1
cam_20 765 5 1
cam_20 5428 5 1
cam_20 5716 5 1
cam_20 5335 4 1
cam_20 5356 5 1
cam_20 5346 4 1
cam_20 5359 5 1
cam_20 5362 4 1
cam_20 5481 5 1
cam_20 5386 4 1
cam_20 5452 2 1
cam_20 5488 5 1
cam_20 5800 5 1
cam_20 5455 5 1
cam_20 5467 5 1
cam_20 5421 4 1
cam_20 5428 4 1
cam_20 5434 4 1
cam_20 5446 4 1
cam_20 5532 5 1
cam_20 5533 5 1
cam_20 5545 5 2
cam_20 5908 5 2
cam_20 5587 5 1
cam_20 5491 5 1
cam_20 5500 5 1
cam_20 5593 4 1
cam_20 5493 4 1
cam_20 5590 5 1
cam_20 5605 5 1
cam_20 6069 5 1
cam_20 5659 5 1
cam_20 5524 4 1
cam_20 5509 5 1
cam_20 5590 2 1
cam_20 5626 5 1
cam_20 5533 4 1
cam_20 5556 4 1
cam_20 5634 2 1
cam_20 5539 4 1
cam_20 5625 5 1
cam_20 5733 5 1
cam_20 5763 5 1
cam_20 6009 5 1
cam_20 5631 4 1
cam_20 5595 4 1
cam_20 5778 4 1
cam_20 5569 5 1
cam_20 5632 2 1
cam_20 5683 5 1
cam_20 928 4 1
cam_20 5578 4 1
cam_20 5608 4 1
cam_20 583 5 1
cam_20 5603 5 1
cam_20 5592 5 1
cam_20 5584 4 1
cam_20 5653 4 1
cam_20 5605 4 1
cam_20 5662 4 2
cam_20 5592 4 1
cam_20 6201 5 1
cam_20 5625 5 1
cam_20 5725 5 1
cam_20 5631 5 1
cam_20 5713 2 2
cam_20 5878 5 1
cam_20 5911 5 1
cam_20 5601 4 1
cam_20 5976 4 1
cam_20 73 4 1
cam_20 5604 4 1
cam_20 5734 2 1
cam_20 5643 4 1
cam_20 5743 4 1
cam_20 5616 4 1
cam_20 5734 4 1
cam_20 5748 4 1
cam_20 5617 4 1
cam_20 5625 4 1
cam_20 5710 5 1
cam_20 5628 5 1
cam_20 5658 5 1
cam_20 5685 4 1
cam_20 544 2 1
cam_20 5646 4 1
cam_20 5719 4 1
cam_20 5694 5 1
cam_20 5684 4 1
cam_20 5667 4 1
cam_20 5787 5 2
cam_20 5724 4 1
cam_20 484 4 1
cam_20 5850 5 1
cam_20 5815 4 2
cam_20 5968 4 1
cam_20 6082 5 1
cam_20 5811 5 1
cam_20 5913 4 1
cam_20 5809 4 1
cam_20 5856 5 1
cam_20 610 4 1
cam_20 483 5 1
cam_20 5988 5 1
cam_20 5916 5 1
cam_20 5935 5 2
cam_20 5982 5 1
cam_20 5950 5 1
cam_20 5971 5 1
cam_20 5961 5 2
cam_20 5932 4 1
cam_20 5931 5 1
cam_20 6265 2 2
cam_20 5949 5 1
cam_20 5975 4 1
cam_20 6019 5 2
cam_20 6047 5 1
cam_20 6074 2 1
cam_20 6021 5 1
cam_20 553 5 1
cam_20 6048 5 1
cam_20 6103 5 1
cam_20 6154 2 1
cam_20 6125 5 1
cam_20 6132 5 1
cam_20 6148 5 1
cam_20 6199 5 2
cam_20 6168 4 2
cam_20 6181 4 1
cam_20 6227 2 1
cam_20 6484 5 1
cam_20 6241 5 1
cam_20 6298 2 1
cam_20 6159 5 1
cam_20 6532 4 1
cam_20 6298 2 1
cam_20 6262 5 1
cam_20 6254 5 1
cam_20 6236 5 1
cam_20 6577 5 1
cam_20 6258 5 1
cam_20 6241 4 1
cam_20 6451 4 1
cam_20 6486 4 1
cam_20 6649 4 1
cam_20 6342 4 2
cam_20 6262 4 1
cam_20 6361 2 2
cam_20 6363 4 1
cam_20 6438 2 1
cam_20 6357 5 1
cam_20 6395 5 1
cam_20 6664 4 1
cam_20 6408 2 2
cam_20 6369 5 1
cam_20 46 5 1
cam_20 6417 2 1
cam_20 6433 5 2
cam_20 6507 4 1
cam_20 6325 4 1
cam_20 6382 4 2
cam_20 7549 5 1
cam_20 6334 4 1
cam_20 6340 4 1
cam_20 6373 5 1
cam_20 6414 5 1
cam_20 6498 5 2
cam_20 556 5 1
cam_20 6471 2 2
cam_20 6411 5 1
cam_20 522 5 2
cam_20 6532 5 1
cam_20 6441 4 2
cam_20 6469 5 1
cam_20 6529 2 1
cam_20 6627 5 1
cam_20 6433 4 1
cam_20 6485 4 1
cam_20 6445 4 1
cam_20 6516 5 2
cam_20 6517 4 1
cam_20 6495 4 1
cam_20 6504 5 1
cam_20 6496 5 1
cam_20 6534 5 1
cam_20 6576 5 1
cam_20 6686 5 1
cam_20 6543 5 1
cam_20 6625 5 1
cam_20 6540 5 1
cam_20 6537 5 1
cam_20 6575 5 1
cam_20 6598 5 1
cam_20 6907 5 1
cam_20 6558 4 1
cam_20 6889 5 1
cam_20 6624 5 1
cam_20 6719 5 1
cam_20 581 5 1
cam_20 6613 5 1
cam_20 6757 5 1
cam_20 6714 4 1
cam_20 6625 4 1
cam_20 6846 5 1
cam_20 6637 5 1
cam_20 6674 5 1
cam_20 82 5 1
cam_20 6683 4 1
cam_20 6709 5 1
cam_20 6657 4 1
cam_20 6741 5 1
cam_20 6747 5 1
cam_20 6684 4 1
cam_20 6678 5 1
cam_20 6708 5 1
cam_20 6678 4 1
cam_20 6681 4 1
cam_20 6711 5 1
cam_20 6741 5 1
cam_20 6737 5 1
cam_20 6742 5 1
cam_20 6735 5 1
cam_20 6715 4 1
cam_20 6736 5 1
cam_20 6777 5 1
cam_20 6739 5 1
cam_20 6813 4 1
cam_20 6774 5 1
cam_20 6787 5 1
cam_20 6813 5 1
cam_20 6762 4 1
cam_20 6768 4 1
cam_20 6775 4 1
cam_20 6781 4 1
cam_20 6790 4 1
cam_20 6961 5 1
cam_20 670 2 1
cam_20 7183 5 1
cam_20 6925 4 1
cam_20 568 5 1
cam_20 577 5 1
cam_20 6853 5 1
cam_20 811 5 1
cam_20 6861 4 1
cam_20 7246 5 1
cam_20 7159 5 1
cam_20 7017 5 1
cam_20 816 5 1
cam_20 6864 4 1
cam_20 7529 5 1
cam_20 6901 5 1
cam_20 6877 4 2
cam_20 6951 5 1
cam_20 7264 4 1
cam_20 7456 5 1
cam_20 6901 4 1
cam_20 6933 4 1
cam_20 7203 5 1
cam_20 7555 5 1
cam_20 6960 5 1
cam_20 6953 3 1
cam_20 6930 4 1
cam_20 6933 4 1
cam_20 7531 5 1
cam_20 6936 4 1
cam_20 6946 4 1
cam_20 7009 2 1
cam_20 6937 4 1
cam_20 6999 4 1
cam_20 6961 4 1
cam_20 6995 5 1
cam_20 6948 4 1
cam_20 7392 5 1
cam_20 7156 2 2
cam_20 6955 4 1
cam_20 7001 5 1
cam_20 7444 5 1
cam_20 7041 4 1
cam_20 7125 5 1
cam_20 7002 5 1
cam_20 6973 4 1
cam_20 6973 5 1
cam_20 7027 5 1
cam_20 7074 5 2
cam_20 7009 4 1
cam_20 7057 4 1
cam_20 7129 2 1
cam_20 7078 5 2
cam_20 7066 4 1
cam_20 7054 4 1
cam_20 7063 4 1
cam_20 7510 5 1
cam_20 7186 2 2
cam_20 7230 2 1
cam_20 7240 5 2
cam_20 7227 5 1
cam_20 7158 5 2
cam_20 7217 5 1
cam_20 7257 5 1
cam_20 7262 5 1
cam_20 7228 5 1
cam_20 7239 5 1
cam_20 7476 5 1
cam_20 673 2 1
cam_20 7192 4 1
cam_20 7402 5 1
cam_20 7255 5 1
cam_20 7263 4 1
cam_20 7243 5 1
cam_20 7219 4 1
cam_20 7282 5 1
cam_20 7318 5 1
cam_20 7300 5 1
cam_20 7291 5 1
cam_20 7315 5 1
cam_20 7393 5 1
cam_20 7333 5 1
cam_20 7329 5 1
cam_20 7303 5 1
cam_20 7371 5 1
cam_20 7461 5 1
cam_20 7411 5 1
cam_20 7342 5 1
cam_20 7360 5 1
cam_20 7391 5 1
cam_20 7615 2 1
cam_20 7497 5 1
cam_20 63 5 1
cam_20 7397 5 1
cam_20 7875 4 1
cam_20 7411 5 1
cam_20 7878 5 1
cam_20 7479 5 1
cam_20 7437 5 1
cam_20 7512 5 1
cam_20 7480 5 2
cam_20 7570 4 1
cam_20 7513 5 1
cam_20 7547 5 1
cam_20 7543 5 1
cam_20 7576 4 1
cam_20 613 4 1
cam_20 7780 2 1
cam_20 7488 3 1
cam_20 7816 4 1
cam_20 7572 4 1
cam_20 7635 2 1
cam_20 8041 5 1
cam_20 7555 5 1
cam_20 7551 5 1
cam_20 7569 4 1
cam_20 7572 5 1
cam_20 7701 5 1
cam_20 7924 4 1
cam_20 7627 5 1
cam_20 7571 4 1
cam_20 7651 2 1
cam_20 7551 5 1
cam_20 7821 5 1
cam_20 736 5 1
cam_20 7578 4 1
cam_20 7545 4 1
cam_20 7581 4 2
cam_20 756 5 1
cam_20 7803 5 1
cam_20 7552 4 1
cam_20 709 5 1
cam_20 7801 5 1
cam_20 7935 5 1
cam_20 7558 4 1
cam_20 7714 5 1
cam_20 7639 5 1
cam_20 7603 5 1
cam_20 7794 5 1
cam_20 7665 2 1
cam_20 7653 5 1
cam_20 7846 5 1
cam_20 7576 4 2
cam_20 7657 5 1
cam_20 7603 4 1
cam_20 7720 2 2
cam_20 7722 5 1
cam_20 7708 4 1
cam_20 7658 5 1
cam_20 7713 5 1
cam_20 7638 5 1
cam_20 7689 4 1
cam_20 7651 4 1
cam_20 7654 4 1
cam_20 710 5 1
cam_20 7722 4 1
cam_20 7822 5 1
cam_20 7815 5 1
cam_20 742 4 1
cam_20 7786 5 2
cam_20 7684 4 1
cam_20 7792 5 1
cam_20 655 5 2
cam_20 7696 4 1
cam_20 817 5 1
cam_20 8119 5 1
cam_20 7782 5 1
cam_20 7732 5 1
cam_20 7738 4 1
cam_20 666 4 1
cam_20 7780 4 1
cam_20 7788 4 1
cam_20 7792 5 2
cam_20 7798 5 2
cam_20 807 5 1
cam_20 8026 4 1
cam_20 7867 5 1
cam_20 7825 4 1
cam_20 7821 5 1
cam_20 711 5 1
cam_20 7825 5 1
cam_20 7834 5 1
cam_20 7834 5 2
cam_20 711 5 1
cam_20 7842 5 2
cam_20 7854 5 1
cam_20 790 5 1
cam_20 7872 5 1
cam_20 7855 4 1
cam_20 706 4 1
cam_20 7857 5 2
cam_20 7875 5 1
cam_20 7965 5 1
cam_20 7923 4 2
cam_20 7954 5 1
cam_20 7993 5 1
cam_20 7918 5 1
cam_20 714 5 1
cam_20 7932 4 1
cam_20 7932 5 1
cam_20 7942 5 1
cam_20 8001 5 1
cam_20 7971 5 1
cam_20 8039 5 1
cam_20 8035 4 1
cam_20 8127 5 1
cam_20 796 5 1
cam_20 8460 2 1
cam_20 8077 5 1
cam_20 8109 5 1
cam_20 8103 5 2
cam_20 8106 5 1
cam_20 8098 5 1
cam_20 8122 5 1
cam_20 8136 2 2
cam_20 8117 5 1
cam_20 8284 5 1
cam_20 8193 4 1
cam_20 739 5 1
cam_20 678 4 1
cam_20 8459 4 1
cam_20 681 4 1
cam_20 725 5 1
cam_20 8139 5 1
cam_20 8581 5 1
cam_20 69 4 1
cam_20 8350 5 2
cam_20 8548 4 1
cam_20 8202 4 1
cam_20 8184 4 1
cam_20 8368 3 1
cam_20 8488 5 1
cam_20 8255 5 1
cam_20 8256 5 1
cam_20 8271 5 1
cam_20 8352 4 1
cam_20 8194 4 1
cam_20 8206 4 1
cam_20 8284 4 1
cam_20 8419 4 1
cam_20 8517 5 1
cam_20 8268 4 1
cam_20 8253 5 1
cam_20 8232 5 1
cam_20 8434 5 1
cam_20 8332 5 1
cam_20 8403 4 1
cam_20 699 5 1
cam_20 8445 5 1
cam_20 8292 4 1
cam_20 8499 5 1
cam_20 8478 5 1
cam_20 8430 5 1
cam_20 8371 5 2
cam_20 8520 5 1
cam_20 8353 5 1
cam_20 8241 4 1
cam_20 8261 5 1
cam_20 8437 5 1
cam_20 8340 4 1
cam_20 8490 5 1
cam_20 8505 5 1
cam_20 8286 5 1
cam_20 8347 5 1
cam_20 8251 4 1
cam_20 8260 3 1
cam_20 8320 5 1
cam_20 8397 5 1
cam_20 8286 5 1
cam_20 8283 4 1
cam_20 8427 4 1
cam_20 8295 5 1
cam_20 8304 4 1
cam_20 8296 4 1
cam_20 8561 5 1
cam_20 8530 5 1
cam_20 8337 4 3
cam_20 8367 4 1
cam_20 8362 4 1
cam_20 8457 5 1
cam_20 8404 2 1
cam_20 8377 4 2
cam_20 8418 4 2
cam_20 8377 5 1
cam_20 9201 5 1
cam_20 8536 5 2
cam_20 8905 5 1
cam_20 732 4 1
cam_20 8616 5 1
cam_20 8626 4 1
cam_20 8547 4 1
cam_20 783 5 1
cam_20 8545 4 1
cam_20 8580 4 2
cam_20 8521 5 1
cam_20 8517 4 1
cam_20 8552 5 1
cam_20 8619 5 1
cam_20 718 4 1
cam_20 8596 5 2
cam_20 8935 5 1
cam_20 8544 5 1
cam_20 8640 4 1
cam_20 927 5 1
cam_20 8640 5 1
cam_20 795 5 1
cam_20 8676 4 2
cam_20 9193 5 1
cam_20 8635 5 1
cam_20 8707 5 2
cam_20 8669 5 1
cam_20 8743 5 1
cam_20 8889 5 1
cam_20 711 4 1
cam_20 8761 5 1
cam_20 723 4 1
cam_20 8809 4 1
cam_20 777 5 1
cam_20 8791 4 1
cam_20 8973 5 1
cam_20 235 5 1
cam_20 8794 4 4
cam_20 8923 4 1
cam_20 9054 5 2
cam_20 8884 5 1
cam_20 8868 5 2
cam_20 9111 5 1
cam_20 8892 5 1
cam_20 8928 4 1
cam_20 8901 4 1
cam_20 8976 4 1
cam_20 9109 5 1
cam_20 8872 5 1
cam_20 8940 5 1
cam_20 8937 5 1
cam_20 8877 5 1
cam_20 9172 5 1
cam_20 9331 5 1
cam_20 8962 2 1
cam_20 9213 4 2
cam_20 8937 5 1
cam_20 8964 5 2
cam_20 8947 4 2
cam_20 8998 4 1
cam_20 9141 5 2
cam_20 9109 2 1
cam_20 68 4 1
cam_20 9035 5 2
cam_20 8977 5 2
cam_20 9582 4 1
cam_20 9066 5 1
cam_20 9000 4 1
cam_20 9016 4 2
cam_20 9082 4 1
cam_20 9064 5 1
cam_20 9069 4 2
cam_20 9105 4 2
cam_20 9202 5 1
cam_20 9073 4 1
cam_20 9109 4 1
cam_20 9216 5 1
cam_20 9111 5 1
cam_20 9183 5 1
cam_20 9241 2 1
cam_20 9157 5 1
cam_20 9193 5 2
cam_20 9109 4 1
cam_20 9156 5 1
cam_20 9118 5 2
cam_20 9157 4 1
cam_20 9175 5 1
cam_20 9132 5 1
cam_20 9420 5 1
cam_20 750 4 1
cam_20 9168 5 1
cam_20 736 4 1
cam_20 9187 4 1
cam_20 9151 5 1
cam_20 9162 5 1
cam_20 9438 5 1
cam_20 91 5 1
cam_20 9209 5 1
cam_20 9165 5 1
cam_20 9172 4 1
cam_20 9181 4 1
cam_20 9183 5 1
cam_20 9217 5 1
cam_20 9193 4 1
cam_20 739 4 1
cam_20 9417 5 1
cam_20 9252 5 1
cam_20 9259 5 1
cam_20 9378 5 1
cam_20 9354 4 1
cam_20 9324 5 1
cam_20 9780 5 1
cam_20 778 4 1
cam_20 9268 4 1
cam_20 9273 4 1
cam_20 9405 5 1
cam_20 9307 4 1
cam_20 9439 5 1
cam_20 9337 4 1
cam_20 9355 4 1
cam_20 828 5 1
cam_20 9403 4 1
cam_20 9457 4 2
cam_20 9417 4 1
cam_20 9509 5 1
cam_20 9798 5 1
cam_20 9789 4 1
cam_20 9471 5 1
cam_20 9502 5 1
cam_20 10257 5 1
cam_20 9538 5 1
cam_20 9465 5 1
cam_20 9772 5 1
cam_20 9517 5 1
cam_20 9543 5 1
cam_20 754 4 1
cam_20 9780 5 1
cam_20 10113 5 1
cam_20 9893 5 1
cam_20 9792 5 1
cam_20 9663 5 2
cam_20 9567 4 1
cam_20 9535 5 1
cam_20 9555 4 1
cam_20 9847 4 1
cam_20 9549 4 1
cam_20 9786 5 1
cam_20 9559 5 1
cam_20 9568 4 1
cam_20 9804 5 1
cam_20 9939 5 1
cam_20 9558 4 1
cam_20 9615 4 2
cam_20 9571 4 1
cam_20 9585 4 1
cam_20 9657 5 1
cam_20 9666 5 1
cam_20 9844 5 1
cam_20 9705 5 2
cam_20 9678 4 1
cam_20 9775 5 1
cam_20 9820 4 1
cam_20 9757 5 1
cam_20 9676 4 1
cam_20 9699 5 1
cam_20 790 5 1
cam_20 9777 4 1
cam_20 9844 4 1
cam_20 9697 4 1
cam_20 9735 5 2
cam_20 9804 5 1
cam_20 814 5 2
cam_20 9928 5 1
cam_20 9885 5 1
cam_20 10189 5 1
cam_20 9785 5 1
cam_20 9823 5 1
cam_20 781 5 1
cam_20 10087 5 1
cam_20 9801 4 1
cam_20 9808 4 1
cam_20 9858 5 4
cam_20 9877 5 1
cam_20 9993 4 1
cam_20 9927 4 4
cam_20 9850 4 1
cam_20 9939 4 1
cam_20 9910 5 1
cam_20 9919 5 1
cam_20 9988 4 1
cam_20 10135 5 1
cam_20 10266 5 1
cam_20 9925 5 1
cam_20 9933 4 1
cam_20 9942 5 1
cam_20 10119 4 1
cam_20 10123 4 1
cam_20 10020 5 1
cam_20 10125 5 1
cam_20 10030 5 1
cam_20 10216 5 1
cam_20 10056 5 1
cam_20 10058 5 1
cam_20 10126 5 1
cam_20 810 5 1
cam_20 812 5 1
cam_20 10335 5 1
cam_20 10141 5 1
cam_20 36 5 2
cam_20 10213 2 1
cam_20 10137 4 1
cam_20 10128 5 1
cam_20 10153 4 1
cam_20 10116 4 1
cam_20 10117 4 1
cam_20 10228 5 1
cam_20 10132 4 1
cam_20 10510 5 1
cam_20 10174 5 1
cam_20 10270 4 1
cam_20 10419 5 1
cam_20 10242 5 1
cam_20 10324 2 1
cam_20 10174 4 1
cam_20 10237 5 1
cam_20 10362 4 1
cam_20 10183 4 1
cam_20 10741 2 1
cam_20 10192 4 1
cam_20 10242 4 2
cam_20 10263 4 2
cam_20 10474 4 1
cam_20 168 4 1
cam_20 10293 4 2
cam_20 10880 5 1
cam_20 10290 5 1
cam_20 10317 5 1
cam_20 10915 5 1
cam_20 10356 5 1
cam_20 10521 5 2
cam_20 10358 5 1
cam_20 10432 5 1
cam_20 10396 5 1
cam_20 10659 5 1
cam_20 10701 2 1
cam_20 10405 4 1
cam_20 10828 4 1
cam_20 219 5 1
cam_20 1306 4 1
cam_20 11206 5 1
cam_20 10554 5 1
cam_20 10423 4 1
cam_20 10728 4 1
cam_20 10558 5 1
cam_20 10447 5 1
cam_20 10434 5 1
cam_20 10546 4 2
cam_20 10453 5 1
cam_20 10438 5 1
cam_20 10641 5 1
cam_20 10449 4 1
cam_20 10464 5 2
cam_20 10468 5 2
cam_20 10495 5 1
cam_20 10590 5 1
cam_20 10483 4 1
cam_20 10591 5 1
cam_20 10579 4 1
cam_20 10627 5 1
cam_20 10576 4 1
cam_20 10857 5 1
cam_20 10597 5 1
cam_20 10563 5 1
cam_20 10624 2 1
cam_20 927 4 2
cam_20 10636 4 1
cam_20 10554 4 1
cam_20 10626 5 1
cam_20 10558 4 1
cam_20 10725 4 1
cam_20 10552 4 1
cam_20 10638 2 1
cam_20 10566 4 1
cam_20 10990 4 1
cam_20 11216 5 1
cam_20 10599 4 1
cam_20 10615 4 1
cam_20 10632 4 1
cam_20 10629 4 1
cam_20 10728 5 1
cam_20 10695 4 1
cam_20 10821 5 1
cam_20 10663 4 1
cam_20 10723 4 1
cam_20 10689 5 1
cam_20 10810 5 1
cam_20 10698 5 1
cam_20 10692 5 1
cam_20 10686 4 1
cam_20 10800 2 2
cam_20 10830 5 1
cam_20 10686 4 1
cam_20 121 5 1
cam_20 10893 5 1
cam_20 10740 5 1
cam_20 11289 5 1
cam_20 10774 4 1
cam_20 10827 5 1
cam_20 10798 3 1
cam_20 10800 5 1
cam_20 10810 5 1
cam_20 10743 4 1
cam_20 10787 5 1
cam_20 10824 5 1
cam_20 11064 5 1
cam_20 10845 4 1
cam_20 10992 5 1
cam_20 10872 4 2
cam_20 957 5 1
cam_20 10803 5 2
cam_20 10829 5 1
cam_20 10942 5 1
cam_20 10891 5 1
cam_20 10804 4 1
cam_20 10836 4 1
cam_20 10870 4 1
cam_20 940 5 1
cam_20 10852 4 1
cam_20 10822 5 2
cam_20 10838 4 1
cam_20 10837 5 1
cam_20 10869 4 1
cam_20 1288 4 2
cam_20 10996 5 1
cam_20 10861 4 1
cam_20 11020 4 1
cam_20 10864 4 1
cam_20 10915 5 1
cam_20 10910 5 1
cam_20 1239 5 1
cam_20 10995 5 1
cam_20 11120 5 1
cam_20 10928 5 1
cam_20 11155 5 1
cam_20 10936 5 1
cam_20 10945 4 1
cam_20 11328 4 1
cam_20 11075 2 1
cam_20 10953 4 1
cam_20 11181 5 2
cam_20 1395 5 1
cam_20 11013 5 1
cam_20 11173 5 2
cam_20 10996 4 1
cam_20 10998 4 1
cam_20 1396 4 1
cam_20 11134 2 1
cam_20 11146 5 1
cam_20 11083 4 1
cam_20 11153 5 1
cam_20 11062 4 1
cam_20 993 5 1
cam_20 11380 5 2
cam_20 11097 5 1
cam_20 11121 4 1
cam_20 11221 5 1
cam_20 11187 5 2
cam_20 11106 4 1
cam_20 11221 5 1
cam_20 11148 5 1
cam_20 11294 5 1
cam_20 11110 4 1
cam_20 11161 5 1
cam_20 11220 5 1
cam_20 11188 5 1
cam_20 11206 5 1
cam_20 11202 5 1
cam_20 11236 5 1
cam_20 11221 5 1
cam_20 11178 4 1
cam_20 11227 5 2
cam_20 11230 5 1
cam_20 11232 5 1
cam_20 993 5 1
cam_20 11293 4 2
cam_20 11242 5 1
cam_20 1435 5 2
cam_20 11361 5 1
cam_20 11250 4 1
cam_20 11251 5 2
cam_20 11253 5 1
cam_20 11257 5 1
cam_20 11268 5 1
cam_20 11266 5 1
cam_20 1048 5 1
cam_20 11311 5 1
cam_20 11302 5 1
cam_20 11296 4 1
cam_20 11304 5 2
cam_20 11311 4 1
cam_20 11320 4 1
cam_20 11358 4 2
cam_20 11382 5 4
cam_20 11331 4 1
cam_20 11374 5 1
cam_20 11349 5 1
cam_20 11352 4 1
cam_20 1020 5 1
cam_20 11616 5 2
cam_20 11407 4 1
cam_20 11424 4 2
cam_20 11460 4 1
cam_20 11428 5 1
cam_20 11419 4 1
cam_20 11437 5 1
cam_20 11494 5 1
cam_20 11499 5 1
cam_20 11487 5 1
cam_20 11519 5 1
cam_20 11622 4 1
cam_20 994 5 1
cam_20 11527 5 1
cam_20 11539 5 1
cam_20 11668 4 1
cam_20 12073 5 1
cam_20 11574 2 2
cam_20 1093 4 1
cam_20 11584 4 1
cam_20 12169 5 1
cam_20 11599 4 1
cam_20 12045 4 1
cam_20 11617 5 2
cam_20 11655 4 1
cam_20 11569 5 1
cam_20 11544 4 1
cam_20 11562 4 1
cam_20 11568 3 1
cam_20 979 4 1
cam_20 11572 4 1
cam_20 1066 5 1
cam_20 11760 5 1
cam_20 11671 5 1
cam_20 11773 5 1
cam_20 11637 5 2
cam_20 11785 5 1
cam_20 11659 5 1
cam_20 11783 5 1
cam_20 11731 2 1
cam_20 11671 4 1
cam_20 11649 4 4
cam_20 1096 5 1
cam_20 11864 2 1
cam_20 11760 4 1
cam_20 11665 4 1
cam_20 11724 5 1
cam_20 11680 4 1
cam_20 1282 5 1
cam_20 11727 5 1
cam_20 11848 5 1
cam_20 12246 4 1
cam_20 11704 4 1
cam_20 11830 2 1
cam_20 11716 5 1
cam_20 11715 4 1
cam_20 12064 5 1
cam_20 12015 5 1
cam_20 11854 5 1
cam_20 12075 5 1
cam_20 11790 5 1
cam_20 1089 2 1
cam_20 11881 5 1
cam_20 12118 5 1
cam_20 11853 5 1
cam_20 11769 4 1
cam_20 11791 5 1
cam_20 11790 5 1
cam_20 11850 5 1
cam_20 12007 4 1
cam_20 12018 5 1
cam_20 12015 4 1
cam_20 11911 4 1
cam_20 11865 5 1
cam_20 12487 5 1
cam_20 1026 5 1
cam_20 11868 4 1
cam_20 11975 5 1
cam_20 11902 5 1
cam_20 11874 4 1
cam_20 11881 4 1
cam_20 11928 5 1
cam_20 11900 5 1
cam_20 12031 4 1
cam_20 11902 4 1
cam_20 12004 5 1
cam_20 11952 4 1
cam_20 11997 5 1
cam_20 11991 4 1
cam_20 12000 5 1
cam_20 12001 4 1
cam_20 12019 5 1
cam_20 12094 5 1
cam_20 12049 5 1
cam_20 12214 5 1
cam_20 12075 2 1
cam_20 12130 5 1
cam_20 12495 2 1
cam_20 12087 2 1
cam_20 12112 2 1
cam_20 12061 5 1
cam_20 12154 5 1
cam_20 12096 4 1
cam_20 12053 5 1
cam_20 12114 2 1
cam_20 12065 5 1
cam_20 12067 4 1
cam_20 12354 5 1
cam_20 12321 2 1
cam_20 12439 5 1
cam_20 12138 4 1
cam_20 12120 5 1
cam_20 12216 2 1
cam_20 1039 5 1
cam_20 12449 5 1
cam_20 12210 5 1
cam_20 12148 4 1
cam_20 12192 5 1
cam_20 12139 5 1
cam_20 12141 5 1
cam_20 12135 4 1
cam_20 12189 4 1
cam_20 12240 2 2
cam_20 12211 2 1
cam_20 12456 5 1
cam_20 12153 4 1
cam_20 12213 4 1
cam_20 12256 5 1
cam_20 12160 4 2
cam_20 12157 4 1
cam_20 12198 4 1
cam_20 12466 4 1
cam_20 12166 4 1
cam_20 12193 4 1
cam_20 12259 5 1
cam_20 12211 4 2
cam_20 12214 4 1
cam_20 12226 5 1
cam_20 12258 5 1
cam_20 12525 5 2
cam_20 12313 5 1
cam_20 12299 5 2
cam_20 12261 5 1
cam_20 12474 5 1
cam_20 12297 5 1
cam_20 12406 5 1
cam_20 12351 5 1
cam_20 12310 5 2
cam_20 12489 5 1
cam_20 12390 4 1
cam_20 12468 4 1
cam_20 12559 5 1
cam_20 12412 4 1
cam_20 12367 5 1
cam_20 12424 5 1
cam_20 147 5 1
cam_20 12348 5 1
cam_20 12418 5 1
cam_20 12384 5 1
cam_20 12370 5 1
cam_20 12375 4 1
cam_20 12420 5 1
cam_20 12403 5 1
cam_20 12477 5 1
cam_20 12486 5 1
cam_20 12465 4 2
cam_20 12411 4 1
cam_20 12406 4 1
cam_20 12448 5 1
cam_20 12460 5 1
cam_20 12446 5 1
cam_20 12485 5 1
cam_20 12447 4 1
cam_20 12543 5 4
cam_20 12577 5 1
cam_20 1200 5 1
cam_20 12600 4 1
cam_20 12609 4 1
cam_20 12709 5 1
cam_20 12690 3 1
cam_20 12646 5 1
cam_20 12648 4 1
cam_20 12828 5 1
cam_20 12721 4 2
cam_20 12744 4 2
cam_20 1168 2 1
cam_20 12760 5 1
cam_20 12781 5 1
cam_20 12823 2 1
cam_20 12766 4 1
cam_20 13105 5 1
cam_20 12900 2 1
cam_20 1147 5 1
cam_20 13011 4 1
cam_20 12904 5 1
cam_20 12882 5 1
cam_20 13146 5 1
cam_20 13047 4 1
cam_20 13012 5 1
cam_20 12840 5 1
cam_20 13066 5 1
cam_20 12969 5 1
cam_20 12834 5 1
cam_20 12886 5 1
cam_20 12888 4 1
cam_20 12966 5 1
cam_20 12892 4 1
cam_20 13045 5 1
cam_20 12898 4 1
cam_20 12955 4 2
cam_20 13021 5 1
cam_20 13009 4 2
cam_20 1096 5 2
cam_20 12955 4 2
cam_20 12956 4 2
cam_20 12966 4 1
cam_20 13012 5 1
cam_20 13117 5 1
cam_20 13029 2 1
cam_20 13066 5 1
cam_20 13114 5 1
cam_20 13093 5 1
cam_20 13026 5 1
cam_20 13093 5 1
cam_20 13071 5 1
cam_20 13111 5 2
cam_20 13072 5 1
cam_20 13117 5 1
cam_20 13104 5 1
cam_20 13105 2 1
cam_20 13092 5 1
cam_20 13114 4 1
cam_20 13104 5 1
cam_20 13099 4 2
cam_20 13105 5 1
cam_20 1332 4 1
cam_20 13176 5 1
cam_20 13249 5 1
cam_20 13104 5 1
cam_20 13117 5 1
cam_20 13122 4 1
cam_20 13177 5 1
cam_20 13191 4 1
cam_20 13119 5 1
cam_20 13155 4 1
cam_20 13123 5 1
cam_20 13123 5 1
cam_20 13126 5 1
cam_20 13128 5 1
cam_20 13129 4 1
cam_20 13131 5 1
cam_20 13132 5 1
cam_20 13135 5 1
cam_20 13134 4 1
cam_20 13149 5 1
cam_20 13140 5 1
cam_20 13147 5 1
cam_20 1293 5 1
cam_20 13162 5 1
cam_20 13168 4 1
cam_20 13161 4 1
cam_20 13159 5 1
cam_20 13164 5 1
