cam_07 31 2 1
cam_07 12816 2 1
cam_07 1251 2 4
cam_07 12814 2 1
cam_07 1282 1 1
cam_07 1281 2 3
cam_07 12811 2 1
cam_07 12819 2 1
cam_07 13026 2 1
cam_07 12852 1 1
cam_07 12852 2 1
cam_07 12823 1 1
cam_07 13014 2 1
cam_07 12862 2 1
cam_07 12867 2 1
cam_07 12868 2 1
cam_07 12876 2 1
cam_07 13008 2 1
cam_07 13075 2 1
cam_07 13029 2 4
cam_07 12916 2 1
cam_07 12937 2 1
cam_07 12945 2 1
cam_07 12949 2 1
cam_07 12949 2 1
cam_07 12955 2 1
cam_07 12997 2 4
cam_07 13033 2 4
cam_07 1300 1 1
cam_07 13053 2 4
cam_07 13008 2 2
cam_07 13008 2 1
cam_07 1275 1 1
cam_07 13012 2 2
cam_07 13012 2 1
cam_07 13042 1 1
cam_07 13030 2 1
cam_07 13033 2 1
cam_07 13078 2 3
cam_07 1248 2 1
cam_07 13057 1 1
cam_07 13057 1 1
cam_07 13057 1 1
cam_07 13093 2 4
cam_07 13195 2 4
cam_07 13090 1 4
cam_07 13093 2 4
cam_07 13103 2 1
cam_07 13240 2 4
cam_07 13090 2 1
cam_07 13117 1 3
cam_07 13093 2 1
cam_07 1278 2 1
cam_07 13100 2 1
cam_07 13096 2 1
cam_07 13137 2 1
cam_07 13137 2 3
cam_07 13099 2 1
cam_07 13099 2 1
cam_07 13146 1 4
cam_07 13119 1 1
cam_07 13132 2 1
cam_07 13137 2 1
cam_07 13137 2 4
cam_07 13179 1 4
cam_07 1260 2 1
cam_07 13171 2 1
cam_07 13164 2 1
cam_07 13303 2 4
cam_07 13216 1 4
cam_07 13192 2 1
cam_07 166 2 4
cam_07 13188 2 1
cam_07 13188 2 1
cam_07 13219 2 1
cam_07 13230 2 1
cam_07 13279 2 1
cam_07 13332 2 1
cam_07 13311 2 1
cam_07 13239 2 1
cam_07 1306 2 1
cam_07 13218 2 4
cam_07 13245 2 1
cam_07 13245 2 1
cam_07 13270 2 1
cam_07 13270 2 1
cam_07 160 2 1
cam_07 13305 2 1
cam_07 13300 1 1
cam_07 13321 2 1
cam_07 13330 2 1
cam_07 1306 2 1
cam_07 13332 2 1
cam_07 13339 2 1
cam_07 13345 2 1
cam_07 13453 2 2
cam_07 1321 2 1
cam_07 13447 2 2
cam_07 13363 2 1
cam_07 13344 2 1
cam_07 13363 2 1
cam_07 13369 2 1
cam_07 13369 2 1
cam_07 13377 2 1
cam_07 13423 2 1
cam_07 13377 2 1
cam_07 1317 2 1
cam_07 13500 2 1
cam_07 13392 2 1
cam_07 13447 2 1
cam_07 13419 1 1
cam_07 13446 2 1
cam_07 13500 2 4
cam_07 13481 2 1
cam_07 211 1 2
cam_07 13476 2 1
cam_07 13484 2 1
cam_07 13500 1 1
cam_07 13500 2 1
cam_07 1375 2 1
cam_07 115 1 4
cam_07 1306 2 1
cam_07 1296 1 1
cam_07 1330 2 1
cam_07 1389 2 1
cam_07 1401 1 1
cam_07 1344 1 1
cam_07 1381 2 1
cam_07 1460 2 1
cam_07 1365 1 1
cam_07 1689 2 4
cam_07 1408 1 1
cam_07 1696 2 3
cam_07 1423 1 1
cam_07 1446 1 1
cam_07 180 2 1
cam_07 1495 1 2
cam_07 1618 2 3
cam_07 1607 2 4
cam_07 1549 1 1
cam_07 220 2 1
cam_07 1492 2 3
cam_07 1612 1 3
cam_07 63 1 4
cam_07 1515 2 1
cam_07 1774 2 4
cam_07 1668 1 4
cam_07 1564 2 1
cam_07 1593 2 1
cam_07 1575 2 1
cam_07 1599 2 1
cam_07 1632 2 1
cam_07 1660 1 1
cam_07 1660 2 1
cam_07 199 2 1
cam_07 1711 1 4
cam_07 1644 2 1
cam_07 1711 1 3
cam_07 1702 2 1
cam_07 1734 1 1
cam_07 1678 1 1
cam_07 1674 1 1
cam_07 1777 2 3
cam_07 1693 2 1
cam_07 1674 1 1
cam_07 1656 2 3
cam_07 1806 2 2
cam_07 468 1 1
cam_07 1791 2 4
cam_07 1711 2 1
cam_07 1692 2 1
cam_07 1692 2 1
cam_07 1726 1 1
cam_07 1693 2 1
cam_07 1795 2 2
cam_07 1731 2 1
cam_07 1773 1 4
cam_07 1746 1 1
cam_07 1740 1 1
cam_07 1743 1 1
cam_07 1806 2 1
cam_07 1771 2 1
cam_07 1827 2 4
cam_07 1759 1 2
cam_07 1833 2 2
cam_07 1845 1 4
cam_07 1777 1 4
cam_07 1846 2 1
cam_07 1783 1 4
cam_07 1815 2 1
cam_07 1854 2 2
cam_07 1855 2 3
cam_07 195 1 1
cam_07 1824 2 1
cam_07 166 2 1
cam_07 1883 2 1
cam_07 204 2 1
cam_07 1867 2 4
cam_07 1926 2 4
cam_07 1879 1 4
cam_07 1900 2 1
cam_07 1891 2 1
cam_07 1860 1 4
cam_07 232 1 4
cam_07 1869 1 1
cam_07 2043 1 1
cam_07 1902 2 1
cam_07 234 1 2
cam_07 1902 2 1
cam_07 1890 1 1
cam_07 1939 1 4
cam_07 1930 2 4
cam_07 1927 2 1
cam_07 1935 1 1
cam_07 1927 2 1
cam_07 193 2 4
cam_07 1956 1 4
cam_07 2391 2 1
cam_07 1950 2 1
cam_07 1918 2 1
cam_07 1954 1 1
cam_07 2020 2 1
cam_07 2029 1 1
cam_07 2049 2 1
cam_07 2008 2 1
cam_07 217 1 1
cam_07 1990 1 2
cam_07 2037 2 1
cam_07 1978 1 2
cam_07 219 1 1
cam_07 2013 2 1
cam_07 1975 2 1
cam_07 2007 2 4
cam_07 2031 2 1
cam_07 2199 2 4
cam_07 2107 2 1
cam_07 2113 2 1
cam_07 2143 1 3
cam_07 241 2 4
cam_07 2196 2 4
cam_07 2136 2 1
cam_07 2218 2 2
cam_07 2185 1 2
cam_07 2170 1 1
cam_07 2202 1 1
cam_07 2257 2 1
cam_07 2215 2 1
cam_07 2310 2 2
cam_07 2227 1 4
cam_07 2253 2 1
cam_07 2196 2 1
cam_07 2365 2 1
cam_07 222 1 1
cam_07 2319 2 4
cam_07 2253 1 1
cam_07 2238 1 1
cam_07 244 1 2
cam_07 2317 2 1
cam_07 2316 1 1
cam_07 2359 2 1
cam_07 2517 2 4
cam_07 2356 2 1
cam_07 2574 2 4
cam_07 2349 2 1
cam_07 2592 1 2
cam_07 2377 1 1
cam_07 2413 1 1
cam_07 2580 1 1
cam_07 2526 2 3
cam_07 288 1 4
cam_07 2626 2 3
cam_07 2544 2 1
cam_07 2461 2 1
cam_07 2523 2 1
cam_07 2538 1 1
cam_07 211 2 1
cam_07 2590 1 4
cam_07 2544 2 1
cam_07 2559 1 1
cam_07 2541 1 1
cam_07 2704 2 1
cam_07 234 1 1
cam_07 2598 2 1
cam_07 2752 2 4
cam_07 2604 1 1
cam_07 2640 1 4
cam_07 2613 1 1
cam_07 2626 2 1
cam_07 2596 1 1
cam_07 2625 1 1
cam_07 2664 1 4
cam_07 2620 2 1
cam_07 2721 2 3
cam_07 2668 1 1
cam_07 2637 2 1
cam_07 2676 1 1
cam_07 2694 2 1
cam_07 2697 1 4
cam_07 2785 2 4
cam_07 2679 1 1
cam_07 2670 1 1
cam_07 2674 2 1
cam_07 2706 1 1
cam_07 2764 2 4
cam_07 2728 1 3
cam_07 2826 2 1
cam_07 2715 1 1
cam_07 300 2 2
cam_07 2704 2 3
cam_07 262 1 1
cam_07 2725 2 1
cam_07 3196 2 1
cam_07 2779 2 4
cam_07 2760 1 1
cam_07 24 2 1
cam_07 79 2 2
cam_07 241 1 4
cam_07 2811 2 1
cam_07 2767 2 1
cam_07 2766 2 1
cam_07 2842 2 1
cam_07 2817 2 4
cam_07 2775 2 1
cam_07 2808 2 1
cam_07 2854 2 1
cam_07 2800 2 1
cam_07 2835 2 1
cam_07 2874 1 1
cam_07 2881 1 4
cam_07 2835 2 1
cam_07 2859 2 1
cam_07 2835 2 4
cam_07 2835 2 1
cam_07 2877 1 1
cam_07 3217 2 1
cam_07 2890 1 1
cam_07 2907 2 4
cam_07 2916 1 4
cam_07 2884 2 1
cam_07 2911 2 4
cam_07 2902 1 2
cam_07 22 2 4
cam_07 255 2 4
cam_07 2920 2 1
cam_07 253 1 1
cam_07 2944 2 2
cam_07 2941 2 1
cam_07 2961 2 1
cam_07 2944 2 4
cam_07 3018 2 1
cam_07 3001 2 2
cam_07 3013 2 1
cam_07 3016 2 1
cam_07 3043 2 1
cam_07 3054 1 1
cam_07 3080 2 1
cam_07 3070 1 2
cam_07 276 2 2
cam_07 3117 1 2
cam_07 3072 2 1
cam_07 3087 1 1
cam_07 3079 1 1
cam_07 3090 1 1
cam_07 3120 1 1
cam_07 325 1 4
cam_07 3186 1 1
cam_07 3267 1 1
cam_07 3469 2 2
cam_07 3252 2 1
cam_07 3235 1 1
cam_07 3271 1 1
cam_07 48 2 1
cam_07 3430 2 1
cam_07 3312 1 4
cam_07 3273 2 1
cam_07 3408 2 1
cam_07 3505 2 3
cam_07 3460 2 1
cam_07 3300 1 1
cam_07 3352 1 1
cam_07 3516 1 2
cam_07 3418 2 4
cam_07 3544 2 2
cam_07 3471 2 2
cam_07 3487 2 1
cam_07 3426 2 1
cam_07 3439 2 1
cam_07 3585 2 2
cam_07 3465 1 1
cam_07 3502 2 1
cam_07 3529 1 2
cam_07 3511 2 4
cam_07 3508 1 1
cam_07 3489 1 1
cam_07 3592 1 1
cam_07 327 2 4
cam_07 3493 1 1
cam_07 3543 1 1
cam_07 3520 2 1
cam_07 3531 2 1
cam_07 3579 2 2
cam_07 3565 1 4
cam_07 3544 1 4
cam_07 3532 1 1
cam_07 283 2 1
cam_07 3513 1 1
cam_07 3550 2 1
cam_07 3603 2 4
cam_07 3613 2 4
cam_07 3549 1 1
cam_07 343 1 4
cam_07 3589 2 2
cam_07 3613 1 2
cam_07 3606 2 1
cam_07 3589 1 2
cam_07 3583 1 1
cam_07 3585 2 1
cam_07 327 2 1
cam_07 3609 2 1
cam_07 3666 1 4
cam_07 3660 2 2
cam_07 3790 2 1
cam_07 3633 1 1
cam_07 3658 1 2
cam_07 3636 2 1
cam_07 313 2 1
cam_07 3688 1 4
cam_07 3658 2 1
cam_07 315 1 1
cam_07 3673 2 3
cam_07 3705 1 4
cam_07 3699 2 2
cam_07 3754 2 4
cam_07 3738 2 2
cam_07 424 2 4
cam_07 3724 2 1
cam_07 3810 1 1
cam_07 3754 2 1
cam_07 3768 1 1
cam_07 3777 2 1
cam_07 3768 2 1
cam_07 3840 2 4
cam_07 3874 1 4
cam_07 3991 1 1
cam_07 3847 1 4
cam_07 3927 1 4
cam_07 3894 1 1
cam_07 3874 2 4
cam_07 3958 2 4
cam_07 3921 2 1
cam_07 3958 2 1
cam_07 3963 2 1
cam_07 3990 2 2
cam_07 4008 2 1
cam_07 3999 1 1
cam_07 4005 2 1
cam_07 4081 1 1
cam_07 4029 2 1
cam_07 4017 2 1
cam_07 4459 1 2
cam_07 4417 2 4
cam_07 4017 1 1
cam_07 4450 1 2
cam_07 4062 1 1
cam_07 4053 2 1
cam_07 4141 1 1
cam_07 394 1 4
cam_07 4072 2 1
cam_07 4155 2 2
cam_07 4140 1 1
cam_07 4180 2 1
cam_07 321 2 1
cam_07 4161 2 1
cam_07 4228 1 1
cam_07 4179 2 1
cam_07 4239 2 1
cam_07 357 2 1
cam_07 354 1 4
cam_07 4399 2 3
cam_07 4230 2 1
cam_07 4273 1 1
cam_07 4260 1 1
cam_07 4303 1 1
cam_07 4314 1 1
cam_07 4302 2 1
cam_07 4453 2 2
cam_07 4414 1 1
cam_07 4443 2 4
cam_07 346 2 4
cam_07 4404 2 2
cam_07 4366 2 1
cam_07 4534 2 4
cam_07 4419 2 1
cam_07 4413 1 1
cam_07 4471 2 4
cam_07 4401 1 1
cam_07 4428 1 1
cam_07 4414 2 1
cam_07 4713 2 1
cam_07 4456 2 1
cam_07 412 2 4
cam_07 4456 1 1
cam_07 4458 2 1
cam_07 4534 2 2
cam_07 4444 2 1
cam_07 4455 1 1
cam_07 4497 1 4
cam_07 4476 2 1
cam_07 36 2 1
cam_07 4509 2 1
cam_07 4472 2 1
cam_07 4486 1 2
cam_07 4497 1 1
cam_07 4492 1 1
cam_07 4999 2 1
cam_07 4524 2 1
cam_07 4513 2 1
cam_07 4522 2 1
cam_07 4578 1 4
cam_07 4561 1 2
cam_07 4546 2 1
cam_07 40 1 1
cam_07 4564 2 1
cam_07 415 1 2
cam_07 4584 2 1
cam_07 4551 2 1
cam_07 4575 2 1
cam_07 4575 2 1
cam_07 4627 1 4
cam_07 4605 1 3
cam_07 4582 1 4
cam_07 4600 1 2
cam_07 4608 2 1
cam_07 4633 2 2
cam_07 4629 1 1
cam_07 4633 1 1
cam_07 4663 1 4
cam_07 4686 1 1
cam_07 4683 1 4
cam_07 4684 1 1
cam_07 412 2 1
cam_07 4717 1 4
cam_07 4693 1 4
cam_07 4765 2 4
cam_07 4728 2 1
cam_07 4753 1 1
cam_07 4807 1 4
cam_07 4719 2 1
cam_07 4797 2 3
cam_07 4792 1 1
cam_07 4822 2 2
cam_07 4840 1 1
cam_07 4888 2 4
cam_07 439 1 1
cam_07 4935 2 1
cam_07 4935 1 1
cam_07 4930 2 1
cam_07 4960 2 1
cam_07 4987 1 4
cam_07 4992 2 1
cam_07 5043 2 1
cam_07 417 2 1
cam_07 5016 1 1
cam_07 5002 1 1
cam_07 430 1 1
cam_07 5001 1 1
cam_07 516 2 3
cam_07 5041 1 1
cam_07 5149 2 2
cam_07 5149 2 1
cam_07 5328 2 1
cam_07 5355 1 2
cam_07 5229 2 1
cam_07 5140 2 1
cam_07 5146 2 1
cam_07 5176 1 4
cam_07 5298 2 1
cam_07 5116 2 1
cam_07 5190 1 1
cam_07 5185 2 1
cam_07 406 2 1
cam_07 5148 2 1
cam_07 5421 2 4
cam_07 5232 1 2
cam_07 5154 2 1
cam_07 5280 2 1
cam_07 5178 2 1
cam_07 5182 1 1
cam_07 5232 1 1
cam_07 5397 2 2
cam_07 5418 2 1
cam_07 5200 2 1
cam_07 5250 1 3
cam_07 5301 2 1
cam_07 5286 1 2
cam_07 5284 1 2
cam_07 5250 1 1
cam_07 5332 1 2
cam_07 5267 2 1
cam_07 5331 1 2
cam_07 5311 1 1
cam_07 5298 2 1
cam_07 5331 2 1
cam_07 5358 1 3
cam_07 5326 2 1
cam_07 5301 2 1
cam_07 5308 2 1
cam_07 5349 2 1
cam_07 5476 2 4
cam_07 5382 1 4
cam_07 5358 2 1
cam_07 5347 2 1
cam_07 5370 2 1
cam_07 5365 2 1
cam_07 5373 1 1
cam_07 5377 2 1
cam_07 5364 1 1
cam_07 5371 1 1
cam_07 5403 1 3
cam_07 5373 1 1
cam_07 5439 1 4
cam_07 5434 2 3
cam_07 5358 2 1
cam_07 5388 1 1
cam_07 5442 1 1
cam_07 5413 2 1
cam_07 5395 2 1
cam_07 5418 2 1
cam_07 5404 2 1
cam_07 5416 1 1
cam_07 5410 1 2
cam_07 559 2 1
cam_07 5416 2 2
cam_07 5415 1 1
cam_07 5467 2 4
cam_07 5657 2 1
cam_07 5470 1 4
cam_07 5464 2 1
cam_07 5466 1 1
cam_07 5452 1 2
cam_07 442 2 1
cam_07 5500 1 2
cam_07 5512 1 2
cam_07 5497 1 1
cam_07 5482 2 1
cam_07 5482 1 1
cam_07 5475 2 1
cam_07 5604 1 1
cam_07 5479 1 2
cam_07 5493 2 1
cam_07 5590 2 4
cam_07 5703 1 1
cam_07 495 2 1
cam_07 5556 1 4
cam_07 5526 2 3
cam_07 5512 1 1
cam_07 5709 1 1
cam_07 5544 2 1
cam_07 5584 1 4
cam_07 5728 2 1
cam_07 5596 2 1
cam_07 5563 1 4
cam_07 5562 2 1
cam_07 5577 1 1
cam_07 5581 2 1
cam_07 5598 2 1
cam_07 5623 2 2
cam_07 5661 1 3
cam_07 60 2 1
cam_07 5646 2 1
cam_07 5703 2 2
cam_07 5664 1 2
cam_07 5712 2 4
cam_07 5643 1 1
cam_07 5677 1 1
cam_07 5665 2 4
cam_07 5653 2 2
cam_07 5709 2 1
cam_07 5866 1 4
cam_07 498 2 1
cam_07 5737 2 1
cam_07 5725 2 1
cam_07 5803 2 4
cam_07 5746 1 1
cam_07 5775 2 1
cam_07 5794 2 1
cam_07 5877 2 4
cam_07 79 1 4
cam_07 5845 2 1
cam_07 5824 1 3
cam_07 5805 2 1
cam_07 5997 2 1
cam_07 5842 2 1
cam_07 5845 2 4
cam_07 5889 1 2
cam_07 5877 2 1
cam_07 5916 2 4
cam_07 5886 1 4
cam_07 5935 2 3
cam_07 510 2 1
cam_07 5983 2 4
cam_07 5928 1 1
cam_07 5949 2 1
cam_07 5982 2 1
cam_07 6033 2 1
cam_07 6081 1 1
cam_07 30 1 2
cam_07 535 2 1
cam_07 6055 2 1
cam_07 6015 2 4
cam_07 6042 2 1
cam_07 6063 2 1
cam_07 6279 2 3
cam_07 6082 2 1
cam_07 6315 2 4
cam_07 6292 2 2
cam_07 6100 2 1
cam_07 6124 2 1
cam_07 6141 2 2
cam_07 6136 2 1
cam_07 6175 2 1
cam_07 760 2 4
cam_07 6157 2 1
cam_07 6186 2 1
cam_07 6195 1 1
cam_07 562 2 1
cam_07 6198 1 1
cam_07 6205 2 1
cam_07 6196 2 1
cam_07 6219 1 1
cam_07 6283 2 1
cam_07 6241 2 1
cam_07 6238 2 1
cam_07 6232 1 1
cam_07 6216 1 1
cam_07 6264 2 1
cam_07 6294 1 4
cam_07 6333 2 4
cam_07 6285 1 1
cam_07 591 2 1
cam_07 6310 1 1
cam_07 6378 2 4
cam_07 106 2 2
cam_07 6363 1 2
cam_07 6321 1 1
cam_07 6303 1 1
cam_07 6355 2 1
cam_07 6345 1 1
cam_07 6325 1 1
cam_07 6394 1 2
cam_07 6318 1 1
cam_07 6352 2 1
cam_07 771 2 4
cam_07 6363 1 1
cam_07 6336 1 1
cam_07 6364 2 1
cam_07 6391 1 4
cam_07 6339 1 1
cam_07 6946 1 1
cam_07 6466 2 2
cam_07 567 2 1
cam_07 6387 2 1
cam_07 6412 2 1
cam_07 6370 1 1
cam_07 6430 1 2
cam_07 6456 1 4
cam_07 6426 1 1
cam_07 6438 2 4
cam_07 6398 2 1
cam_07 603 2 1
cam_07 6430 2 1
cam_07 6397 2 1
cam_07 6447 1 2
cam_07 6447 2 1
cam_07 6478 1 2
cam_07 625 2 1
cam_07 6466 1 2
cam_07 6495 2 3
cam_07 6516 1 4
cam_07 6478 2 1
cam_07 6514 1 2
cam_07 6487 2 1
cam_07 6477 1 4
cam_07 6513 2 4
cam_07 6504 2 4
cam_07 6531 1 4
cam_07 6584 2 1
cam_07 6569 2 4
cam_07 582 2 1
cam_07 6546 1 1
cam_07 6631 1 1
cam_07 6565 1 1
cam_07 6571 2 1
cam_07 6571 2 1
cam_07 6673 1 4
cam_07 6618 2 4
cam_07 6619 2 3
cam_07 6669 2 2
cam_07 6633 2 1
cam_07 6672 2 2
cam_07 88 1 2
cam_07 6649 2 1
cam_07 6654 2 1
cam_07 6711 2 1
cam_07 6720 1 4
cam_07 6696 2 4
cam_07 6720 2 1
cam_07 6708 2 1
cam_07 6771 1 4
cam_07 6709 2 1
cam_07 6781 2 2
cam_07 6741 2 1
cam_07 6786 2 1
cam_07 6786 2 1
cam_07 6748 1 2
cam_07 6753 2 1
cam_07 6817 2 4
cam_07 6879 1 4
cam_07 6834 1 2
cam_07 6787 2 1
cam_07 6807 1 1
cam_07 6831 2 1
cam_07 6862 2 1
cam_07 6961 1 1
cam_07 6850 1 2
cam_07 6942 2 1
cam_07 6907 1 1
cam_07 6892 1 2
cam_07 6927 2 1
cam_07 6906 1 1
cam_07 568 2 4
cam_07 6937 1 1
cam_07 6942 2 1
cam_07 6978 2 1
cam_07 670 1 4
cam_07 7288 2 4
cam_07 591 2 3
cam_07 7045 2 1
cam_07 7296 2 2
cam_07 7072 2 1
cam_07 7098 1 1
cam_07 7116 2 1
cam_07 7143 2 2
cam_07 7285 2 2
cam_07 604 1 1
cam_07 7120 2 1
cam_07 7138 2 1
cam_07 7180 1 1
cam_07 7185 1 4
cam_07 7308 2 4
cam_07 7098 2 1
cam_07 7194 1 1
cam_07 7302 2 1
cam_07 7173 2 1
cam_07 7308 1 3
cam_07 7636 2 4
cam_07 7197 2 1
cam_07 7215 2 1
cam_07 7209 2 1
cam_07 7233 2 1
cam_07 7249 2 1
cam_07 7300 2 1
cam_07 7272 2 1
cam_07 7297 2 1
cam_07 7363 2 2
cam_07 7314 1 2
cam_07 7338 1 4
cam_07 7282 2 1
cam_07 7329 2 1
cam_07 7395 2 2
cam_07 7333 1 1
cam_07 694 2 1
cam_07 7311 1 1
cam_07 7326 1 1
cam_07 7338 1 1
cam_07 7330 2 1
cam_07 7316 2 1
cam_07 7446 2 1
cam_07 7371 1 4
cam_07 7308 1 1
cam_07 7321 2 1
cam_07 7341 1 1
cam_07 7386 2 1
cam_07 673 2 4
cam_07 7378 2 1
cam_07 7378 2 1
cam_07 7356 2 1
cam_07 804 1 2
cam_07 7362 2 1
cam_07 7369 1 1
cam_07 7380 2 1
cam_07 7398 1 4
cam_07 7449 2 4
cam_07 7401 1 1
cam_07 7396 2 1
cam_07 7395 2 1
cam_07 7425 2 1
cam_07 7440 1 4
cam_07 7435 2 1
cam_07 7461 2 1
cam_07 7434 1 1
cam_07 7431 2 1
cam_07 7459 1 4
cam_07 7468 2 1
cam_07 7455 1 1
cam_07 7477 1 2
cam_07 7539 1 4
cam_07 7591 2 1
cam_07 7497 1 2
cam_07 33 2 3
cam_07 7576 2 2
cam_07 7504 2 1
cam_07 7504 1 2
cam_07 660 2 1
cam_07 7515 1 1
cam_07 7614 2 4
cam_07 7579 1 4
cam_07 7596 2 1
cam_07 7555 1 1
cam_07 7602 2 1
cam_07 7617 2 1
cam_07 7608 1 1
cam_07 7566 2 4
cam_07 7624 1 1
cam_07 7648 1 1
cam_07 7590 2 1
cam_07 7638 2 1
cam_07 7671 2 4
cam_07 7699 2 1
cam_07 7726 1 4
cam_07 7693 2 4
cam_07 7705 2 1
cam_07 7703 2 1
cam_07 780 2 2
cam_07 7743 2 1
cam_07 7767 1 1
cam_07 7792 1 1
cam_07 7752 2 3
cam_07 7887 2 3
cam_07 7785 2 1
cam_07 7806 2 2
cam_07 7908 2 1
cam_07 649 2 1
cam_07 7806 1 1
cam_07 7831 2 4
cam_07 7852 2 1
cam_07 8206 2 4
cam_07 684 2 1
cam_07 7903 2 1
cam_07 8323 2 2
cam_07 8187 2 2
cam_07 7954 2 1
cam_07 7960 1 1
cam_07 8019 2 1
cam_07 7989 2 1
cam_07 8041 2 1
cam_07 8002 1 1
cam_07 7969 2 1
cam_07 8005 2 1
cam_07 8121 2 1
cam_07 8128 2 1
cam_07 8275 2 2
cam_07 8083 1 2
cam_07 8140 2 1
cam_07 8145 1 1
cam_07 8041 2 1
cam_07 8127 1 3
cam_07 8155 2 1
cam_07 8103 2 1
cam_07 8236 2 2
cam_07 8107 2 1
cam_07 8128 2 1
cam_07 8235 2 3
cam_07 8136 2 1
cam_07 8281 2 2
cam_07 8173 2 1
cam_07 8193 2 1
cam_07 8167 2 1
cam_07 8190 2 1
cam_07 8263 2 1
cam_07 108 1 4
cam_07 8179 2 1
cam_07 8256 2 1
cam_07 8220 2 1
cam_07 669 2 1
cam_07 8247 2 1
cam_07 8259 2 1
cam_07 8241 1 1
cam_07 8239 2 1
cam_07 8260 2 1
cam_07 8262 2 1
cam_07 8244 1 1
cam_07 8253 2 2
cam_07 8283 1 2
cam_07 8241 1 2
cam_07 8265 2 1
cam_07 8295 1 4
cam_07 8221 2 1
cam_07 8251 2 1
cam_07 8259 1 1
cam_07 8253 1 1
cam_07 8262 1 1
cam_07 778 2 3
cam_07 8271 1 1
cam_07 8281 1 1
cam_07 8338 2 4
cam_07 8250 2 1
cam_07 8305 1 2
cam_07 8302 1 1
cam_07 8325 2 1
cam_07 8310 1 1
cam_07 8286 2 1
cam_07 8260 2 1
cam_07 844 2 4
cam_07 8283 2 1
cam_07 8265 2 1
cam_07 8317 1 4
cam_07 8337 2 1
cam_07 8308 1 1
cam_07 8325 1 3
cam_07 8319 1 1
cam_07 8349 1 4
cam_07 8554 2 4
cam_07 760 2 3
cam_07 8334 1 1
cam_07 8434 2 1
cam_07 8424 1 4
cam_07 8355 2 1
cam_07 775 2 3
cam_07 8385 1 1
cam_07 8371 1 4
cam_07 8592 2 1
cam_07 8394 1 1
cam_07 8376 1 2
cam_07 8437 1 1
cam_07 8440 2 1
cam_07 8460 2 1
cam_07 8434 2 1
cam_07 8494 2 1
cam_07 8482 2 1
cam_07 8569 2 1
cam_07 8553 1 4
cam_07 8593 2 2
cam_07 8569 1 4
cam_07 8652 2 2
cam_07 8767 2 4
cam_07 8668 2 1
cam_07 8748 1 1
cam_07 8704 2 1
cam_07 8626 2 1
cam_07 8691 2 1
cam_07 8704 2 1
cam_07 8767 2 4
cam_07 8679 2 1
cam_07 8766 1 1
cam_07 8734 1 1
cam_07 8734 2 1
cam_07 8712 2 1
cam_07 8773 2 1
cam_07 8749 2 1
cam_07 744 2 1
cam_07 8989 1 1
cam_07 9174 2 4
cam_07 805 2 4
cam_07 8784 2 1
cam_07 8748 2 1
cam_07 8923 2 2
cam_07 8811 1 1
cam_07 8794 1 1
cam_07 8913 2 1
cam_07 9282 2 4
cam_07 8871 2 1
cam_07 91 2 4
cam_07 8902 1 2
cam_07 9270 2 4
cam_07 8847 2 1
cam_07 8877 1 1
cam_07 8926 2 1
cam_07 759 2 1
cam_07 8899 2 1
cam_07 8889 1 1
cam_07 8910 2 1
cam_07 8976 1 2
cam_07 8985 1 1
cam_07 8914 2 4
cam_07 8947 2 1
cam_07 820 1 2
cam_07 9133 2 2
cam_07 8995 2 1
cam_07 9003 1 1
cam_07 8985 1 1
cam_07 9003 1 1
cam_07 9157 1 4
cam_07 9123 2 1
cam_07 9138 1 1
cam_07 9210 2 3
cam_07 9108 2 4
cam_07 9196 1 1
cam_07 9163 2 2
cam_07 844 1 2
cam_07 9153 2 1
cam_07 9177 1 1
cam_07 9195 1 1
cam_07 9196 2 1
cam_07 9258 2 2
cam_07 9255 1 1
cam_07 9213 1 4
cam_07 9177 2 4
cam_07 9196 2 1
cam_07 9250 2 4
cam_07 9210 2 1
cam_07 9226 1 2
cam_07 9249 1 1
cam_07 9203 2 1
cam_07 9283 2 4
cam_07 9243 1 4
cam_07 9234 1 1
cam_07 9231 1 1
cam_07 9222 2 1
cam_07 9228 2 1
cam_07 9231 1 2
cam_07 9249 1 1
cam_07 9262 1 4
cam_07 9403 2 4
cam_07 9240 2 1
cam_07 9264 1 1
cam_07 9246 1 2
cam_07 9307 2 4
cam_07 9306 1 4
cam_07 9247 1 1
cam_07 9247 1 1
cam_07 9306 2 1
cam_07 9474 2 2
cam_07 21 2 1
cam_07 785 2 1
cam_07 9291 1 4
cam_07 9307 2 4
cam_07 9306 1 1
cam_07 828 1 1
cam_07 9315 2 1
cam_07 9324 1 2
cam_07 9307 2 1
cam_07 828 1 1
cam_07 9333 2 4
cam_07 9326 2 1
cam_07 9333 2 4
cam_07 9333 1 4
cam_07 9334 2 1
cam_07 9351 2 4
cam_07 9381 2 4
cam_07 9372 1 4
cam_07 9391 2 1
cam_07 9456 2 1
cam_07 9510 2 4
cam_07 783 2 1
cam_07 9402 2 1
cam_07 9487 1 4
cam_07 9423 2 1
cam_07 9474 2 2
cam_07 9436 2 1
cam_07 9439 2 1
cam_07 9462 2 1
cam_07 9462 2 1
cam_07 9462 2 2
cam_07 9507 2 3
cam_07 9465 2 1
cam_07 9486 2 2
cam_07 804 2 1
cam_07 9517 2 1
cam_07 9516 2 1
cam_07 9541 2 2
cam_07 9498 1 4
cam_07 822 2 1
cam_07 801 1 1
cam_07 9517 2 1
cam_07 9517 2 1
cam_07 9553 2 1
cam_07 9535 1 2
cam_07 9571 2 1
cam_07 9691 2 1
cam_07 9594 2 1
cam_07 828 2 1
cam_07 9840 2 4
cam_07 9604 2 1
cam_07 9612 2 1
cam_07 9633 2 1
cam_07 9645 2 1
cam_07 9633 2 1
cam_07 9661 2 1
cam_07 9687 1 1
cam_07 9691 2 1
cam_07 9691 1 1
cam_07 9811 2 4
cam_07 9721 1 4
cam_07 9747 2 2
cam_07 9711 2 1
cam_07 9700 1 1
cam_07 9759 2 4
cam_07 9711 2 1
cam_07 9721 2 1
cam_07 9723 2 1
cam_07 9792 2 4
cam_07 9745 1 4
cam_07 9756 1 2
cam_07 9741 2 4
cam_07 9790 2 1
cam_07 838 2 1
cam_07 9777 1 4
cam_07 9790 2 2
cam_07 9807 2 1
cam_07 9811 2 2
cam_07 9808 2 2
cam_07 9838 2 2
cam_07 9805 1 4
cam_07 9811 1 4
cam_07 9802 2 4
cam_07 9810 2 4
cam_07 9820 1 1
cam_07 981 2 4
cam_07 9819 2 4
cam_07 9814 2 1
cam_07 9819 2 4
cam_07 9816 2 1
cam_07 9819 2 1
cam_07 9823 2 4
cam_07 9855 2 1
cam_07 9823 2 1
cam_07 9833 2 1
cam_07 9831 1 1
cam_07 9858 2 1
cam_07 9988 2 1
cam_07 9858 2 4
cam_07 9853 1 4
cam_07 9856 1 1
cam_07 9852 2 4
cam_07 9888 2 4
cam_07 9856 2 1
cam_07 9876 2 1
cam_07 9906 2 1
cam_07 9888 2 1
cam_07 9879 2 1
cam_07 9978 2 1
cam_07 9870 2 1
cam_07 9880 2 1
cam_07 9919 2 4
cam_07 9915 2 4
cam_07 9918 1 2
cam_07 9912 2 1
cam_07 9915 2 1
cam_07 9915 1 1
cam_07 9978 2 1
cam_07 9943 1 4
cam_07 9943 2 2
cam_07 9931 1 1
cam_07 9943 2 1
cam_07 9943 2 1
cam_07 9960 1 1
cam_07 9966 1 4
cam_07 847 1 1
cam_07 9988 2 1
cam_07 10042 2 4
cam_07 9987 1 1
cam_07 10041 2 4
cam_07 10047 2 1
cam_07 10047 2 1
cam_07 10047 2 1
cam_07 10066 2 1
cam_07 10086 2 1
cam_07 10297 2 4
cam_07 850 2 1
cam_07 10117 2 1
cam_07 10213 2 1
cam_07 10105 2 1
cam_07 10105 2 1
cam_07 10111 2 1
cam_07 10134 2 1
cam_07 10165 2 2
cam_07 10125 2 1
cam_07 10131 2 1
cam_07 10198 2 1
cam_07 10177 2 1
cam_07 10135 2 1
cam_07 10129 1 1
cam_07 10165 1 1
cam_07 10132 2 1
cam_07 10141 2 1
cam_07 91 2 4
cam_07 10156 2 1
cam_07 10150 2 1
cam_07 10297 2 4
cam_07 10165 2 1
cam_07 10156 2 1
cam_07 10158 1 1
cam_07 10168 2 1
cam_07 10287 1 1
cam_07 10195 2 1
cam_07 10297 2 2
cam_07 10194 1 2
cam_07 10219 2 1
cam_07 10276 1 4
cam_07 10219 2 1
cam_07 10287 2 1
cam_07 10287 2 2
cam_07 10287 2 1
cam_07 10296 2 2
cam_07 10297 2 2
cam_07 10321 2 4
cam_07 10438 2 1
cam_07 10314 2 1
cam_07 10314 2 1
cam_07 10378 1 4
cam_07 10326 1 1
cam_07 10337 2 1
cam_07 10363 2 4
cam_07 10354 2 1
cam_07 10340 2 1
cam_07 10345 2 4
cam_07 10345 2 1
cam_07 865 2 1
cam_07 10345 2 3
cam_07 10348 2 4
cam_07 10348 2 4
cam_07 10393 2 3
cam_07 10363 2 4
cam_07 10363 2 4
cam_07 10366 1 1
cam_07 10363 2 4
cam_07 10372 2 4
cam_07 10366 2 1
cam_07 10366 2 1
cam_07 10375 2 2
cam_07 10377 2 1
cam_07 10377 2 1
cam_07 10374 1 1
cam_07 10401 1 4
cam_07 10417 2 1
cam_07 10434 2 2
cam_07 853 2 4
cam_07 10399 2 1
cam_07 10422 1 4
cam_07 10395 2 1
cam_07 906 1 1
cam_07 10381 2 1
cam_07 10422 2 2
cam_07 10417 2 1
cam_07 10386 2 1
cam_07 10422 2 1
cam_07 10433 2 1
cam_07 10416 2 1
cam_07 10416 1 1
cam_07 10417 2 1
cam_07 10438 2 1
cam_07 10422 2 1
cam_07 10576 2 1
cam_07 10438 2 1
cam_07 10561 2 1
cam_07 10464 1 1
cam_07 10464 2 1
cam_07 10500 2 1
cam_07 10459 2 1
cam_07 10593 2 1
cam_07 10506 1 4
cam_07 10473 2 1
cam_07 10507 2 1
cam_07 936 2 4
cam_07 10482 2 1
cam_07 10503 2 1
cam_07 10507 2 1
cam_07 10506 2 1
cam_07 10509 2 4
cam_07 10522 2 4
cam_07 10515 1 4
cam_07 10528 2 1
cam_07 10536 2 1
cam_07 10524 1 4
cam_07 10536 2 1
cam_07 864 2 4
cam_07 10536 2 4
cam_07 10753 2 1
cam_07 10542 2 1
cam_07 10540 2 4
cam_07 10540 2 2
cam_07 10554 2 1
cam_07 10573 2 1
cam_07 10689 2 1
cam_07 10549 2 4
cam_07 10546 2 1
cam_07 10615 2 1
cam_07 10570 2 1
cam_07 10597 2 1
cam_07 10565 2 1
cam_07 10587 2 1
cam_07 873 2 4
cam_07 10587 2 1
cam_07 10587 2 1
cam_07 10600 1 2
cam_07 10605 1 1
cam_07 10605 2 1
cam_07 10615 2 1
cam_07 10671 1 1
cam_07 10623 2 1
cam_07 10810 2 4
cam_07 10621 2 1
cam_07 10623 2 1
cam_07 10626 2 1
cam_07 10689 2 1
cam_07 10638 2 2
cam_07 10677 2 1
cam_07 10656 2 1
cam_07 10630 2 1
cam_07 10656 2 1
cam_07 10642 2 1
cam_07 10845 2 2
cam_07 10674 2 1
cam_07 960 2 4
cam_07 10663 2 1
cam_07 10680 2 1
cam_07 10662 2 1
cam_07 10714 2 2
cam_07 10689 2 1
cam_07 10899 2 4
cam_07 10689 2 1
cam_07 10726 2 1
cam_07 10696 1 1
cam_07 10759 1 2
cam_07 10704 2 1
cam_07 10884 2 3
cam_07 10815 2 2
cam_07 10731 2 1
cam_07 10732 2 1
cam_07 10716 2 1
cam_07 10771 2 1
cam_07 10740 2 1
cam_07 10816 2 1
cam_07 10795 2 1
cam_07 10948 2 2
cam_07 10900 1 1
cam_07 10822 2 1
cam_07 10902 1 1
cam_07 10899 1 2
cam_07 10842 2 1
cam_07 10911 1 2
cam_07 10858 1 1
cam_07 10857 1 1
cam_07 10903 2 2
cam_07 10869 2 1
cam_07 10869 1 2
cam_07 11071 2 1
cam_07 931 2 1
cam_07 10876 1 1
cam_07 10939 1 2
cam_07 10953 1 4
cam_07 10926 1 2
cam_07 10915 2 1
cam_07 10996 2 2
cam_07 10945 1 1
cam_07 10921 2 4
cam_07 10954 2 4
cam_07 973 2 4
cam_07 10927 2 1
cam_07 10956 2 1
cam_07 10962 1 4
cam_07 10975 1 2
cam_07 10992 1 4
cam_07 11010 2 3
cam_07 10980 1 1
cam_07 11025 2 4
cam_07 10962 2 1
cam_07 991 1 4
cam_07 10983 2 1
cam_07 10995 2 1
cam_07 1045 1 4
cam_07 11019 1 4
cam_07 11103 2 1
cam_07 11025 2 2
cam_07 10985 1 4
cam_07 964 1 4
cam_07 11026 2 1
cam_07 11040 1 4
cam_07 11071 2 4
cam_07 11044 2 1
cam_07 11034 2 1
cam_07 11044 1 3
cam_07 11103 2 1
cam_07 11017 2 4
cam_07 11068 2 1
cam_07 11158 2 1
cam_07 11055 1 1
cam_07 11109 1 1
cam_07 1021 2 4
cam_07 11193 2 3
cam_07 11134 2 1
cam_07 11121 2 1
cam_07 11091 2 4
cam_07 11139 2 1
cam_07 11164 1 4
cam_07 11152 2 2
cam_07 11167 2 2
cam_07 11214 2 4
cam_07 11179 1 4
cam_07 11217 2 4
cam_07 11173 1 1
cam_07 11214 1 1
cam_07 11217 2 4
cam_07 11227 2 2
cam_07 11185 2 2
cam_07 11193 2 2
cam_07 11232 2 1
cam_07 979 2 1
cam_07 11229 2 1
cam_07 11272 2 2
cam_07 11277 2 2
cam_07 978 2 1
cam_07 11236 2 1
cam_07 11262 2 4
cam_07 11250 2 1
cam_07 11277 2 4
cam_07 11326 2 4
cam_07 11308 2 4
cam_07 11335 2 1
cam_07 11320 2 4
cam_07 11368 1 1
cam_07 11334 2 1
cam_07 11337 2 1
cam_07 11332 2 4
cam_07 11383 2 4
cam_07 11365 2 4
cam_07 11385 2 1
cam_07 11365 2 1
cam_07 11389 2 4
cam_07 11374 2 1
cam_07 1030 2 1
cam_07 11394 1 1
cam_07 11370 2 4
cam_07 11374 2 1
cam_07 1012 2 1
cam_07 11416 2 4
cam_07 11422 2 1
cam_07 11419 2 4
cam_07 11419 2 1
cam_07 11419 2 1
cam_07 11752 2 1
cam_07 11482 2 1
cam_07 11464 2 1
cam_07 11661 2 4
cam_07 11463 2 1
cam_07 11476 2 1
cam_07 11524 2 1
cam_07 11482 2 1
cam_07 11529 1 1
cam_07 11532 1 1
cam_07 11524 1 1
cam_07 11496 1 1
cam_07 1015 2 1
cam_07 11578 2 2
cam_07 11542 1 1
cam_07 11719 2 1
cam_07 11562 2 2
cam_07 94 1 4
cam_07 1020 1 1
cam_07 1071 2 2
cam_07 11562 2 1
cam_07 11562 2 1
cam_07 11562 1 1
cam_07 11578 2 1
cam_07 11592 2 4
cam_07 11575 2 2
cam_07 1077 2 4
cam_07 11574 2 1
cam_07 11592 2 1
cam_07 11583 2 1
cam_07 11589 2 1
cam_07 11731 2 1
cam_07 11599 2 1
cam_07 11631 2 2
cam_07 11599 2 1
cam_07 11656 1 4
cam_07 11619 2 1
cam_07 11620 1 1
cam_07 11631 2 4
cam_07 11629 1 1
cam_07 93 2 1
cam_07 1014 1 1
cam_07 11631 2 4
cam_07 11626 2 1
cam_07 11626 1 1
cam_07 11683 2 1
cam_07 11715 2 1
cam_07 11658 2 4
cam_07 11659 2 4
cam_07 11682 2 1
cam_07 11670 2 1
cam_07 174 2 4
cam_07 11670 2 1
cam_07 11814 2 1
cam_07 11728 2 1
cam_07 11673 2 4
cam_07 11673 2 1
cam_07 11694 2 1
cam_07 11674 2 1
cam_07 11676 2 1
cam_07 11734 2 1
cam_07 11683 2 1
cam_07 11685 2 1
cam_07 1062 2 1
cam_07 1039 2 1
cam_07 11719 2 1
cam_07 11725 2 3
cam_07 11725 2 1
cam_07 11728 2 1
cam_07 11731 2 1
cam_07 11770 2 1
cam_07 11731 2 2
cam_07 11737 2 2
cam_07 11742 2 1
cam_07 11754 2 1
cam_07 11881 2 4
cam_07 11754 2 3
cam_07 11881 2 3
cam_07 11763 1 1
cam_07 11881 2 4
cam_07 11854 2 4
cam_07 11796 2 1
cam_07 11787 2 1
cam_07 11847 1 4
cam_07 11793 1 1
cam_07 11785 2 1
cam_07 11811 1 4
cam_07 11886 1 2
cam_07 1068 2 4
cam_07 11829 2 1
cam_07 11824 2 1
cam_07 11847 2 2
cam_07 11833 2 1
cam_07 11835 2 1
cam_07 11838 2 1
cam_07 11838 2 1
cam_07 11847 2 4
cam_07 11842 2 1
cam_07 12151 2 1
cam_07 11854 2 2
cam_07 11856 2 4
cam_07 11986 2 1
cam_07 1074 2 1
cam_07 11881 2 4
cam_07 11881 2 2
cam_07 11955 1 1
cam_07 11877 2 1
cam_07 153 1 1
cam_07 11881 2 1
cam_07 11914 2 4
cam_07 11890 2 1
cam_07 11890 1 2
cam_07 11926 2 4
cam_07 1071 2 1
cam_07 11901 2 4
cam_07 11916 2 4
cam_07 11949 2 2
cam_07 11955 2 4
cam_07 11980 1 4
cam_07 11965 2 2
cam_07 11965 2 2
cam_07 11938 2 1
cam_07 11937 1 4
cam_07 12012 2 4
cam_07 11943 2 1
cam_07 11958 1 1
cam_07 11965 2 1
cam_07 11983 2 1
cam_07 12025 2 1
cam_07 11964 2 1
cam_07 12070 2 1
cam_07 11964 2 4
cam_07 12004 2 2
cam_07 11977 2 1
cam_07 12021 2 4
cam_07 11980 2 1
cam_07 1080 2 1
cam_07 11983 2 1
cam_07 11988 2 1
cam_07 11988 2 1
cam_07 12004 2 1
cam_07 11998 2 1
cam_07 12012 2 4
cam_07 12012 2 1
cam_07 1135 2 4
cam_07 12019 2 1
cam_07 12022 2 4
cam_07 12031 2 4
cam_07 12106 2 2
cam_07 12025 2 1
cam_07 12030 2 2
cam_07 12031 2 1
cam_07 1089 2 1
cam_07 1129 2 4
cam_07 12046 2 2
cam_07 12039 2 4
cam_07 1161 1 1
cam_07 12060 2 1
cam_07 124 1 1
cam_07 12057 2 1
cam_07 12102 2 2
cam_07 12060 1 1
cam_07 12067 2 1
cam_07 12067 2 1
cam_07 12067 2 1
cam_07 12067 2 1
cam_07 1260 1 1
cam_07 12085 2 1
cam_07 12070 2 1
cam_07 12105 2 1
cam_07 12076 2 1
cam_07 12081 2 1
cam_07 12106 2 1
cam_07 12085 2 1
cam_07 12085 2 1
cam_07 1173 2 3
cam_07 12105 2 1
cam_07 12106 2 1
cam_07 12106 2 1
cam_07 1186 2 4
cam_07 12168 2 1
cam_07 1140 2 1
cam_07 12135 2 2
cam_07 1183 1 1
cam_07 12157 1 1
cam_07 12151 1 1
cam_07 12181 1 1
cam_07 12174 2 2
cam_07 12166 2 1
cam_07 12166 2 1
cam_07 12175 2 3
cam_07 1186 1 2
cam_07 12166 1 1
cam_07 1189 1 1
cam_07 12174 2 1
cam_07 12174 2 1
cam_07 12219 1 4
cam_07 12286 2 4
cam_07 12180 2 4
cam_07 12180 2 1
cam_07 12216 2 4
cam_07 1227 2 2
cam_07 12196 2 1
cam_07 12196 2 1
cam_07 12252 1 4
cam_07 12241 2 1
cam_07 12201 2 1
cam_07 12226 2 1
cam_07 12223 1 1
cam_07 12211 2 1
cam_07 12235 1 2
cam_07 12274 1 2
cam_07 12241 1 1
cam_07 12277 1 4
cam_07 12264 2 4
cam_07 12258 2 4
cam_07 12292 2 4
cam_07 12282 2 4
cam_07 12286 1 4
cam_07 12283 2 1
cam_07 12285 2 1
cam_07 12286 2 4
cam_07 12288 2 1
cam_07 12313 2 1
cam_07 12313 2 4
cam_07 12342 2 4
cam_07 12313 2 2
cam_07 12313 2 1
cam_07 12313 2 1
cam_07 12343 2 2
cam_07 12342 2 4
cam_07 12343 2 1
cam_07 12342 2 1
cam_07 12354 2 1
cam_07 12354 2 1
cam_07 12382 2 1
cam_07 12385 2 1
cam_07 12375 1 1
cam_07 12382 2 1
cam_07 12379 1 2
cam_07 12382 2 1
cam_07 12387 2 1
cam_07 12405 2 1
cam_07 12405 2 4
cam_07 12393 2 1
cam_07 12393 2 1
cam_07 12439 2 1
cam_07 12405 2 1
cam_07 12405 2 1
cam_07 12400 2 1
cam_07 12600 2 4
cam_07 1188 2 1
cam_07 12490 1 3
cam_07 12426 2 1
cam_07 12435 2 1
cam_07 12490 1 1
cam_07 1200 2 1
cam_07 12495 1 1
cam_07 12501 1 1
cam_07 12534 2 1
cam_07 12457 2 1
cam_07 12466 2 1
cam_07 1212 2 1
cam_07 12586 1 4
cam_07 12831 2 1
cam_07 12556 1 1
cam_07 12580 2 1
cam_07 12580 2 1
cam_07 12563 2 1
cam_07 12586 2 4
cam_07 12639 2 4
cam_07 12600 2 4
cam_07 12600 2 4
cam_07 12600 1 4
cam_07 12595 1 1
cam_07 12592 2 4
cam_07 12606 2 4
cam_07 12682 2 2
cam_07 12612 2 4
cam_07 1204 2 1
cam_07 12658 1 1
cam_07 12634 1 4
cam_07 12643 2 2
cam_07 12634 1 2
cam_07 12655 2 1
cam_07 1218 1 2
cam_07 12655 2 4
cam_07 1188 2 1
cam_07 12682 2 4
cam_07 12669 2 1
cam_07 12669 2 1
cam_07 12669 2 2
cam_07 12931 1 1
cam_07 12669 2 1
cam_07 12664 2 1
cam_07 12673 2 2
cam_07 12682 2 2
cam_07 12682 2 1
cam_07 12687 2 2
cam_07 12730 2 1
cam_07 12700 2 2
cam_07 12700 2 1
cam_07 12699 2 1
cam_07 1195 2 1
cam_07 12786 2 1
cam_07 12739 2 1
cam_07 12796 2 1
cam_07 12781 2 1
cam_07 12768 1 1
cam_07 12796 1 1
cam_07 12779 2 1
cam_07 12790 2 4
cam_07 1243 2 4
cam_07 12790 1 1
cam_07 12790 2 1
cam_07 12799 1 1
