cam_12 1320 1 1
cam_12 1320 1 1
cam_12 1320 1 1
cam_12 130 1 1
cam_12 1320 1 1
cam_12 1323 1 1
cam_12 1323 1 1
cam_12 1323 1 1
cam_12 1335 1 1
cam_12 1339 1 1
cam_12 1329 1 1
cam_12 129 1 1
cam_12 1339 1 3
cam_12 1339 1 1
cam_12 1339 1 1
cam_12 1330 1 1
cam_12 1345 1 1
cam_12 1329 1 1
cam_12 1456 1 1
cam_12 1347 1 1
cam_12 141 1 1
cam_12 1339 1 1
cam_12 1347 1 1
cam_12 1347 1 1
cam_12 1345 1 3
cam_12 1347 1 1
cam_12 1359 1 4
cam_12 1351 1 4
cam_12 1351 1 1
cam_12 1351 1 1
cam_12 1362 1 1
cam_12 1351 1 1
cam_12 1353 1 1
cam_12 163 1 1
cam_12 1354 1 1
cam_12 1368 1 1
cam_12 1362 1 1
cam_12 1368 1 1
cam_12 139 1 1
cam_12 1365 1 1
cam_12 1368 1 1
cam_12 1374 1 2
cam_12 147 1 1
cam_12 1374 1 1
cam_12 1372 1 1
cam_12 1374 1 2
cam_12 1372 1 1
cam_12 139 1 1
cam_12 1377 1 2
cam_12 1377 1 1
cam_12 1381 1 1
cam_12 1381 1 1
cam_12 1384 1 1
cam_12 1377 1 1
cam_12 1378 1 2
cam_12 1380 1 2
cam_12 1389 1 1
cam_12 1389 1 1
cam_12 1389 1 2
cam_12 1389 1 1
cam_12 1389 1 2
cam_12 1389 1 2
cam_12 1398 1 2
cam_12 1401 1 2
cam_12 1392 1 2
cam_12 1422 1 2
cam_12 1401 1 2
cam_12 1401 1 1
cam_12 1401 1 1
cam_12 1401 1 1
cam_12 1410 1 1
cam_12 1416 1 1
cam_12 1420 1 1
cam_12 153 1 1
cam_12 1413 1 2
cam_12 1426 1 2
cam_12 1411 1 1
cam_12 1419 1 1
cam_12 139 1 1
cam_12 1426 1 2
cam_12 1426 1 1
cam_12 1426 1 1
cam_12 1440 1 4
cam_12 1440 1 1
cam_12 1440 1 1
cam_12 31 1 1
cam_12 1440 1 1
cam_12 1449 1 1
cam_12 1443 1 1
cam_12 1443 1 1
cam_12 1447 1 1
cam_12 1447 1 1
cam_12 1456 1 1
cam_12 1453 1 1
cam_12 1467 1 1
cam_12 1467 1 1
cam_12 1467 1 1
cam_12 1488 1 4
cam_12 1494 1 1
cam_12 214 1 1
cam_12 1549 1 1
cam_12 1555 1 1
cam_12 1560 1 1
cam_12 1561 1 2
cam_12 1569 1 1
cam_12 1560 1 1
cam_12 1560 1 2
cam_12 1560 1 1
cam_12 1560 1 1
cam_12 1606 1 1
cam_12 1564 1 2
cam_12 1570 1 2
cam_12 1582 1 1
cam_12 144 1 1
cam_12 1593 1 1
cam_12 1572 1 1
cam_12 1582 1 1
cam_12 1575 1 2
cam_12 1569 1 1
cam_12 1582 1 1
cam_12 1575 1 1
cam_12 150 1 1
cam_12 1575 1 1
cam_12 1575 1 1
cam_12 159 1 1
cam_12 1582 1 1
cam_12 1582 1 2
cam_12 1582 1 1
cam_12 1582 1 2
cam_12 1582 1 1
cam_12 1582 1 1
cam_12 1582 1 2
cam_12 1582 1 1
cam_12 1600 1 2
cam_12 1600 1 2
cam_12 1594 1 2
cam_12 1600 1 1
cam_12 1600 1 1
cam_12 156 1 1
cam_12 1600 1 1
cam_12 1608 1 1
cam_12 1588 1 1
cam_12 1600 1 1
cam_12 1600 1 1
cam_12 1623 1 2
cam_12 1608 1 1
cam_12 1626 1 2
cam_12 1657 1 2
cam_12 1698 1 1
cam_12 1639 1 2
cam_12 1657 1 2
cam_12 1657 1 2
cam_12 1668 1 2
cam_12 1671 1 2
cam_12 1681 1 2
cam_12 1662 1 1
cam_12 1668 1 1
cam_12 1674 1 2
cam_12 1698 1 2
cam_12 1686 1 1
cam_12 1740 1 1
cam_12 1687 1 1
cam_12 1719 1 2
cam_12 1684 1 2
cam_12 1687 1 1
cam_12 1720 1 2
cam_12 1713 1 2
cam_12 1692 1 1
cam_12 1720 1 1
cam_12 1720 1 2
cam_12 144 1 1
cam_12 1720 1 1
cam_12 1720 1 1
cam_12 1708 1 1
cam_12 1720 1 1
cam_12 153 1 1
cam_12 1735 1 2
cam_12 1726 1 1
cam_12 1731 1 2
cam_12 1740 1 2
cam_12 1918 1 1
cam_12 152 1 1
cam_12 1740 1 2
cam_12 1740 1 2
cam_12 1740 1 1
cam_12 162 1 1
cam_12 1740 1 1
cam_12 1753 1 2
cam_12 1743 1 2
cam_12 1744 1 1
cam_12 174 1 4
cam_12 1762 1 3
cam_12 1746 1 1
cam_12 1765 1 4
cam_12 1746 1 1
cam_12 1747 1 1
cam_12 1744 1 1
cam_12 1758 1 1
cam_12 1763 1 1
cam_12 1761 1 2
cam_12 144 1 1
cam_12 1761 1 1
cam_12 1761 1 1
cam_12 1765 1 1
cam_12 1767 1 1
cam_12 1774 1 2
cam_12 1774 1 2
cam_12 1789 1 2
cam_12 1774 1 1
cam_12 1774 1 1
cam_12 1773 1 1
cam_12 1783 1 1
cam_12 1807 1 2
cam_12 1791 1 1
cam_12 1798 1 2
cam_12 1783 1 1
cam_12 1779 1 1
cam_12 1793 1 1
cam_12 1812 1 1
cam_12 1793 1 1
cam_12 1807 1 1
cam_12 1800 1 1
cam_12 1812 1 2
cam_12 1813 1 1
cam_12 1822 1 1
cam_12 1803 1 1
cam_12 1815 1 1
cam_12 1812 1 1
cam_12 1812 1 1
cam_12 1812 1 1
cam_12 1827 1 1
cam_12 1828 1 2
cam_12 1815 1 1
cam_12 1822 1 1
cam_12 1827 1 1
cam_12 1827 1 1
cam_12 148 1 1
cam_12 1827 1 1
cam_12 1822 1 1
cam_12 1827 1 1
cam_12 1827 1 1
cam_12 1836 1 2
cam_12 1831 1 1
cam_12 1836 1 1
cam_12 1836 1 1
cam_12 1836 1 1
cam_12 1845 1 1
cam_12 1860 1 1
cam_12 151 1 1
cam_12 1876 1 2
cam_12 1882 1 2
cam_12 1992 1 1
cam_12 1981 1 1
cam_12 1977 1 1
cam_12 1993 1 1
cam_12 1977 1 1
cam_12 1985 1 1
cam_12 1984 1 1
cam_12 1981 1 1
cam_12 1981 1 1
cam_12 1981 1 1
cam_12 1980 1 1
cam_12 1992 1 1
cam_12 1988 1 1
cam_12 1977 1 1
cam_12 2008 1 4
cam_12 1996 1 1
cam_12 1993 1 1
cam_12 1996 1 1
cam_12 1999 1 1
cam_12 2001 1 1
cam_12 2008 1 4
cam_12 1993 1 1
cam_12 165 1 1
cam_12 2004 1 2
cam_12 1998 1 1
cam_12 1998 1 1
cam_12 2010 1 1
cam_12 2010 1 1
cam_12 2010 1 1
cam_12 153 1 1
cam_12 2008 1 1
cam_12 2010 1 1
cam_12 2010 1 1
cam_12 2010 1 1
cam_12 165 1 1
cam_12 2010 1 2
cam_12 2020 1 1
cam_12 2008 1 1
cam_12 2023 1 1
cam_12 168 1 1
cam_12 2020 1 1
cam_12 2020 1 1
cam_12 2025 1 1
cam_12 2020 1 1
cam_12 2020 1 1
cam_12 2020 1 1
cam_12 2017 1 1
cam_12 2016 1 1
cam_12 2022 1 1
cam_12 166 1 1
cam_12 2020 1 1
cam_12 2046 1 4
cam_12 2016 1 1
cam_12 2020 1 2
cam_12 2020 1 2
cam_12 2020 1 1
cam_12 2020 1 1
cam_12 2020 1 1
cam_12 2023 1 1
cam_12 165 1 1
cam_12 2025 1 1
cam_12 2023 1 1
cam_12 2023 1 1
cam_12 2023 1 1
cam_12 2040 1 2
cam_12 2028 1 1
cam_12 2025 1 2
cam_12 2023 1 1
cam_12 2023 1 1
cam_12 2029 1 1
cam_12 2031 1 1
cam_12 2031 1 1
cam_12 2046 1 2
cam_12 2044 1 1
cam_12 2037 1 1
cam_12 2031 1 1
cam_12 2035 1 1
cam_12 2034 1 1
cam_12 2046 1 1
cam_12 2046 1 1
cam_12 2046 1 1
cam_12 2044 1 2
cam_12 2046 1 1
cam_12 2044 1 1
cam_12 2044 1 1
cam_12 2047 1 2
cam_12 2061 1 3
cam_12 2056 1 2
cam_12 2061 1 4
cam_12 2061 1 2
cam_12 2061 1 2
cam_12 2061 1 1
cam_12 181 1 1
cam_12 2061 1 1
cam_12 2061 1 1
cam_12 2064 1 1
cam_12 2067 1 2
cam_12 2083 1 2
cam_12 2067 1 3
cam_12 2080 1 2
cam_12 2065 1 1
cam_12 2065 1 1
cam_12 2085 1 1
cam_12 2085 1 1
cam_12 2085 1 1
cam_12 2085 1 1
cam_12 2082 1 1
cam_12 2082 1 1
cam_12 2082 1 1
cam_12 2080 1 1
cam_12 2085 1 1
cam_12 2080 1 1
cam_12 2080 1 1
cam_12 2088 1 1
cam_12 2085 1 1
cam_12 2085 1 1
cam_12 2085 1 2
cam_12 2085 1 1
cam_12 2085 1 1
cam_12 2085 1 1
cam_12 2136 1 1
cam_12 2089 1 1
cam_12 2096 1 2
cam_12 2089 1 2
cam_12 2089 1 1
cam_12 2089 1 1
cam_12 2088 1 1
cam_12 2107 1 2
cam_12 2088 1 1
cam_12 2088 1 1
cam_12 2091 1 1
cam_12 2167 1 2
cam_12 2101 1 2
cam_12 168 1 1
cam_12 2097 1 1
cam_12 2095 1 1
cam_12 2107 1 2
cam_12 2095 1 1
cam_12 167 1 1
cam_12 2107 1 2
cam_12 2107 1 1
cam_12 2118 1 1
cam_12 2107 1 1
cam_12 2130 1 2
cam_12 2112 1 1
cam_12 2125 1 2
cam_12 2125 1 2
cam_12 2116 1 2
cam_12 2118 1 2
cam_12 2125 1 2
cam_12 2157 1 2
cam_12 2148 1 2
cam_12 2130 1 1
cam_12 2137 1 2
cam_12 2136 1 1
cam_12 2166 1 2
cam_12 2134 1 1
cam_12 2148 1 1
cam_12 2151 1 1
cam_12 2151 1 2
cam_12 2151 1 1
cam_12 2158 1 2
cam_12 2158 1 1
cam_12 2166 1 2
cam_12 3345 1 1
cam_12 2166 1 2
cam_12 2166 1 2
cam_12 2168 1 1
cam_12 2173 1 1
cam_12 2166 1 1
cam_12 2173 1 2
cam_12 2173 1 2
cam_12 2173 1 1
cam_12 2172 1 1
cam_12 2173 1 2
cam_12 2200 1 1
cam_12 2173 1 1
cam_12 2187 1 1
cam_12 2176 1 2
cam_12 167 1 1
cam_12 2214 1 2
cam_12 2176 1 2
cam_12 2247 1 1
cam_12 2230 1 1
cam_12 2216 1 1
cam_12 175 1 1
cam_12 2242 1 1
cam_12 2265 1 1
cam_12 2289 1 1
cam_12 2277 1 1
cam_12 2288 1 1
cam_12 2295 1 1
cam_12 2299 1 1
cam_12 2302 1 1
cam_12 2317 1 1
cam_12 2338 1 1
cam_12 2341 1 1
cam_12 2359 1 1
cam_12 162 1 1
cam_12 2359 1 1
cam_12 2359 1 1
cam_12 2365 1 1
cam_12 2370 1 1
cam_12 2364 1 1
cam_12 2376 1 1
cam_12 172 1 1
cam_12 2377 1 1
cam_12 2364 1 1
cam_12 2392 1 1
cam_12 2391 1 1
cam_12 2388 1 1
cam_12 173 1 1
cam_12 2383 1 1
cam_12 2373 1 1
cam_12 2376 1 1
cam_12 2378 1 2
cam_12 160 1 1
cam_12 2392 1 1
cam_12 2392 1 1
cam_12 2394 1 1
cam_12 2399 1 1
cam_12 2394 1 1
cam_12 2404 1 2
cam_12 2395 1 1
cam_12 172 1 1
cam_12 2398 1 4
cam_12 2391 1 1
cam_12 2394 1 4
cam_12 2421 1 4
cam_12 2404 1 1
cam_12 2400 1 1
cam_12 2401 1 1
cam_12 2403 1 1
cam_12 2410 1 1
cam_12 2410 1 1
cam_12 2416 1 1
cam_12 2413 1 1
cam_12 2422 1 4
cam_12 2406 1 1
cam_12 2425 1 1
cam_12 2424 1 1
cam_12 2416 1 1
cam_12 2422 1 1
cam_12 2421 1 2
cam_12 2416 1 1
cam_12 2416 1 2
cam_12 2422 1 2
cam_12 2424 1 1
cam_12 2437 1 2
cam_12 2424 1 1
cam_12 2439 1 1
cam_12 2454 1 2
cam_12 2446 1 2
cam_12 2428 1 1
cam_12 2443 1 1
cam_12 2443 1 2
cam_12 213 1 1
cam_12 2437 1 1
cam_12 2443 1 2
cam_12 2443 1 1
cam_12 2433 1 1
cam_12 523 1 1
cam_12 2443 1 1
cam_12 2454 1 1
cam_12 2443 1 2
cam_12 2443 1 1
cam_12 2440 1 1
cam_12 2443 1 1
cam_12 2472 1 2
cam_12 2454 1 2
cam_12 2448 1 1
cam_12 2463 1 2
cam_12 2454 1 1
cam_12 181 1 1
cam_12 2450 1 2
cam_12 2454 1 1
cam_12 2454 1 1
cam_12 2454 1 1
cam_12 2454 1 2
cam_12 2472 1 1
cam_12 2460 1 1
cam_12 2472 1 1
cam_12 2478 1 2
cam_12 2463 1 1
cam_12 2472 1 1
cam_12 2464 1 1
cam_12 2457 1 1
cam_12 2472 1 1
cam_12 2469 1 2
cam_12 183 1 1
cam_12 2472 1 1
cam_12 2473 1 1
cam_12 2473 1 1
cam_12 2478 1 1
cam_12 2499 1 1
cam_12 2479 1 2
cam_12 2491 1 2
cam_12 2515 1 2
cam_12 2496 1 1
cam_12 2500 1 1
cam_12 2497 1 1
cam_12 2482 1 1
cam_12 2491 1 1
cam_12 2488 1 1
cam_12 2529 1 2
cam_12 2484 1 2
cam_12 2488 1 2
cam_12 2533 1 2
cam_12 2515 1 1
cam_12 2511 1 1
cam_12 2521 1 1
cam_12 2544 1 2
cam_12 2514 1 2
cam_12 2520 1 1
cam_12 2514 1 1
cam_12 2545 1 2
cam_12 2530 1 2
cam_12 2527 1 1
cam_12 2547 1 1
cam_12 2538 1 1
cam_12 2571 1 4
cam_12 2557 1 1
cam_12 2548 1 2
cam_12 2592 1 2
cam_12 2566 1 1
cam_12 2557 1 1
cam_12 2568 1 1
cam_12 2584 1 2
cam_12 2580 1 1
cam_12 171 1 1
cam_12 2595 1 1
cam_12 2602 1 2
cam_12 2590 1 1
cam_12 2607 1 1
cam_12 2584 1 1
cam_12 2595 1 1
cam_12 176 1 1
cam_12 2625 1 4
cam_12 2611 1 2
cam_12 2619 1 1
cam_12 2611 1 2
cam_12 2611 1 1
cam_12 2647 1 2
cam_12 2644 1 4
cam_12 220 1 1
cam_12 2640 1 2
cam_12 2625 1 1
cam_12 2694 1 1
cam_12 2653 1 1
cam_12 2631 1 1
cam_12 2664 1 2
cam_12 2643 1 1
cam_12 171 1 1
cam_12 2649 1 1
cam_12 2673 1 2
cam_12 2656 1 1
cam_12 2650 1 2
cam_12 2650 1 1
cam_12 2671 1 1
cam_12 2674 1 2
cam_12 2656 1 1
cam_12 2667 1 1
cam_12 2667 1 1
cam_12 2682 1 1
cam_12 2676 1 1
cam_12 2682 1 1
cam_12 2686 1 1
cam_12 2682 1 1
cam_12 2700 1 1
cam_12 2695 1 1
cam_12 2698 1 1
cam_12 2694 1 1
cam_12 2722 1 1
cam_12 2716 1 1
cam_12 2734 1 1
cam_12 2739 1 1
cam_12 2779 1 2
cam_12 2782 1 2
cam_12 2785 1 1
cam_12 2847 1 1
cam_12 2808 1 1
cam_12 2787 1 1
cam_12 2788 1 1
cam_12 2806 1 1
cam_12 2787 1 1
cam_12 2791 1 1
cam_12 2790 1 1
cam_12 2791 1 1
cam_12 2791 1 1
cam_12 2794 1 1
cam_12 2794 1 1
cam_12 2800 1 1
cam_12 2794 1 4
cam_12 2794 1 1
cam_12 2806 1 1
cam_12 2794 1 1
cam_12 2794 1 2
cam_12 2794 1 1
cam_12 2794 1 1
cam_12 2797 1 2
cam_12 2799 1 1
cam_12 2799 1 2
cam_12 2799 1 1
cam_12 2797 1 1
cam_12 2799 1 1
cam_12 2800 1 1
cam_12 178 1 1
cam_12 2803 1 1
cam_12 2803 1 1
cam_12 2806 1 1
cam_12 2806 1 2
cam_12 2803 1 1
cam_12 2806 1 2
cam_12 2808 1 2
cam_12 199 1 1
cam_12 2806 1 1
cam_12 2806 1 1
cam_12 2874 1 1
cam_12 2808 1 1
cam_12 2806 1 1
cam_12 2806 1 2
cam_12 2815 1 2
cam_12 2815 1 1
cam_12 2815 1 2
cam_12 2814 1 1
cam_12 2818 1 1
cam_12 2815 1 1
cam_12 2815 1 1
cam_12 2820 1 3
cam_12 2818 1 1
cam_12 2818 1 1
cam_12 189 1 1
cam_12 2824 1 3
cam_12 2824 1 2
cam_12 187 1 1
cam_12 2824 1 2
cam_12 2824 1 1
cam_12 2829 1 2
cam_12 2829 1 2
cam_12 193 1 1
cam_12 2904 1 1
cam_12 2829 1 4
cam_12 2829 1 1
cam_12 2829 1 3
cam_12 2829 1 2
cam_12 2827 1 2
cam_12 2832 1 4
cam_12 2853 1 2
cam_12 228 1 1
cam_12 2832 1 2
cam_12 2832 1 1
cam_12 2832 1 1
cam_12 2832 1 2
cam_12 183 1 1
cam_12 183 1 1
cam_12 2838 1 1
cam_12 2838 1 1
cam_12 2839 1 2
cam_12 2837 1 1
cam_12 2839 1 2
cam_12 2836 1 1
cam_12 2838 1 1
cam_12 2838 1 1
cam_12 183 1 1
cam_12 2839 1 1
cam_12 2836 1 1
cam_12 2844 1 1
cam_12 2841 1 1
cam_12 2842 1 1
cam_12 177 1 1
cam_12 2844 1 2
cam_12 2845 1 1
cam_12 2844 1 2
cam_12 2844 1 1
cam_12 2844 1 1
cam_12 2844 1 1
cam_12 2844 1 2
cam_12 2848 1 1
cam_12 2848 1 2
cam_12 2848 1 2
cam_12 186 1 1
cam_12 2853 1 1
cam_12 2853 1 2
cam_12 2853 1 2
cam_12 2853 1 2
cam_12 2853 1 1
cam_12 2857 1 1
cam_12 2868 1 2
cam_12 2856 1 2
cam_12 2874 1 2
cam_12 2872 1 1
cam_12 2877 1 1
cam_12 2863 1 1
cam_12 2895 1 2
cam_12 2878 1 1
cam_12 2873 1 1
cam_12 2868 1 1
cam_12 2872 1 2
cam_12 2872 1 1
cam_12 2878 1 1
cam_12 2908 1 2
cam_12 2898 1 2
cam_12 2889 1 1
cam_12 2895 1 1
cam_12 2899 1 1
cam_12 2905 1 1
cam_12 2895 1 1
cam_12 2884 1 1
cam_12 2896 1 1
cam_12 2911 1 1
cam_12 2908 1 1
cam_12 2908 1 1
cam_12 2926 1 2
cam_12 2914 1 1
cam_12 2919 1 1
cam_12 2908 1 1
cam_12 2911 1 1
cam_12 2926 1 1
cam_12 2937 1 1
cam_12 193 1 1
cam_12 2926 1 1
cam_12 2937 1 1
cam_12 2926 1 1
cam_12 2926 1 1
cam_12 183 1 1
cam_12 2939 1 1
cam_12 2937 1 1
cam_12 2943 1 1
cam_12 2937 1 1
cam_12 2937 1 1
cam_12 2931 1 1
cam_12 2931 1 1
cam_12 2931 1 1
cam_12 2934 1 1
cam_12 2942 1 1
cam_12 2945 1 1
cam_12 2941 1 1
cam_12 2943 1 1
cam_12 2950 1 1
cam_12 2956 1 1
cam_12 2955 1 1
cam_12 2943 1 1
cam_12 2959 1 1
cam_12 2950 1 1
cam_12 2959 1 1
cam_12 2956 1 1
cam_12 2946 1 1
cam_12 204 1 1
cam_12 2949 1 1
cam_12 2965 1 1
cam_12 201 1 1
cam_12 2953 1 1
cam_12 2963 1 1
cam_12 2959 1 1
cam_12 204 1 1
cam_12 2959 1 1
cam_12 193 1 1
cam_12 2974 1 1
cam_12 2973 1 1
cam_12 2962 1 1
cam_12 2973 1 1
cam_12 2968 1 1
cam_12 207 1 1
cam_12 2987 1 1
cam_12 2987 1 1
cam_12 2983 1 1
cam_12 2980 1 1
cam_12 199 1 1
cam_12 2983 1 1
cam_12 2983 1 1
cam_12 2992 1 1
cam_12 2989 1 1
cam_12 2992 1 1
cam_12 2991 1 1
cam_12 2992 1 1
cam_12 3029 1 1
cam_12 3046 1 1
cam_12 3043 1 1
cam_12 3061 1 1
cam_12 3060 1 1
cam_12 3079 1 1
cam_12 189 1 1
cam_12 3100 1 1
cam_12 3103 1 1
cam_12 201 1 1
cam_12 3106 1 1
cam_12 3141 1 1
cam_12 3144 1 1
cam_12 3174 1 1
cam_12 3150 1 1
cam_12 277 1 1
cam_12 3189 1 1
cam_12 3183 1 1
cam_12 3207 1 1
cam_12 3195 1 1
cam_12 3180 1 1
cam_12 210 1 1
cam_12 3207 1 1
cam_12 3205 1 1
cam_12 3205 1 1
cam_12 3199 1 1
cam_12 3208 1 1
cam_12 3220 1 1
cam_12 3220 1 1
cam_12 3195 1 1
cam_12 3199 1 1
cam_12 3199 1 1
cam_12 3219 1 1
cam_12 219 1 1
cam_12 3199 1 1
cam_12 3238 1 1
cam_12 3217 1 1
cam_12 3223 1 1
cam_12 3219 1 1
cam_12 3223 1 1
cam_12 3219 1 1
cam_12 231 1 1
cam_12 3237 1 1
cam_12 3219 1 1
cam_12 3214 1 1
cam_12 3216 1 2
cam_12 3219 1 1
cam_12 3214 1 1
cam_12 3217 1 1
cam_12 3228 1 1
cam_12 3231 1 1
cam_12 3241 1 1
cam_12 3219 1 1
cam_12 3219 1 2
cam_12 3244 1 1
cam_12 3238 1 1
cam_12 3256 1 2
cam_12 3247 1 2
cam_12 3240 1 1
cam_12 3232 1 1
cam_12 3435 1 1
cam_12 3226 1 1
cam_12 3223 1 1
cam_12 3250 1 1
cam_12 3243 1 1
cam_12 3250 1 1
cam_12 204 1 1
cam_12 3250 1 1
cam_12 3226 1 1
cam_12 3253 1 1
cam_12 3243 1 1
cam_12 3231 1 1
cam_12 3231 1 1
cam_12 3250 1 1
cam_12 3250 1 1
cam_12 3256 1 1
cam_12 3250 1 1
cam_12 3250 1 1
cam_12 3250 1 1
cam_12 3250 1 1
cam_12 3243 1 1
cam_12 3250 1 1
cam_12 3256 1 1
cam_12 3250 1 1
cam_12 3250 1 1
cam_12 3252 1 2
cam_12 3256 1 1
cam_12 3256 1 1
cam_12 3256 1 1
cam_12 3256 1 1
cam_12 3268 1 1
cam_12 3294 1 1
cam_12 3256 1 1
cam_12 3262 1 1
cam_12 3256 1 1
cam_12 3256 1 1
cam_12 3306 1 2
cam_12 3267 1 1
cam_12 3267 1 1
cam_12 3279 1 2
cam_12 3276 1 2
cam_12 3276 1 1
cam_12 3283 1 1
cam_12 3262 1 1
cam_12 3276 1 1
cam_12 3276 1 1
cam_12 3291 1 2
cam_12 3295 1 2
cam_12 3259 1 1
cam_12 3261 1 1
cam_12 3264 1 1
cam_12 3276 1 1
cam_12 3264 1 1
cam_12 3276 1 1
cam_12 3270 1 1
cam_12 3279 1 1
cam_12 3279 1 1
cam_12 3279 1 1
cam_12 3282 1 1
cam_12 3304 1 1
cam_12 3295 1 1
cam_12 3295 1 1
cam_12 3288 1 1
cam_12 3291 1 1
cam_12 3295 1 2
cam_12 3295 1 2
cam_12 3295 1 1
cam_12 3295 1 1
cam_12 3316 1 1
cam_12 3309 1 1
cam_12 3330 1 2
cam_12 3318 1 2
cam_12 3313 1 1
cam_12 3324 1 2
cam_12 3313 1 2
cam_12 3333 1 1
cam_12 3348 1 2
cam_12 3345 1 1
cam_12 3334 1 1
cam_12 3324 1 1
cam_12 3337 1 1
cam_12 3345 1 1
cam_12 3330 1 1
cam_12 3333 1 1
cam_12 3348 1 1
cam_12 3340 1 2
cam_12 3352 1 1
cam_12 3340 1 1
cam_12 3339 1 1
cam_12 3364 1 3
cam_12 3369 1 2
cam_12 3357 1 1
cam_12 3355 1 1
cam_12 3360 1 1
cam_12 3351 1 1
cam_12 3369 1 1
cam_12 3381 1 1
cam_12 3405 1 2
cam_12 3376 1 1
cam_12 3372 1 2
cam_12 3399 1 2
cam_12 3433 1 2
cam_12 226 1 1
cam_12 3397 1 1
cam_12 3409 1 1
cam_12 3409 1 1
cam_12 3447 1 2
cam_12 3405 1 1
cam_12 3421 1 1
cam_12 3408 1 1
cam_12 222 1 1
cam_12 3463 1 2
cam_12 3444 1 1
cam_12 3427 1 1
cam_12 3447 1 1
cam_12 3432 1 1
cam_12 3451 1 1
cam_12 259 1 2
cam_12 3472 1 2
cam_12 3457 1 1
cam_12 3459 1 1
cam_12 3483 1 4
cam_12 3469 1 2
cam_12 3490 1 2
cam_12 3481 1 2
cam_12 3516 1 2
cam_12 225 1 1
cam_12 217 1 1
cam_12 3514 1 1
cam_12 3535 1 1
cam_12 3532 1 1
cam_12 3535 1 1
cam_12 3540 1 1
cam_12 3552 1 1
cam_12 3550 1 1
cam_12 3546 1 1
cam_12 3576 1 1
cam_12 3582 1 1
cam_12 3714 1 2
cam_12 3721 1 1
cam_12 3731 1 1
cam_12 3738 1 1
cam_12 3802 1 1
cam_12 3807 1 1
cam_12 3810 1 1
cam_12 3810 1 2
cam_12 3852 1 1
cam_12 3810 1 1
cam_12 3834 1 1
cam_12 3811 1 1
cam_12 214 1 1
cam_12 3831 1 1
cam_12 3832 1 1
cam_12 3829 1 1
cam_12 3823 1 1
cam_12 3832 1 1
cam_12 3832 1 1
cam_12 3823 1 1
cam_12 3834 1 1
cam_12 3831 1 2
cam_12 3817 1 1
cam_12 3831 1 1
cam_12 3835 1 1
cam_12 3837 1 1
cam_12 3834 1 1
cam_12 3838 1 1
cam_12 3835 1 1
cam_12 3841 1 1
cam_12 3838 1 1
cam_12 3835 1 2
cam_12 3835 1 1
cam_12 3831 1 1
cam_12 3834 1 1
cam_12 3834 1 1
cam_12 3834 1 1
cam_12 3834 1 1
cam_12 3859 1 1
cam_12 3837 1 1
cam_12 3850 1 1
cam_12 3856 1 1
cam_12 3864 1 2
cam_12 3847 1 1
cam_12 3855 1 1
cam_12 3852 1 1
cam_12 3864 1 1
cam_12 3859 1 1
cam_12 3869 1 1
cam_12 3862 1 1
cam_12 3862 1 1
cam_12 3867 1 1
cam_12 3853 1 1
cam_12 3871 1 1
cam_12 3861 1 1
cam_12 3862 1 1
cam_12 3853 1 1
cam_12 3859 1 1
cam_12 3862 1 1
cam_12 3862 1 1
cam_12 3862 1 1
cam_12 234 1 1
cam_12 3873 1 1
cam_12 3876 1 2
cam_12 3886 1 2
cam_12 3876 1 1
cam_12 3879 1 1
cam_12 235 1 1
cam_12 3868 1 1
cam_12 3909 1 1
cam_12 3876 1 1
cam_12 3885 1 1
cam_12 3886 1 1
cam_12 222 1 1
cam_12 3886 1 1
cam_12 3888 1 1
cam_12 3886 1 1
cam_12 3886 1 2
cam_12 3886 1 1
cam_12 3885 1 1
cam_12 3889 1 2
cam_12 3918 1 1
cam_12 3909 1 1
cam_12 3924 1 1
cam_12 3910 1 1
cam_12 3906 1 1
cam_12 3907 1 1
cam_12 3903 1 1
cam_12 3946 1 2
cam_12 3910 1 1
cam_12 3889 1 2
cam_12 3906 1 1
cam_12 3909 1 1
cam_12 3906 1 1
cam_12 3904 1 1
cam_12 3933 1 2
cam_12 3921 1 1
cam_12 3924 1 1
cam_12 3931 1 1
cam_12 220 1 2
cam_12 3930 1 1
cam_12 3943 1 1
cam_12 3937 1 1
cam_12 3954 1 2
cam_12 3931 1 2
cam_12 3967 1 2
cam_12 216 1 1
cam_12 3956 1 2
cam_12 3954 1 1
cam_12 3934 1 1
cam_12 3957 1 1
cam_12 3946 1 1
cam_12 3955 1 2
cam_12 3955 1 2
cam_12 3954 1 1
cam_12 3959 1 1
cam_12 3985 1 2
cam_12 3964 1 1
cam_12 4051 1 2
cam_12 3987 1 2
cam_12 3975 1 1
cam_12 3964 1 1
cam_12 3969 1 2
cam_12 3978 1 1
cam_12 4000 1 2
cam_12 3978 1 3
cam_12 3997 1 2
cam_12 3997 1 2
cam_12 3991 1 1
cam_12 3991 1 1
cam_12 3997 1 1
cam_12 3997 1 1
cam_12 3997 1 1
cam_12 4033 1 2
cam_12 241 1 1
cam_12 4003 1 1
cam_12 4032 1 2
cam_12 4015 1 1
cam_12 4020 1 1
cam_12 4047 1 2
cam_12 4060 1 1
cam_12 4018 1 1
cam_12 4041 1 1
cam_12 4066 1 2
cam_12 4034 1 2
cam_12 4053 1 1
cam_12 4050 1 1
cam_12 4069 1 2
cam_12 4038 1 2
cam_12 4099 1 4
cam_12 4102 1 2
cam_12 4122 1 2
cam_12 4123 1 2
cam_12 4131 1 1
cam_12 4128 1 2
cam_12 4176 1 1
cam_12 4189 1 1
cam_12 4189 1 1
cam_12 234 1 1
cam_12 4219 1 2
cam_12 4252 1 1
cam_12 4329 1 1
cam_12 4306 1 1
cam_12 4330 1 1
cam_12 4432 1 1
cam_12 4422 1 1
cam_12 4425 1 1
cam_12 4429 1 1
cam_12 4410 1 1
cam_12 4431 1 1
cam_12 4417 1 1
cam_12 4438 1 1
cam_12 69 1 1
cam_12 243 1 1
cam_12 4444 1 1
cam_12 4438 1 1
cam_12 4444 1 1
cam_12 4444 1 1
cam_12 241 1 1
cam_12 4428 1 1
cam_12 4462 1 1
cam_12 4435 1 1
cam_12 4477 1 2
cam_12 4453 1 1
cam_12 4450 1 1
cam_12 4461 1 1
cam_12 4461 1 1
cam_12 4465 1 1
cam_12 4465 1 1
cam_12 4459 1 1
cam_12 4470 1 1
cam_12 4459 1 1
cam_12 4450 1 1
cam_12 4477 1 1
cam_12 4492 1 1
cam_12 4476 1 1
cam_12 4483 1 1
cam_12 4479 1 1
cam_12 4489 1 1
cam_12 4485 1 1
cam_12 4489 1 1
cam_12 4468 1 1
cam_12 4479 1 1
cam_12 4504 1 2
cam_12 4498 1 1
cam_12 4477 1 1
cam_12 4498 1 2
cam_12 4513 1 1
cam_12 4497 1 1
cam_12 4500 1 1
cam_12 4506 1 1
cam_12 4500 1 1
cam_12 4483 1 1
cam_12 4506 1 1
cam_12 4533 1 2
cam_12 4489 1 1
cam_12 4497 1 1
cam_12 4504 1 1
cam_12 4492 1 1
cam_12 4504 1 1
cam_12 4515 1 1
cam_12 4500 1 1
cam_12 4500 1 1
cam_12 4534 1 4
cam_12 4518 1 2
cam_12 4518 1 1
cam_12 4519 1 1
cam_12 4548 1 2
cam_12 4522 1 1
cam_12 4581 1 2
cam_12 4533 1 1
cam_12 4531 1 1
cam_12 4531 1 1
cam_12 236 1 1
cam_12 4555 1 1
cam_12 4546 1 1
cam_12 4548 1 1
cam_12 4549 1 1
cam_12 4539 1 1
cam_12 4582 1 4
cam_12 4544 1 2
cam_12 4555 1 1
cam_12 4551 1 1
cam_12 4551 1 1
cam_12 4576 1 2
cam_12 259 1 2
cam_12 4566 1 1
cam_12 4561 1 1
cam_12 4590 1 4
cam_12 4588 1 1
cam_12 4582 1 2
cam_12 4596 1 1
cam_12 4614 1 2
cam_12 4587 1 1
cam_12 4591 1 1
cam_12 4597 1 2
cam_12 4606 1 1
cam_12 4599 1 2
cam_12 4611 1 2
cam_12 4614 1 1
cam_12 238 1 1
cam_12 4624 1 2
cam_12 4608 1 2
cam_12 4608 1 1
cam_12 4617 1 1
cam_12 246 1 1
cam_12 4611 1 2
cam_12 4611 1 1
cam_12 4671 1 1
cam_12 276 1 4
cam_12 4623 1 2
cam_12 4620 1 1
cam_12 4638 1 1
cam_12 4638 1 1
cam_12 234 1 1
cam_12 4633 1 1
cam_12 4638 1 1
cam_12 4638 1 1
cam_12 69 1 4
cam_12 4644 1 1
cam_12 4644 1 1
cam_12 4644 1 1
cam_12 4668 1 1
cam_12 4642 1 1
cam_12 4644 1 1
cam_12 267 1 1
cam_12 4648 1 1
cam_12 4657 1 1
cam_12 4668 1 1
cam_12 4651 1 1
cam_12 4657 1 2
cam_12 258 1 1
cam_12 4657 1 1
cam_12 4666 1 1
cam_12 4659 1 2
cam_12 249 1 1
cam_12 4677 1 2
cam_12 4666 1 1
cam_12 4680 1 2
cam_12 4671 1 1
cam_12 4676 1 1
cam_12 247 1 1
cam_12 4675 1 1
cam_12 4671 1 1
cam_12 280 1 2
cam_12 4698 1 1
cam_12 4690 1 1
cam_12 4689 1 1
cam_12 4693 1 1
cam_12 4680 1 1
cam_12 4693 1 1
cam_12 4696 1 1
cam_12 4699 1 1
cam_12 4708 1 1
cam_12 259 1 1
cam_12 4705 1 1
cam_12 106 1 1
cam_12 4700 1 1
cam_12 268 1 1
cam_12 250 1 1
cam_12 4708 1 2
cam_12 4704 1 1
cam_12 4714 1 1
cam_12 4708 1 1
cam_12 250 1 1
cam_12 259 1 1
cam_12 4740 1 2
cam_12 4711 1 1
cam_12 4731 1 2
cam_12 4720 1 1
cam_12 4719 1 1
cam_12 279 1 1
cam_12 4719 1 1
cam_12 4741 1 1
cam_12 256 1 1
cam_12 4738 1 1
cam_12 4738 1 1
cam_12 4734 1 1
cam_12 273 1 1
cam_12 4767 1 1
cam_12 4750 1 1
cam_12 4746 1 1
cam_12 4749 1 1
cam_12 4741 1 1
cam_12 259 1 2
cam_12 4741 1 1
cam_12 4765 1 1
cam_12 4744 1 1
cam_12 4771 1 1
cam_12 301 1 2
cam_12 4759 1 1
cam_12 4764 1 2
cam_12 4764 1 1
cam_12 4755 1 1
cam_12 4759 1 1
cam_12 4759 1 1
cam_12 4764 1 1
cam_12 4776 1 1
cam_12 4789 1 2
cam_12 4768 1 1
cam_12 288 1 1
cam_12 4792 1 2
cam_12 4776 1 2
cam_12 4782 1 1
cam_12 4771 1 1
cam_12 4771 1 1
cam_12 4780 1 1
cam_12 303 1 2
cam_12 4787 1 1
cam_12 4794 1 1
cam_12 4798 1 1
cam_12 4788 1 1
cam_12 4788 1 1
cam_12 270 1 1
cam_12 4803 1 1
cam_12 4813 1 1
cam_12 4798 1 1
cam_12 4821 1 1
cam_12 4825 1 1
cam_12 4831 1 1
cam_12 4848 1 1
cam_12 4864 1 1
cam_12 4885 1 1
cam_12 4899 1 3
cam_12 4927 1 4
cam_12 4931 1 1
cam_12 4927 1 2
cam_12 294 1 1
cam_12 4945 1 2
cam_12 4938 1 1
cam_12 4938 1 1
cam_12 4942 1 1
cam_12 4953 1 1
cam_12 4962 1 1
cam_12 4966 1 1
cam_12 4987 1 1
cam_12 5010 1 2
cam_12 4981 1 1
cam_12 279 1 2
cam_12 5001 1 1
cam_12 4984 1 1
cam_12 5007 1 1
cam_12 5010 1 1
cam_12 5002 1 1
cam_12 5008 1 1
cam_12 5008 1 1
cam_12 5005 1 1
cam_12 5019 1 1
cam_12 5002 1 2
cam_12 5026 1 1
cam_12 310 1 1
cam_12 5026 1 1
cam_12 5023 1 2
cam_12 5035 1 1
cam_12 5040 1 2
cam_12 5052 1 2
cam_12 5037 1 1
cam_12 5020 1 1
cam_12 312 1 2
cam_12 5044 1 1
cam_12 5046 1 1
cam_12 5032 1 2
cam_12 5043 1 1
cam_12 286 1 2
cam_12 5074 1 2
cam_12 5065 1 2
cam_12 5067 1 1
cam_12 5071 1 4
cam_12 5095 1 4
cam_12 5080 1 1
cam_12 5104 1 1
cam_12 5088 1 2
cam_12 5106 1 1
cam_12 313 1 1
cam_12 5106 1 2
cam_12 5106 1 2
cam_12 5106 1 2
cam_12 5103 1 1
cam_12 5106 1 1
cam_12 5131 1 2
cam_12 5136 1 2
cam_12 5119 1 1
cam_12 5133 1 1
cam_12 322 1 2
cam_12 5133 1 2
cam_12 5136 1 2
cam_12 5136 1 1
cam_12 5136 1 2
cam_12 5125 1 1
cam_12 306 1 4
cam_12 5136 1 2
cam_12 5136 1 1
cam_12 5142 1 2
cam_12 5140 1 2
cam_12 5142 1 2
cam_12 5142 1 2
cam_12 5146 1 2
cam_12 5149 1 2
cam_12 5149 1 2
cam_12 5149 1 4
cam_12 5154 1 1
cam_12 5154 1 4
cam_12 306 1 1
cam_12 5169 1 1
cam_12 5154 1 1
cam_12 5154 1 1
cam_12 5154 1 2
cam_12 5158 1 1
cam_12 313 1 2
cam_12 5167 1 4
cam_12 5161 1 1
cam_12 5169 1 1
cam_12 5163 1 1
cam_12 330 1 1
cam_12 5163 1 1
cam_12 5167 1 1
cam_12 5176 1 1
cam_12 5167 1 1
cam_12 325 1 1
cam_12 5179 1 1
cam_12 5188 1 1
cam_12 5178 1 1
cam_12 5208 1 2
cam_12 5209 1 2
cam_12 5187 1 1
cam_12 5191 1 1
cam_12 329 1 4
cam_12 5199 1 1
cam_12 313 1 1
cam_12 330 1 1
cam_12 5203 1 1
cam_12 348 1 2
cam_12 5212 1 1
cam_12 5211 1 1
cam_12 325 1 2
cam_12 5221 1 1
cam_12 5230 1 1
cam_12 5221 1 2
cam_12 325 1 2
cam_12 5225 1 1
cam_12 5223 1 1
cam_12 5223 1 1
cam_12 5223 1 1
cam_12 5223 1 1
cam_12 5230 1 1
cam_12 5241 1 1
cam_12 5243 1 1
cam_12 5235 1 1
cam_12 5245 1 2
cam_12 5242 1 1
cam_12 5232 1 1
cam_12 5235 1 2
cam_12 5251 1 1
cam_12 5248 1 1
cam_12 5256 1 1
cam_12 5241 1 2
cam_12 5257 1 2
cam_12 5272 1 2
cam_12 337 1 2
cam_12 5278 1 1
cam_12 5284 1 1
cam_12 5284 1 1
cam_12 5271 1 1
cam_12 5275 1 2
cam_12 363 1 2
cam_12 5295 1 1
cam_12 5314 1 1
cam_12 5277 1 1
cam_12 5311 1 2
cam_12 5296 1 1
cam_12 330 1 1
cam_12 5307 1 1
cam_12 5307 1 1
cam_12 5317 1 1
cam_12 5322 1 1
cam_12 5328 1 1
cam_12 5317 1 1
cam_12 5317 1 1
cam_12 5326 1 1
cam_12 5328 1 1
cam_12 358 1 1
cam_12 5344 1 1
cam_12 5346 1 1
cam_12 5346 1 1
cam_12 5371 1 1
cam_12 5352 1 1
cam_12 5359 1 1
cam_12 370 1 1
cam_12 5377 1 1
cam_12 5388 1 1
cam_12 5371 1 1
cam_12 5391 1 1
cam_12 5520 1 2
cam_12 5553 1 1
cam_12 5558 1 1
cam_12 5568 1 1
cam_12 355 1 4
cam_12 5587 1 1
cam_12 5586 1 1
cam_12 5584 1 1
cam_12 5587 1 2
cam_12 5608 1 2
cam_12 5619 1 1
cam_12 5598 1 1
cam_12 5610 1 1
cam_12 5601 1 1
cam_12 5620 1 1
cam_12 5620 1 1
cam_12 5641 1 2
cam_12 381 1 2
cam_12 5628 1 1
cam_12 5601 1 1
cam_12 5626 1 1
cam_12 5623 1 1
cam_12 5626 1 1
cam_12 5628 1 1
cam_12 5632 1 1
cam_12 5608 1 1
cam_12 5626 1 1
cam_12 5610 1 1
cam_12 5640 1 1
cam_12 5635 1 1
cam_12 5616 1 1
cam_12 5638 1 1
cam_12 346 1 2
cam_12 5634 1 1
cam_12 5625 1 2
cam_12 5626 1 1
cam_12 5638 1 1
cam_12 5653 1 1
cam_12 5626 1 1
cam_12 5658 1 4
cam_12 375 1 1
cam_12 5653 1 2
cam_12 5653 1 1
cam_12 5640 1 1
cam_12 5643 1 1
cam_12 5643 1 1
cam_12 384 1 2
cam_12 5635 1 1
cam_12 5643 1 1
cam_12 5656 1 1
cam_12 5653 1 1
cam_12 5640 1 1
cam_12 5643 1 2
cam_12 5643 1 2
cam_12 5656 1 1
cam_12 5656 1 1
cam_12 5643 1 1
cam_12 5643 1 1
cam_12 5655 1 1
cam_12 5656 1 2
cam_12 5656 1 1
cam_12 5656 1 1
cam_12 5668 1 1
cam_12 5659 1 1
cam_12 5668 1 1
cam_12 5656 1 1
cam_12 5656 1 1
cam_12 5646 1 1
cam_12 5682 1 2
cam_12 5653 1 1
cam_12 5653 1 1
cam_12 5682 1 1
cam_12 5656 1 1
cam_12 5656 1 1
cam_12 5700 1 1
cam_12 5668 1 1
cam_12 5662 1 1
cam_12 5668 1 1
cam_12 5667 1 1
cam_12 5664 1 1
cam_12 5668 1 2
cam_12 5695 1 2
cam_12 5667 1 1
cam_12 5671 1 1
cam_12 360 1 2
cam_12 5664 1 1
cam_12 5682 1 1
cam_12 5680 1 1
cam_12 5668 1 2
cam_12 5676 1 1
cam_12 5680 1 1
cam_12 5694 1 1
cam_12 5695 1 2
cam_12 5680 1 1
cam_12 5695 1 2
cam_12 5695 1 1
cam_12 5686 1 1
cam_12 5695 1 1
cam_12 5736 1 2
cam_12 5700 1 1
cam_12 5721 1 2
cam_12 363 1 1
cam_12 5704 1 1
cam_12 5700 1 2
cam_12 5703 1 2
cam_12 5710 1 1
cam_12 5751 1 2
cam_12 5730 1 2
cam_12 5757 1 1
cam_12 397 1 2
cam_12 5716 1 2
cam_12 5736 1 1
cam_12 5757 1 1
cam_12 5751 1 2
cam_12 5752 1 1
cam_12 5781 1 2
cam_12 373 1 2
cam_12 5787 1 2
cam_12 5802 1 2
cam_12 5778 1 2
cam_12 5773 1 2
cam_12 5803 1 1
cam_12 5808 1 2
cam_12 5782 1 1
cam_12 5805 1 1
cam_12 5784 1 1
cam_12 5818 1 2
cam_12 5809 1 1
cam_12 5809 1 1
cam_12 5814 1 1
cam_12 5850 1 4
cam_12 5814 1 1
cam_12 411 1 2
cam_12 5833 1 1
cam_12 5820 1 1
cam_12 5835 1 2
cam_12 5863 1 2
cam_12 5884 1 4
cam_12 5878 1 2
cam_12 5892 1 4
cam_12 5905 1 3
cam_12 5917 1 2
cam_12 5910 1 1
cam_12 5904 1 1
cam_12 405 1 1
cam_12 5911 1 1
cam_12 5922 1 2
cam_12 5917 1 1
cam_12 390 1 2
cam_12 5929 1 1
cam_12 5926 1 1
cam_12 5925 1 2
cam_12 5929 1 2
cam_12 5929 1 2
cam_12 5959 1 1
cam_12 5947 1 2
cam_12 5946 1 2
cam_12 409 1 1
cam_12 5959 1 1
cam_12 5958 1 1
cam_12 5955 1 1
cam_12 5958 1 1
cam_12 5983 1 1
cam_12 5973 1 1
cam_12 5977 1 1
cam_12 5977 1 1
cam_12 5965 1 1
cam_12 408 1 1
cam_12 5992 1 1
cam_12 421 1 2
cam_12 429 1 2
cam_12 6013 1 1
cam_12 6016 1 1
cam_12 6033 1 1
cam_12 409 1 2
cam_12 6087 1 2
cam_12 6079 1 1
cam_12 445 1 2
cam_12 6103 1 1
cam_12 70 1 1
cam_12 6136 1 1
cam_12 6176 1 1
cam_12 6169 1 1
cam_12 6169 1 1
cam_12 6228 1 1
cam_12 6171 1 2
cam_12 426 1 2
cam_12 6190 1 1
cam_12 6181 1 1
cam_12 6174 1 1
cam_12 6184 1 1
cam_12 6181 1 1
cam_12 6192 1 2
cam_12 6181 1 1
cam_12 423 1 1
cam_12 6181 1 1
cam_12 429 1 1
cam_12 6202 1 1
cam_12 6210 1 1
cam_12 6217 1 1
cam_12 6207 1 1
cam_12 6201 1 1
cam_12 6216 1 1
cam_12 6205 1 1
cam_12 6216 1 1
cam_12 6211 1 1
cam_12 6211 1 1
cam_12 6214 1 1
cam_12 6220 1 1
cam_12 6196 1 1
cam_12 6228 1 1
cam_12 6210 1 1
cam_12 424 1 2
cam_12 6217 1 1
cam_12 6234 1 2
cam_12 6238 1 2
cam_12 6232 1 2
cam_12 6231 1 1
cam_12 6238 1 1
cam_12 6232 1 2
cam_12 6250 1 1
cam_12 6240 1 1
cam_12 6249 1 1
cam_12 6223 1 2
cam_12 6232 1 1
cam_12 6232 1 1
cam_12 6270 1 2
cam_12 6247 1 2
cam_12 6253 1 1
cam_12 6256 1 1
cam_12 6255 1 2
cam_12 6261 1 1
cam_12 6247 1 2
cam_12 6271 1 1
cam_12 6279 1 1
cam_12 6268 1 1
cam_12 6280 1 2
cam_12 6271 1 1
cam_12 6267 1 2
cam_12 6261 1 1
cam_12 6280 1 1
cam_12 6283 1 2
cam_12 6282 1 1
cam_12 6282 1 1
cam_12 6282 1 2
cam_12 6280 1 1
cam_12 6279 1 1
cam_12 426 1 1
cam_12 6295 1 1
cam_12 6294 1 1
cam_12 6294 1 1
cam_12 6300 1 2
cam_12 6294 1 1
cam_12 6304 1 2
cam_12 6295 1 1
cam_12 6313 1 1
cam_12 6330 1 2
cam_12 6321 1 1
cam_12 6315 1 2
cam_12 6327 1 1
cam_12 6321 1 2
cam_12 6343 1 2
cam_12 462 1 2
cam_12 6349 1 1
cam_12 6360 1 1
cam_12 6345 1 1
cam_12 6369 1 1
cam_12 6372 1 1
cam_12 6373 1 1
cam_12 6355 1 2
cam_12 6379 1 1
cam_12 6382 1 1
cam_12 6390 1 2
cam_12 6364 1 1
cam_12 6369 1 1
cam_12 6379 1 1
cam_12 6400 1 1
cam_12 6386 1 1
cam_12 429 1 1
cam_12 6397 1 1
cam_12 438 1 1
cam_12 6385 1 1
cam_12 6400 1 1
cam_12 6388 1 1
cam_12 6400 1 1
cam_12 6400 1 1
cam_12 448 1 1
cam_12 6400 1 2
cam_12 6406 1 2
cam_12 6412 1 1
cam_12 6406 1 1
cam_12 6406 1 1
cam_12 6414 1 1
cam_12 6421 1 2
cam_12 6421 1 1
cam_12 6421 1 2
cam_12 6417 1 2
cam_12 6421 1 4
cam_12 6421 1 1
cam_12 6421 1 2
cam_12 6421 1 1
cam_12 6432 1 1
cam_12 6436 1 1
cam_12 6426 1 1
cam_12 6429 1 2
cam_12 6436 1 1
cam_12 6436 1 4
cam_12 6436 1 1
cam_12 6436 1 2
cam_12 6430 1 1
cam_12 6436 1 2
cam_12 6436 1 1
cam_12 6459 1 2
cam_12 6441 1 1
cam_12 6475 1 2
cam_12 6471 1 2
cam_12 6447 1 1
cam_12 6504 1 1
cam_12 6462 1 1
cam_12 6463 1 1
cam_12 6469 1 1
cam_12 6478 1 1
cam_12 6496 1 2
cam_12 6489 1 3
cam_12 6484 1 1
cam_12 6463 1 1
cam_12 6489 1 1
cam_12 6489 1 1
cam_12 6487 1 1
cam_12 6504 1 1
cam_12 433 1 1
cam_12 6493 1 1
cam_12 6499 1 1
cam_12 6504 1 1
cam_12 6511 1 2
cam_12 441 1 1
cam_12 6484 1 1
cam_12 6499 1 1
cam_12 6484 1 1
cam_12 442 1 4
cam_12 6510 1 1
cam_12 6505 1 1
cam_12 6496 1 1
cam_12 6510 1 1
cam_12 6507 1 1
cam_12 6502 1 1
cam_12 6493 1 1
cam_12 433 1 1
cam_12 6513 1 1
cam_12 6529 1 2
cam_12 6501 1 1
cam_12 6515 1 1
cam_12 456 1 1
cam_12 6510 1 1
cam_12 6510 1 1
cam_12 6510 1 1
cam_12 6538 1 1
cam_12 6510 1 1
cam_12 442 1 1
cam_12 6510 1 1
cam_12 6531 1 1
cam_12 6517 1 1
cam_12 6538 1 1
cam_12 6520 1 1
cam_12 6520 1 1
cam_12 439 1 1
cam_12 6526 1 1
cam_12 6520 1 2
cam_12 6535 1 1
cam_12 6538 1 2
cam_12 6529 1 1
cam_12 6535 1 1
cam_12 6537 1 1
cam_12 475 1 4
cam_12 6552 1 1
cam_12 6543 1 1
cam_12 6561 1 1
cam_12 6568 1 1
cam_12 6591 1 1
cam_12 6619 1 1
cam_12 8047 1 1
cam_12 448 1 1
cam_12 6736 1 1
cam_12 487 1 2
cam_12 6745 1 1
cam_12 6741 1 1
cam_12 6741 1 1
cam_12 6756 1 1
cam_12 6750 1 1
cam_12 6760 1 1
cam_12 454 1 1
cam_12 6748 1 1
cam_12 6765 1 1
cam_12 477 1 1
cam_12 6763 1 1
cam_12 6762 1 1
cam_12 6766 1 1
cam_12 477 1 1
cam_12 6786 1 1
cam_12 6787 1 2
cam_12 6777 1 1
cam_12 6774 1 1
cam_12 6787 1 1
cam_12 6786 1 1
cam_12 6786 1 4
cam_12 6786 1 1
cam_12 6783 1 2
cam_12 459 1 1
cam_12 6796 1 1
cam_12 6810 1 2
cam_12 6790 1 1
cam_12 6810 1 1
cam_12 6813 1 2
cam_12 6798 1 3
cam_12 474 1 1
cam_12 6810 1 1
cam_12 6808 1 2
cam_12 6810 1 1
cam_12 6829 1 1
cam_12 6820 1 1
cam_12 6840 1 2
cam_12 468 1 1
cam_12 6822 1 2
cam_12 6822 1 1
cam_12 6852 1 2
cam_12 6835 1 1
cam_12 6834 1 2
cam_12 6839 1 1
cam_12 6838 1 2
cam_12 6895 1 2
cam_12 477 1 1
cam_12 6870 1 1
cam_12 6865 1 2
cam_12 6844 1 1
cam_12 6879 1 2
cam_12 6870 1 2
cam_12 6881 1 2
cam_12 6849 1 1
cam_12 6868 1 1
cam_12 6862 1 1
cam_12 6874 1 1
cam_12 6912 1 2
cam_12 6883 1 1
cam_12 6886 1 1
cam_12 6883 1 1
cam_12 6886 1 2
cam_12 6885 1 2
cam_12 6886 1 1
cam_12 6912 1 2
cam_12 6906 1 1
cam_12 6897 1 1
cam_12 6892 1 1
cam_12 6933 1 4
cam_12 6904 1 1
cam_12 6928 1 1
cam_12 6927 1 1
cam_12 6922 1 1
cam_12 6927 1 1
cam_12 6945 1 1
cam_12 6936 1 1
cam_12 6964 1 1
cam_12 6946 1 1
cam_12 6933 1 1
cam_12 483 1 1
cam_12 6936 1 1
cam_12 6949 1 1
cam_12 6940 1 1
cam_12 6964 1 1
cam_12 6959 1 1
cam_12 6964 1 1
cam_12 6958 1 1
cam_12 6964 1 1
cam_12 477 1 1
cam_12 6961 1 1
cam_12 475 1 1
cam_12 6964 1 1
cam_12 6964 1 1
cam_12 477 1 1
cam_12 6988 1 1
cam_12 6976 1 1
cam_12 6981 1 1
cam_12 7110 1 1
cam_12 6976 1 1
cam_12 6973 1 1
cam_12 6984 1 1
cam_12 13500 1 1
cam_12 6985 1 2
cam_12 6985 1 1
cam_12 477 1 1
cam_12 7012 1 2
cam_12 6993 1 1
cam_12 7009 1 2
cam_12 6997 1 1
cam_12 6999 1 1
cam_12 7003 1 1
cam_12 6994 1 1
cam_12 7003 1 2
cam_12 7011 1 1
cam_12 7018 1 2
cam_12 7018 1 1
cam_12 7024 1 2
cam_12 7018 1 1
cam_12 7032 1 1
cam_12 7018 1 1
cam_12 7018 1 1
cam_12 7012 1 1
cam_12 496 1 1
cam_12 7018 1 1
cam_12 7018 1 1
cam_12 7018 1 1
cam_12 493 1 1
cam_12 7038 1 1
cam_12 7041 1 2
cam_12 7021 1 1
cam_12 7053 1 1
cam_12 7026 1 1
cam_12 7039 1 1
cam_12 7027 1 1
cam_12 7024 1 1
cam_12 486 1 1
cam_12 7042 1 1
cam_12 7026 1 1
cam_12 7050 1 1
cam_12 7053 1 2
cam_12 7056 1 1
cam_12 7059 1 1
cam_12 484 1 1
cam_12 7068 1 1
cam_12 7078 1 1
cam_12 7065 1 1
cam_12 7071 1 1
cam_12 7095 1 2
cam_12 7056 1 1
cam_12 7080 1 1
cam_12 7077 1 1
cam_12 498 1 1
cam_12 7087 1 1
cam_12 7065 1 2
cam_12 7084 1 1
cam_12 7093 1 1
cam_12 7098 1 1
cam_12 7072 1 1
cam_12 7113 1 2
cam_12 7093 1 1
cam_12 7096 1 1
cam_12 7084 1 1
cam_12 7087 1 1
cam_12 7102 1 1
cam_12 7108 1 1
cam_12 510 1 1
cam_12 7110 1 1
cam_12 7093 1 1
cam_12 493 1 2
cam_12 7096 1 1
cam_12 7096 1 1
cam_12 7168 1 2
cam_12 7096 1 1
cam_12 7113 1 1
cam_12 7114 1 1
cam_12 7107 1 1
cam_12 7134 1 2
cam_12 510 1 1
cam_12 7113 1 1
cam_12 7104 1 1
cam_12 7113 1 1
cam_12 7113 1 1
cam_12 7143 1 1
cam_12 7122 1 1
cam_12 7135 1 1
cam_12 529 1 1
cam_12 7141 1 1
cam_12 7150 1 1
cam_12 7180 1 1
cam_12 7221 1 1
cam_12 7260 1 2
cam_12 7281 1 1
cam_12 7384 1 1
cam_12 7384 1 1
cam_12 7384 1 1
cam_12 7384 1 1
cam_12 7398 1 1
cam_12 7402 1 1
cam_12 7405 1 1
cam_12 7474 1 1
cam_12 7413 1 1
cam_12 7405 1 1
cam_12 7420 1 1
cam_12 7405 1 1
cam_12 7405 1 1
cam_12 7405 1 2
cam_12 539 1 1
cam_12 7405 1 1
cam_12 7405 1 1
cam_12 7414 1 2
cam_12 7414 1 1
cam_12 7414 1 1
cam_12 7434 1 1
cam_12 7414 1 1
cam_12 7410 1 1
cam_12 7414 1 1
cam_12 595 1 3
cam_12 7413 1 1
cam_12 7414 1 1
cam_12 7422 1 1
cam_12 7429 1 1
cam_12 7423 1 1
cam_12 537 1 1
cam_12 7420 1 1
cam_12 7420 1 1
cam_12 7438 1 1
cam_12 7428 1 1
cam_12 7432 1 1
cam_12 7420 1 1
cam_12 7420 1 1
cam_12 7429 1 2
cam_12 7420 1 1
cam_12 7438 1 1
cam_12 7438 1 1
cam_12 7440 1 1
cam_12 7431 1 1
cam_12 7438 1 1
cam_12 7453 1 1
cam_12 7429 1 1
cam_12 7464 1 2
cam_12 7428 1 1
cam_12 7440 1 1
cam_12 7438 1 1
cam_12 7425 1 1
cam_12 543 1 1
cam_12 7438 1 2
cam_12 7438 1 1
cam_12 7438 1 1
cam_12 7438 1 1
cam_12 7437 1 1
cam_12 7438 1 1
cam_12 7449 1 1
cam_12 547 1 1
cam_12 7464 1 1
cam_12 7459 1 2
cam_12 7443 1 1
cam_12 7456 1 1
cam_12 7461 1 1
cam_12 7450 1 1
cam_12 7464 1 1
cam_12 7461 1 1
cam_12 559 1 1
cam_12 7464 1 1
cam_12 7458 1 1
cam_12 7449 1 1
cam_12 7450 1 1
cam_12 7464 1 2
cam_12 7468 1 1
cam_12 7464 1 1
cam_12 567 1 1
cam_12 7464 1 1
cam_12 7474 1 2
cam_12 7563 1 2
cam_12 7474 1 1
cam_12 7474 1 1
cam_12 597 1 1
cam_12 7480 1 4
cam_12 7560 1 2
cam_12 7477 1 4
cam_12 7506 1 4
cam_12 622 1 2
cam_12 7479 1 1
cam_12 7482 1 1
cam_12 7489 1 1
cam_12 7501 1 1
cam_12 7530 1 2
cam_12 7530 1 2
cam_12 7549 1 2
cam_12 7530 1 1
cam_12 7530 1 2
cam_12 7558 1 2
cam_12 7552 1 2
cam_12 7536 1 1
cam_12 7554 1 2
cam_12 7552 1 1
cam_12 7552 1 1
cam_12 7590 1 2
cam_12 7563 1 1
cam_12 7569 1 1
cam_12 7575 1 1
cam_12 7579 1 1
cam_12 7573 1 1
cam_12 7573 1 1
cam_12 7593 1 1
cam_12 7593 1 1
cam_12 7594 1 1
cam_12 7593 1 1
cam_12 7603 1 1
cam_12 670 1 1
cam_12 7606 1 1
cam_12 7611 1 1
cam_12 7626 1 2
cam_12 721 1 1
cam_12 7626 1 1
cam_12 7626 1 2
cam_12 7626 1 1
cam_12 7629 1 2
cam_12 7639 1 1
cam_12 7629 1 1
cam_12 7629 1 1
cam_12 7632 1 1
cam_12 7828 1 1
cam_12 7632 1 2
cam_12 705 1 1
cam_12 7635 1 2
cam_12 7639 1 1
cam_12 7639 1 1
cam_12 721 1 1
cam_12 7639 1 1
cam_12 7642 1 1
cam_12 721 1 1
cam_12 7650 1 1
cam_12 7645 1 1
cam_12 7645 1 1
cam_12 7645 1 1
cam_12 7648 1 1
cam_12 721 1 1
cam_12 7665 1 1
cam_12 7665 1 2
cam_12 7680 1 2
cam_12 7680 1 1
cam_12 7678 1 1
cam_12 7683 1 1
cam_12 7681 1 1
cam_12 7747 1 1
cam_12 721 1 1
cam_12 7693 1 1
cam_12 7689 1 1
cam_12 7699 1 3
cam_12 7699 1 1
cam_12 7707 1 1
cam_12 7702 1 3
cam_12 7718 1 1
cam_12 721 1 1
cam_12 7707 1 1
cam_12 7710 1 3
cam_12 7714 1 1
cam_12 7716 1 1
cam_12 7714 1 1
cam_12 7723 1 1
cam_12 721 1 1
cam_12 7725 1 1
cam_12 7726 1 1
cam_12 7728 1 1
cam_12 7725 1 1
cam_12 7735 1 1
cam_12 7728 1 1
cam_12 7740 1 1
cam_12 721 1 1
cam_12 7735 1 1
cam_12 7740 1 1
cam_12 7740 1 1
cam_12 7740 1 1
cam_12 7747 1 1
cam_12 721 1 1
cam_12 7747 1 1
cam_12 7747 1 1
cam_12 7747 1 1
cam_12 7756 1 1
cam_12 7753 1 1
cam_12 7755 1 1
cam_12 7755 1 1
cam_12 721 1 1
cam_12 7762 1 1
cam_12 7762 1 1
cam_12 7762 1 1
cam_12 7768 1 1
cam_12 7780 1 1
cam_12 7767 1 1
cam_12 7765 1 1
cam_12 7777 1 1
cam_12 7777 1 1
cam_12 7777 1 1
cam_12 7777 1 1
cam_12 7788 1 1
cam_12 7782 1 1
cam_12 7791 1 1
cam_12 7806 1 1
cam_12 7791 1 1
cam_12 7821 1 4
cam_12 7810 1 1
cam_12 7800 1 1
cam_12 7809 1 1
cam_12 7822 1 1
cam_12 7818 1 1
cam_12 7807 1 1
cam_12 729 1 1
cam_12 7828 1 1
cam_12 7839 1 1
cam_12 7821 1 1
cam_12 7897 1 1
cam_12 745 1 1
cam_12 7912 1 1
cam_12 7908 1 3
cam_12 7909 1 1
cam_12 7915 1 1
cam_12 726 1 1
cam_12 7912 1 1
cam_12 7942 1 3
cam_12 7932 1 1
cam_12 7914 1 3
cam_12 7930 1 1
cam_12 7917 1 1
cam_12 739 1 1
cam_12 7933 1 1
cam_12 7935 1 1
cam_12 7939 1 1
cam_12 7935 1 1
cam_12 7963 1 1
cam_12 7953 1 1
cam_12 7966 1 1
cam_12 7957 1 1
cam_12 7974 1 2
cam_12 7966 1 1
cam_12 7966 1 1
cam_12 7968 1 1
cam_12 7977 1 1
cam_12 7953 1 1
cam_12 7980 1 1
cam_12 7998 1 2
cam_12 742 1 1
cam_12 7977 1 1
cam_12 7971 1 1
cam_12 7980 1 1
cam_12 7965 1 1
cam_12 7966 1 1
cam_12 7993 1 2
cam_12 726 1 1
cam_12 7980 1 1
cam_12 7974 1 1
cam_12 7978 1 1
cam_12 7981 1 2
cam_12 7993 1 2
cam_12 7993 1 1
cam_12 7993 1 1
cam_12 730 1 1
cam_12 7987 1 1
cam_12 8019 1 2
cam_12 7993 1 1
cam_12 8031 1 2
cam_12 8022 1 1
cam_12 8001 1 1
cam_12 8023 1 1
cam_12 8010 1 1
cam_12 8022 1 2
cam_12 8002 1 1
cam_12 8001 1 1
cam_12 8020 1 1
cam_12 8041 1 2
cam_12 744 1 1
cam_12 8029 1 1
cam_12 8020 1 1
cam_12 8031 1 1
cam_12 8011 1 1
cam_12 8013 1 4
cam_12 8031 1 1
cam_12 8047 1 2
cam_12 8031 1 1
cam_12 8017 1 1
cam_12 8034 1 1
cam_12 735 1 1
cam_12 8043 1 1
cam_12 8043 1 1
cam_12 8046 1 1
cam_12 738 1 1
cam_12 8053 1 1
cam_12 8046 1 2
cam_12 8050 1 1
cam_12 8058 1 1
cam_12 8046 1 1
cam_12 8046 1 1
cam_12 8049 1 1
cam_12 742 1 1
cam_12 8067 1 1
cam_12 8074 1 2
cam_12 8049 1 1
cam_12 8049 1 1
cam_12 8065 1 1
cam_12 8068 1 1
cam_12 8065 1 1
cam_12 8061 1 1
cam_12 8058 1 1
cam_12 741 1 1
cam_12 8058 1 1
cam_12 8076 1 1
cam_12 8088 1 1
cam_12 8077 1 1
cam_12 748 1 1
cam_12 8101 1 4
cam_12 8089 1 1
cam_12 8070 1 2
cam_12 8088 1 1
cam_12 8101 1 1
cam_12 8094 1 2
cam_12 8085 1 1
cam_12 8086 1 1
cam_12 8086 1 1
cam_12 747 1 1
cam_12 8088 1 1
cam_12 8104 1 1
cam_12 747 1 1
cam_12 8116 1 1
cam_12 8104 1 1
cam_12 8103 1 1
cam_12 8112 1 1
cam_12 8101 1 2
cam_12 753 1 1
cam_12 8106 1 1
cam_12 8103 1 1
cam_12 8104 1 1
cam_12 8122 1 1
cam_12 8122 1 2
cam_12 753 1 1
cam_12 8149 1 1
cam_12 8143 1 1
cam_12 8166 1 2
cam_12 8133 1 2
cam_12 8155 1 2
cam_12 8154 1 1
cam_12 8148 1 1
cam_12 8154 1 1
cam_12 8154 1 1
cam_12 735 1 1
cam_12 8164 1 1
cam_12 8176 1 1
cam_12 8169 1 1
cam_12 8178 1 1
cam_12 8178 1 1
cam_12 775 1 2
cam_12 8178 1 1
cam_12 8208 1 1
cam_12 8188 1 1
cam_12 8215 1 2
cam_12 8209 1 1
cam_12 8200 1 1
cam_12 8218 1 2
cam_12 760 1 1
cam_12 8218 1 2
cam_12 8224 1 2
cam_12 8248 1 2
cam_12 8224 1 1
cam_12 8245 1 2
cam_12 8238 1 2
cam_12 8233 1 1
cam_12 8245 1 2
cam_12 8236 1 2
cam_12 8242 1 2
cam_12 8251 1 2
cam_12 8274 1 2
cam_12 8308 1 1
cam_12 742 1 1
cam_12 8322 1 1
cam_12 8329 1 1
cam_12 8340 1 1
cam_12 8355 1 1
cam_12 8464 1 1
cam_12 8458 1 1
cam_12 8473 1 1
cam_12 8457 1 1
cam_12 8475 1 1
cam_12 8464 1 1
cam_12 8467 1 1
cam_12 8467 1 1
cam_12 8467 1 1
cam_12 742 1 1
cam_12 8475 1 1
cam_12 8475 1 1
cam_12 8473 1 1
cam_12 8473 1 1
cam_12 8487 1 1
cam_12 8476 1 1
cam_12 742 1 1
cam_12 8473 1 1
cam_12 8499 1 2
cam_12 8485 1 1
cam_12 8482 1 1
cam_12 8509 1 2
cam_12 8496 1 1
cam_12 8485 1 1
cam_12 8482 1 1
cam_12 8491 1 1
cam_12 8496 1 1
cam_12 8494 1 1
cam_12 8496 1 1
cam_12 8491 1 1
cam_12 8497 1 1
cam_12 8497 1 1
cam_12 8496 1 2
cam_12 8502 1 1
cam_12 8496 1 1
cam_12 8524 1 2
cam_12 8517 1 1
cam_12 8509 1 1
cam_12 8514 1 1
cam_12 8509 1 1
cam_12 8502 1 1
cam_12 8509 1 2
cam_12 8506 1 1
cam_12 8520 1 1
cam_12 8521 1 1
cam_12 8523 1 1
cam_12 8509 1 1
cam_12 8553 1 1
cam_12 8524 1 1
cam_12 8529 1 1
cam_12 8535 1 2
cam_12 8524 1 1
cam_12 8524 1 1
cam_12 8553 1 4
cam_12 8551 1 4
cam_12 8542 1 1
cam_12 8556 1 2
cam_12 8530 1 1
cam_12 747 1 1
cam_12 8532 1 1
cam_12 8548 1 1
cam_12 8532 1 1
cam_12 8542 1 1
cam_12 8546 1 1
cam_12 8551 1 1
cam_12 8548 1 2
cam_12 769 1 1
cam_12 8545 1 1
cam_12 8557 1 1
cam_12 8551 1 1
cam_12 765 1 1
cam_12 8580 1 2
cam_12 8562 1 1
cam_12 8578 1 2
cam_12 8577 1 1
cam_12 747 1 1
cam_12 8584 1 2
cam_12 8569 1 1
cam_12 8565 1 1
cam_12 8574 1 1
cam_12 8590 1 1
cam_12 8580 1 1
cam_12 8580 1 1
cam_12 8599 1 1
cam_12 8610 1 1
cam_12 747 1 1
cam_12 8598 1 1
cam_12 8613 1 2
cam_12 8614 1 1
cam_12 8605 1 1
cam_12 8599 1 2
cam_12 8601 1 1
cam_12 8634 1 2
cam_12 768 1 1
cam_12 8620 1 1
cam_12 8608 1 1
cam_12 8625 1 1
cam_12 8625 1 1
cam_12 8614 1 2
cam_12 8623 1 2
cam_12 8629 1 2
cam_12 763 1 1
cam_12 8640 1 1
cam_12 8635 1 2
cam_12 8634 1 2
cam_12 8634 1 1
cam_12 8634 1 1
cam_12 8662 1 2
cam_12 769 1 1
cam_12 8653 1 1
cam_12 8661 1 2
cam_12 8647 1 1
cam_12 8644 1 1
cam_12 8680 1 2
cam_12 8652 1 2
cam_12 796 1 4
cam_12 8665 1 1
cam_12 8692 1 2
cam_12 8686 1 2
cam_12 8677 1 2
cam_12 8689 1 1
cam_12 8677 1 2
cam_12 8691 1 1
cam_12 8682 1 2
cam_12 8682 1 1
cam_12 771 1 1
cam_12 8712 1 2
cam_12 8689 1 1
cam_12 8689 1 2
cam_12 8698 1 1
cam_12 8695 1 2
cam_12 8692 1 2
cam_12 8697 1 1
cam_12 765 1 1
cam_12 8703 1 2
cam_12 8718 1 1
cam_12 8704 1 1
cam_12 8727 1 2
cam_12 8739 1 2
cam_12 8718 1 1
cam_12 8715 1 1
cam_12 756 1 1
cam_12 8731 1 1
cam_12 8718 1 2
cam_12 8733 1 1
cam_12 8716 1 2
cam_12 8722 1 1
cam_12 8736 1 1
cam_12 8743 1 1
cam_12 784 1 3
cam_12 8743 1 2
cam_12 8740 1 1
cam_12 8731 1 2
cam_12 8731 1 2
cam_12 8731 1 1
cam_12 8749 1 1
cam_12 8759 1 2
cam_12 8749 1 2
cam_12 763 1 1
cam_12 8749 1 1
cam_12 8749 1 1
cam_12 8755 1 2
cam_12 780 1 1
cam_12 8758 1 2
cam_12 8761 1 1
cam_12 8770 1 1
cam_12 8766 1 1
cam_12 8779 1 2
cam_12 783 1 1
cam_12 8766 1 1
cam_12 8772 1 1
cam_12 8772 1 1
cam_12 781 1 1
cam_12 8784 1 1
cam_12 8788 1 1
cam_12 8794 1 1
cam_12 8788 1 1
cam_12 8784 1 1
cam_12 8794 1 1
cam_12 8793 1 2
cam_12 8812 1 2
cam_12 8799 1 1
cam_12 784 1 1
cam_12 8815 1 1
cam_12 8808 1 1
cam_12 8815 1 2
cam_12 8821 1 1
cam_12 8820 1 1
cam_12 8821 1 2
cam_12 8827 1 1
cam_12 8829 1 2
cam_12 792 1 1
cam_12 8829 1 1
cam_12 8838 1 1
cam_12 8866 1 1
cam_12 8884 1 1
cam_12 792 1 1
cam_12 8895 1 1
cam_12 795 1 1
cam_12 8905 1 1
cam_12 8901 1 1
cam_12 8905 1 1
cam_12 8916 1 1
cam_12 8926 1 1
cam_12 8938 1 1
cam_12 789 1 1
cam_12 8941 1 1
cam_12 8944 1 1
cam_12 8949 1 1
cam_12 9000 1 1
cam_12 799 1 1
cam_12 9006 1 1
cam_12 9046 1 1
cam_12 9063 1 1
cam_12 9087 1 1
cam_12 775 1 1
cam_12 9088 1 1
cam_12 9109 1 1
cam_12 9111 1 1
cam_12 9103 1 2
cam_12 798 1 1
cam_12 9120 1 1
cam_12 9112 1 1
cam_12 9123 1 1
cam_12 9102 1 1
cam_12 9129 1 2
cam_12 9129 1 1
cam_12 9135 1 1
cam_12 9145 1 4
cam_12 9142 1 1
cam_12 9129 1 1
cam_12 9129 1 1
cam_12 9129 1 1
cam_12 9145 1 1
cam_12 9133 1 1
cam_12 9142 1 1
cam_12 9133 1 1
cam_12 810 1 1
cam_12 9150 1 1
cam_12 9139 1 1
cam_12 9151 1 2
cam_12 9160 1 2
cam_12 9168 1 1
cam_12 9184 1 2
cam_12 9172 1 1
cam_12 9166 1 1
cam_12 9183 1 2
cam_12 810 1 1
cam_12 9184 1 2
cam_12 9186 1 2
cam_12 9214 1 2
cam_12 805 1 1
cam_12 9196 1 1
cam_12 802 1 1
cam_12 9231 1 2
cam_12 9211 1 1
cam_12 9214 1 1
cam_12 9237 1 1
cam_12 807 1 1
cam_12 9255 1 1
cam_12 9244 1 1
cam_12 9263 1 2
cam_12 792 1 1
cam_12 9258 1 1
cam_12 9258 1 1
cam_12 793 1 2
cam_12 9261 1 1
cam_12 9261 1 1
cam_12 9276 1 1
cam_12 9265 1 1
cam_12 9267 1 1
cam_12 9267 1 2
cam_12 9271 1 1
cam_12 9271 1 1
cam_12 9271 1 2
cam_12 87 1 1
cam_12 9288 1 1
cam_12 9286 1 2
cam_12 9276 1 1
cam_12 9295 1 1
cam_12 9289 1 1
cam_12 816 1 1
cam_12 9304 1 1
cam_12 9292 1 1
cam_12 9300 1 1
cam_12 9351 1 3
cam_12 9319 1 1
cam_12 822 1 1
cam_12 9334 1 1
cam_12 9360 1 1
cam_12 9351 1 1
cam_12 9349 1 1
cam_12 9363 1 1
cam_12 9363 1 1
cam_12 813 1 1
cam_12 9370 1 1
cam_12 9373 1 1
cam_12 9363 1 1
cam_12 9379 1 1
cam_12 9373 1 2
cam_12 9399 1 2
cam_12 9391 1 1
cam_12 9399 1 1
cam_12 9429 1 2
cam_12 9421 1 1
cam_12 9415 1 1
cam_12 9414 1 1
cam_12 802 1 1
cam_12 9429 1 1
cam_12 9429 1 1
cam_12 9432 1 4
cam_12 9424 1 1
cam_12 9439 1 1
cam_12 828 1 2
cam_12 9432 1 1
cam_12 9439 1 1
cam_12 9441 1 4
cam_12 9435 1 1
cam_12 9439 1 1
cam_12 9450 1 1
cam_12 9444 1 1
cam_12 9444 1 1
cam_12 9444 1 1
cam_12 9444 1 1
cam_12 9478 1 2
cam_12 9459 1 1
cam_12 9448 1 1
cam_12 9459 1 1
cam_12 9462 1 1
cam_12 9477 1 2
cam_12 9481 1 3
cam_12 9484 1 2
cam_12 9520 1 1
cam_12 9520 1 1
cam_12 9513 1 1
cam_12 9520 1 1
cam_12 9526 1 1
cam_12 813 1 1
cam_12 9622 1 1
cam_12 825 1 1
cam_12 9678 1 1
cam_12 9693 1 1
cam_12 9717 1 1
cam_12 9727 1 1
cam_12 9723 1 1
cam_12 9712 1 1
cam_12 9721 1 1
cam_12 9726 1 1
cam_12 832 1 1
cam_12 9727 1 1
cam_12 9736 1 1
cam_12 9720 1 2
cam_12 9729 1 1
cam_12 9736 1 1
cam_12 9721 1 1
cam_12 9744 1 2
cam_12 9751 1 1
cam_12 9747 1 1
cam_12 843 1 2
cam_12 9745 1 1
cam_12 9729 1 1
cam_12 9775 1 2
cam_12 9756 1 1
cam_12 9759 1 1
cam_12 9753 1 1
cam_12 9760 1 1
cam_12 9750 1 1
cam_12 9751 1 1
cam_12 9768 1 1
cam_12 9748 1 1
cam_12 9766 1 1
cam_12 823 1 1
cam_12 9799 1 2
cam_12 9748 1 1
cam_12 9789 1 1
cam_12 9781 1 1
cam_12 9783 1 1
cam_12 9762 1 1
cam_12 9777 1 1
cam_12 9793 1 1
cam_12 9789 1 1
cam_12 9789 1 1
cam_12 9822 1 1
cam_12 9790 1 1
cam_12 9822 1 2
cam_12 9768 1 1
cam_12 826 1 1
cam_12 9771 1 1
cam_12 9796 1 1
cam_12 9802 1 1
cam_12 9817 1 1
cam_12 9840 1 2
cam_12 9841 1 2
cam_12 9819 1 1
cam_12 825 1 1
cam_12 9804 1 1
cam_12 9814 1 1
cam_12 9856 1 2
cam_12 9840 1 2
cam_12 9870 1 2
cam_12 9853 1 2
cam_12 9882 1 2
cam_12 9913 1 2
cam_12 9910 1 2
cam_12 841 1 1
cam_12 9907 1 2
cam_12 9928 1 2
cam_12 9915 1 2
cam_12 9916 1 1
cam_12 9954 1 2
cam_12 9936 1 2
cam_12 9934 1 1
cam_12 9948 1 1
cam_12 9937 1 2
cam_12 9970 1 2
cam_12 10008 1 3
cam_12 9958 1 1
cam_12 9975 1 1
cam_12 9975 1 1
cam_12 853 1 1
cam_12 10003 1 2
cam_12 9982 1 2
cam_12 9991 1 1
cam_12 9982 1 1
cam_12 9988 1 1
cam_12 10030 1 2
cam_12 10023 1 2
cam_12 10048 1 2
cam_12 10039 1 2
cam_12 10033 1 1
cam_12 834 1 1
cam_12 10033 1 1
cam_12 10033 1 1
cam_12 10033 1 1
cam_12 10036 1 1
cam_12 10048 1 1
cam_12 10053 1 1
cam_12 10036 1 1
cam_12 10051 1 1
cam_12 10050 1 1
cam_12 10045 1 1
cam_12 10050 1 1
cam_12 10052 1 1
cam_12 105 1 1
cam_12 10059 1 1
cam_12 10059 1 1
cam_12 10071 1 1
cam_12 852 1 1
cam_12 10071 1 1
cam_12 10077 1 1
cam_12 10110 1 1
cam_12 10125 1 1
cam_12 10356 1 1
cam_12 10357 1 1
cam_12 10239 1 1
cam_12 855 1 1
cam_12 10237 1 1
cam_12 10333 1 1
cam_12 10353 1 1
cam_12 10345 1 1
cam_12 10339 1 1
cam_12 10335 1 1
cam_12 10332 1 1
cam_12 10348 1 1
cam_12 843 1 1
cam_12 10357 1 1
cam_12 10357 1 1
cam_12 10332 1 1
cam_12 10380 1 1
cam_12 10357 1 1
cam_12 10399 1 1
cam_12 10357 1 1
cam_12 841 1 1
cam_12 10350 1 1
cam_12 10353 1 1
cam_12 10357 1 1
cam_12 10357 1 1
cam_12 10353 1 1
cam_12 10351 1 1
cam_12 10357 1 2
cam_12 10357 1 1
cam_12 10386 1 1
cam_12 10357 1 1
cam_12 10357 1 1
cam_12 10357 1 1
cam_12 10357 1 1
cam_12 10363 1 1
cam_12 850 1 1
cam_12 10357 1 1
cam_12 10357 1 1
cam_12 10363 1 1
cam_12 883 1 2
cam_12 10357 1 1
cam_12 10360 1 2
cam_12 10363 1 1
cam_12 868 1 2
cam_12 10425 1 1
cam_12 10365 1 1
cam_12 10387 1 2
cam_12 10369 1 1
cam_12 10365 1 1
cam_12 10372 1 1
cam_12 10368 1 2
cam_12 10365 1 1
cam_12 858 1 1
cam_12 10378 1 1
cam_12 10525 1 2
cam_12 10386 1 1
cam_12 10387 1 1
cam_12 10384 1 1
cam_12 10380 1 1
cam_12 106 1 1
cam_12 10566 1 1
cam_12 10396 1 2
cam_12 10374 1 1
cam_12 10384 1 1
cam_12 861 1 1
cam_12 10414 1 2
cam_12 10395 1 1
cam_12 10386 1 1
cam_12 10413 1 3
cam_12 10401 1 1
cam_12 10408 1 1
cam_12 867 1 1
cam_12 10419 1 1
cam_12 10403 1 2
cam_12 10413 1 1
cam_12 10423 1 1
cam_12 10444 1 2
cam_12 10449 1 2
cam_12 856 1 1
cam_12 10438 1 1
cam_12 10419 1 2
cam_12 10449 1 1
cam_12 10435 1 2
cam_12 10437 1 2
cam_12 10456 1 1
cam_12 10453 1 1
cam_12 10477 1 2
cam_12 10470 1 2
cam_12 10446 1 1
cam_12 10469 1 1
cam_12 10479 1 1
cam_12 10455 1 1
cam_12 10500 1 2
cam_12 10473 1 1
cam_12 10480 1 1
cam_12 856 1 1
cam_12 10513 1 2
cam_12 10489 1 1
cam_12 10495 1 1
cam_12 10489 1 2
cam_12 10489 1 2
cam_12 10519 1 2
cam_12 10521 1 2
cam_12 10512 1 1
cam_12 868 1 1
cam_12 10518 1 1
cam_12 10510 1 1
cam_12 10522 1 1
cam_12 10521 1 1
cam_12 10546 1 2
cam_12 10524 1 1
cam_12 10530 1 1
cam_12 10519 1 2
cam_12 10537 1 1
cam_12 10546 1 2
cam_12 10537 1 1
cam_12 10536 1 1
cam_12 10546 1 3
cam_12 10543 1 1
cam_12 876 1 1
cam_12 10546 1 1
cam_12 10546 1 4
cam_12 10546 1 1
cam_12 867 1 1
cam_12 10554 1 3
cam_12 10564 1 4
cam_12 10564 1 1
cam_12 10564 1 1
cam_12 930 1 2
cam_12 10557 1 1
cam_12 10575 1 1
cam_12 10599 1 2
cam_12 10582 1 1
cam_12 10599 1 2
cam_12 897 1 1
cam_12 10600 1 1
cam_12 10606 1 1
cam_12 10654 1 1
cam_12 883 1 1
cam_12 10669 1 1
cam_12 876 1 1
cam_12 879 1 1
cam_12 10699 1 1
cam_12 895 1 1
cam_12 10699 1 1
cam_12 10713 1 1
cam_12 10720 1 1
cam_12 931 1 2
cam_12 10908 1 1
cam_12 10920 1 4
cam_12 10912 1 1
cam_12 10914 1 1
cam_12 10908 1 1
cam_12 910 1 1
cam_12 10908 1 1
cam_12 10908 1 1
cam_12 10926 1 1
cam_12 10914 1 1
cam_12 10914 1 1
cam_12 10914 1 1
cam_12 894 1 2
cam_12 10912 1 1
cam_12 10920 1 1
cam_12 10941 1 3
cam_12 10918 1 1
cam_12 10923 1 1
cam_12 159 1 1
cam_12 924 1 2
cam_12 10923 1 1
cam_12 10920 1 1
cam_12 10920 1 1
cam_12 10920 1 1
cam_12 10947 1 1
cam_12 10938 1 1
cam_12 10945 1 1
cam_12 10944 1 1
cam_12 10923 1 1
cam_12 10923 1 1
cam_12 10956 1 1
cam_12 10930 1 1
cam_12 10938 1 1
cam_12 10959 1 1
cam_12 10948 1 1
cam_12 961 1 4
cam_12 10941 1 1
cam_12 10956 1 1
cam_12 10945 1 1
cam_12 909 1 1
cam_12 10944 1 1
cam_12 10956 1 1
cam_12 10965 1 1
cam_12 10965 1 1
cam_12 10960 1 1
cam_12 10971 1 2
cam_12 10968 1 1
cam_12 913 1 1
cam_12 10967 1 1
cam_12 10971 1 2
cam_12 937 1 1
cam_12 10959 1 1
cam_12 10956 1 1
cam_12 10971 1 1
cam_12 10971 1 1
cam_12 949 1 2
cam_12 10956 1 1
cam_12 10972 1 1
cam_12 10962 1 1
cam_12 10962 1 1
cam_12 10962 1 1
cam_12 10963 1 1
cam_12 10971 1 2
cam_12 10971 1 1
cam_12 10971 1 1
cam_12 10971 1 1
cam_12 10971 1 1
cam_12 10969 1 1
cam_12 10966 1 1
cam_12 10971 1 1
cam_12 10971 1 1
cam_12 10977 1 1
cam_12 10977 1 1
cam_12 10980 1 2
cam_12 10987 1 2
cam_12 11002 1 4
cam_12 10993 1 2
cam_12 10986 1 1
cam_12 10980 1 1
cam_12 10990 1 1
cam_12 10981 1 2
cam_12 10977 1 1
cam_12 10998 1 1
cam_12 11016 1 2
cam_12 11002 1 1
cam_12 11001 1 1
cam_12 961 1 2
cam_12 11014 1 2
cam_12 11004 1 1
cam_12 10990 1 1
cam_12 11023 1 2
cam_12 11017 1 1
cam_12 11014 1 1
cam_12 11011 1 1
cam_12 10998 1 2
cam_12 11022 1 1
cam_12 11023 1 1
cam_12 11008 1 2
cam_12 11020 1 1
cam_12 11025 1 1
cam_12 11053 1 1
cam_12 11044 1 2
cam_12 11032 1 1
cam_12 11024 1 1
cam_12 11016 1 1
cam_12 11034 1 1
cam_12 11034 1 1
cam_12 11047 1 1
cam_12 11043 1 1
cam_12 11031 1 1
cam_12 942 1 1
cam_12 11053 1 1
cam_12 11053 1 1
cam_12 952 1 1
cam_12 11053 1 1
cam_12 11059 1 1
cam_12 11082 1 2
cam_12 11076 1 1
cam_12 11067 1 1
cam_12 11058 1 1
cam_12 11080 1 1
cam_12 942 1 1
cam_12 11070 1 1
cam_12 11083 1 1
cam_12 11083 1 1
cam_12 11083 1 1
cam_12 11083 1 2
cam_12 11085 1 1
cam_12 11092 1 1
cam_12 952 1 1
cam_12 11104 1 2
cam_12 11097 1 1
cam_12 11097 1 1
cam_12 11089 1 1
cam_12 11106 1 2
cam_12 11096 1 2
cam_12 11124 1 2
cam_12 961 1 1
cam_12 11110 1 1
cam_12 11113 1 1
cam_12 11122 1 1
cam_12 11115 1 1
cam_12 958 1 1
cam_12 11130 1 1
cam_12 11140 1 1
cam_12 11145 1 1
cam_12 11128 1 1
cam_12 11142 1 1
cam_12 11133 1 2
cam_12 11145 1 2
cam_12 11145 1 1
cam_12 11139 1 1
cam_12 11143 1 1
cam_12 11148 1 1
cam_12 11164 1 1
cam_12 11175 1 2
cam_12 11158 1 2
cam_12 11157 1 1
cam_12 11152 1 1
cam_12 11173 1 1
cam_12 11179 1 1
cam_12 11181 1 1
cam_12 11200 1 4
cam_12 11176 1 2
cam_12 11179 1 2
cam_12 11211 1 2
cam_12 11200 1 2
cam_12 11220 1 1
cam_12 11208 1 1
cam_12 11224 1 1
cam_12 11239 1 1
cam_12 11248 1 1
cam_12 11244 1 1
cam_12 11269 1 1
cam_12 11275 1 1
cam_12 11289 1 1
cam_12 11290 1 1
cam_12 11565 1 1
cam_12 961 1 1
cam_12 11436 1 1
cam_12 11547 1 1
cam_12 11553 1 1
cam_12 11556 1 1
cam_12 11549 1 1
cam_12 11544 1 1
cam_12 11557 1 1
cam_12 11547 1 1
cam_12 11547 1 1
cam_12 11556 1 2
cam_12 11563 1 1
cam_12 11551 1 1
cam_12 11551 1 1
cam_12 11563 1 1
cam_12 964 1 2
cam_12 11556 1 1
cam_12 11556 1 1
cam_12 11556 1 1
cam_12 11556 1 1
cam_12 11584 1 2
cam_12 138 1 4
cam_12 964 1 1
cam_12 11563 1 1
cam_12 11563 1 1
cam_12 11577 1 1
cam_12 11586 1 1
cam_12 11565 1 1
cam_12 11562 1 1
cam_12 11575 1 1
cam_12 964 1 1
cam_12 11595 1 1
cam_12 11590 1 1
cam_12 11592 1 1
cam_12 11599 1 1
cam_12 11581 1 1
cam_12 11581 1 1
cam_12 11601 1 1
cam_12 11577 1 1
cam_12 11608 1 1
cam_12 11599 1 2
cam_12 11608 1 1
cam_12 11599 1 1
cam_12 11601 1 1
cam_12 11595 1 1
cam_12 11608 1 1
cam_12 11599 1 1
cam_12 11599 1 1
cam_12 11629 1 2
cam_12 11608 1 1
cam_12 967 1 1
cam_12 11614 1 1
cam_12 11608 1 1
cam_12 11611 1 2
cam_12 11625 1 1
cam_12 11772 1 1
cam_12 11634 1 2
cam_12 11646 1 2
cam_12 11653 1 1
cam_12 11691 1 2
cam_12 967 1 1
cam_12 11655 1 1
cam_12 11668 1 1
cam_12 11665 1 1
cam_12 11706 1 2
cam_12 11700 1 2
cam_12 969 1 1
cam_12 11677 1 1
cam_12 11685 1 1
cam_12 11689 1 2
cam_12 11719 1 3
cam_12 11698 1 1
cam_12 970 1 1
cam_12 11715 1 2
cam_12 11704 1 1
cam_12 11710 1 1
cam_12 11722 1 2
cam_12 967 1 2
cam_12 11751 1 1
cam_12 11713 1 2
cam_12 11710 1 1
cam_12 11713 1 1
cam_12 11722 1 1
cam_12 11722 1 1
cam_12 970 1 1
cam_12 11722 1 2
cam_12 11724 1 2
cam_12 11752 1 1
cam_12 11737 1 2
cam_12 11746 1 2
cam_12 11737 1 2
cam_12 970 1 1
cam_12 11746 1 2
cam_12 11734 1 1
cam_12 11746 1 1
cam_12 11742 1 2
cam_12 11746 1 1
cam_12 11742 1 1
cam_12 11767 1 2
cam_12 11746 1 1
cam_12 11788 1 1
cam_12 11760 1 1
cam_12 11760 1 1
cam_12 11752 1 1
cam_12 11761 1 1
cam_12 11760 1 1
cam_12 11755 1 1
cam_12 11761 1 1
cam_12 11760 1 1
cam_12 11764 1 1
cam_12 11772 1 1
cam_12 11773 1 1
cam_12 11764 1 1
cam_12 11770 1 1
cam_12 11774 1 1
cam_12 11767 1 1
cam_12 11767 1 1
cam_12 11772 1 1
cam_12 11772 1 1
cam_12 11791 1 1
cam_12 11782 1 1
cam_12 11781 1 1
cam_12 11788 1 1
cam_12 1033 1 1
cam_12 11799 1 1
cam_12 11799 1 1
cam_12 976 1 4
cam_12 11797 1 1
cam_12 11799 1 1
cam_12 11799 1 1
cam_12 11797 1 1
cam_12 11814 1 1
cam_12 11809 1 1
cam_12 1054 1 4
cam_12 11857 1 1
cam_12 11808 1 1
cam_12 11802 1 1
cam_12 11824 1 1
cam_12 11835 1 2
cam_12 11826 1 1
cam_12 11824 1 1
cam_12 1011 1 4
cam_12 11853 1 1
cam_12 11853 1 2
cam_12 11839 1 1
cam_12 1009 1 1
cam_12 11853 1 2
cam_12 11853 1 2
cam_12 11835 1 1
cam_12 11851 1 1
cam_12 11851 1 1
cam_12 11850 1 1
cam_12 1084 1 2
cam_12 11853 1 1
cam_12 11862 1 1
cam_12 11859 1 2
cam_12 11878 1 1
cam_12 11868 1 2
cam_12 11866 1 1
cam_12 11944 1 3
cam_12 11967 1 1
cam_12 12345 1 1
cam_12 11989 1 1
cam_12 1008 1 1
cam_12 12010 1 1
cam_12 11992 1 1
cam_12 12001 1 1
cam_12 12019 1 1
cam_12 12042 1 1
cam_12 12093 1 1
cam_12 12102 1 1
cam_12 12118 1 1
cam_12 12109 1 1
cam_12 12121 1 1
cam_12 12111 1 1
cam_12 12129 1 1
cam_12 12129 1 1
cam_12 12121 1 1
cam_12 12130 1 1
cam_12 12121 1 2
cam_12 12121 1 1
cam_12 12121 1 1
cam_12 12123 1 2
cam_12 12138 1 1
cam_12 12136 1 1
cam_12 12139 1 2
cam_12 12148 1 2
cam_12 12136 1 1
cam_12 12133 1 2
cam_12 12145 1 1
cam_12 12147 1 1
cam_12 12129 1 1
cam_12 12139 1 1
cam_12 12133 1 1
cam_12 12150 1 1
cam_12 12136 1 1
cam_12 12156 1 1
cam_12 12150 1 1
cam_12 12150 1 2
cam_12 12150 1 1
cam_12 12150 1 1
cam_12 12150 1 1
cam_12 12147 1 2
cam_12 12156 1 1
cam_12 12166 1 1
cam_12 12150 1 1
cam_12 12147 1 1
cam_12 12201 1 1
cam_12 1039 1 1
cam_12 12150 1 1
cam_12 12156 1 1
cam_12 12150 1 1
cam_12 12156 1 1
cam_12 12216 1 2
cam_12 12150 1 1
cam_12 1014 1 1
cam_12 12165 1 1
cam_12 12223 1 1
cam_12 12163 1 1
cam_12 12175 1 2
cam_12 12171 1 1
cam_12 12153 1 1
cam_12 12154 1 1
cam_12 12157 1 1
cam_12 1014 1 1
cam_12 12181 1 1
cam_12 12172 1 1
cam_12 12169 1 1
cam_12 12180 1 1
cam_12 12166 1 2
cam_12 12169 1 1
cam_12 12187 1 1
cam_12 12171 1 1
cam_12 12190 1 2
cam_12 12202 1 1
cam_12 12192 1 1
cam_12 12195 1 1
cam_12 12199 1 1
cam_12 12199 1 1
cam_12 12183 1 2
cam_12 12201 1 1
cam_12 12202 1 1
cam_12 12199 1 1
cam_12 12193 1 1
cam_12 1018 1 1
cam_12 12202 1 1
cam_12 12208 1 2
cam_12 12204 1 2
cam_12 12213 1 1
cam_12 12241 1 2
cam_12 12217 1 1
cam_12 12226 1 2
cam_12 12226 1 2
cam_12 12226 1 2
cam_12 12237 1 1
cam_12 12237 1 1
cam_12 1023 1 1
cam_12 12232 1 1
cam_12 12246 1 2
cam_12 12243 1 1
cam_12 12249 1 2
cam_12 12277 1 2
cam_12 12238 1 2
cam_12 12259 1 1
cam_12 12258 1 2
cam_12 12246 1 3
cam_12 1018 1 1
cam_12 12250 1 2
cam_12 12270 1 1
cam_12 12282 1 1
cam_12 12271 1 1
cam_12 12288 1 1
cam_12 12288 1 1
cam_12 12291 1 1
cam_12 12306 1 1
cam_12 12291 1 1
cam_12 12286 1 1
cam_12 12300 1 1
cam_12 12306 1 2
cam_12 1029 1 1
cam_12 12316 1 1
cam_12 12333 1 2
cam_12 12324 1 1
cam_12 1018 1 1
cam_12 12333 1 1
cam_12 12339 1 2
cam_12 12352 1 2
cam_12 12352 1 2
cam_12 12370 1 4
cam_12 12401 1 1
cam_12 12397 1 1
cam_12 100 1 1
cam_12 12402 1 1
cam_12 12414 1 1
cam_12 12426 1 1
cam_12 12456 1 1
cam_12 12492 1 2
cam_12 12459 1 1
cam_12 12526 1 1
cam_12 12478 1 1
cam_12 12487 1 1
cam_12 12487 1 1
cam_12 12492 1 1
cam_12 12498 1 1
cam_12 12507 1 1
cam_12 12507 1 1
cam_12 12510 1 1
cam_12 12523 1 1
cam_12 12555 1 3
cam_12 12567 1 1
cam_12 1024 1 1
cam_12 12568 1 1
cam_12 12586 1 1
cam_12 12580 1 1
cam_12 12580 1 1
cam_12 12585 1 1
cam_12 12583 1 1
cam_12 12607 1 1
cam_12 12588 1 1
cam_12 12592 1 1
cam_12 1033 1 1
cam_12 12595 1 1
cam_12 12636 1 1
cam_12 12645 1 1
cam_12 12645 1 2
cam_12 12660 1 1
cam_12 12667 1 2
cam_12 12672 1 1
cam_12 12657 1 1
cam_12 12679 1 1
cam_12 12681 1 1
cam_12 12691 1 1
cam_12 12684 1 1
cam_12 12682 1 1
cam_12 12688 1 1
cam_12 12670 1 1
cam_12 12673 1 1
cam_12 12697 1 1
cam_12 12694 1 1
cam_12 12686 1 1
cam_12 12685 1 1
cam_12 12697 1 1
cam_12 12682 1 1
cam_12 12706 1 1
cam_12 12682 1 1
cam_12 12682 1 1
cam_12 12705 1 1
cam_12 12706 1 1
cam_12 12711 1 1
cam_12 12711 1 1
cam_12 12700 1 1
cam_12 12708 1 1
cam_12 12708 1 1
cam_12 12709 1 1
cam_12 12709 1 1
cam_12 12697 1 1
cam_12 12721 1 1
cam_12 12733 1 2
cam_12 12709 1 1
cam_12 12709 1 1
cam_12 12709 1 1
cam_12 12733 1 1
cam_12 12736 1 2
cam_12 12733 1 1
cam_12 12739 1 1
cam_12 12724 1 1
cam_12 12715 1 1
cam_12 12736 1 1
cam_12 12718 1 1
cam_12 12745 1 1
cam_12 12733 1 1
cam_12 12733 1 1
cam_12 1029 1 1
cam_12 12733 1 1
cam_12 12736 1 1
cam_12 12736 1 1
cam_12 12736 1 1
cam_12 12736 1 2
cam_12 12736 1 1
cam_12 12943 1 1
cam_12 12756 1 2
cam_12 12753 1 1
cam_12 12757 1 1
cam_12 12750 1 1
cam_12 12756 1 2
cam_12 12772 1 2
cam_12 12774 1 2
cam_12 12849 1 1
cam_12 1063 1 1
cam_12 12763 1 1
cam_12 12753 1 1
cam_12 12756 1 1
cam_12 12753 1 1
cam_12 12753 1 1
cam_12 12769 1 1
cam_12 12758 1 1
cam_12 12760 1 1
cam_12 12757 1 1
cam_12 12778 1 1
cam_12 12795 1 2
cam_12 12759 1 1
cam_12 1083 1 1
cam_12 12760 1 1
cam_12 12768 1 1
cam_12 12801 1 2
cam_12 12769 1 1
cam_12 12769 1 1
cam_12 12775 1 1
cam_12 12775 1 1
cam_12 12775 1 1
cam_12 12775 1 1
cam_12 12775 1 1
cam_12 12775 1 1
cam_12 12778 1 1
cam_12 12781 1 1
cam_12 12790 1 1
cam_12 12789 1 1
cam_12 12796 1 1
cam_12 12784 1 1
cam_12 12793 1 1
cam_12 12790 1 2
cam_12 12801 1 1
cam_12 12822 1 2
cam_12 12817 1 1
cam_12 12822 1 1
cam_12 12822 1 2
cam_12 12822 1 2
cam_12 12822 1 1
cam_12 12819 1 1
cam_12 12822 1 1
cam_12 12835 1 1
cam_12 12843 1 1
cam_12 12829 1 1
cam_12 12829 1 2
cam_12 12834 1 2
cam_12 1090 1 1
cam_12 12846 1 1
cam_12 12831 1 2
cam_12 12852 1 1
cam_12 12858 1 1
cam_12 12844 1 1
cam_12 12859 1 2
cam_12 12864 1 1
cam_12 12853 1 2
cam_12 1068 1 1
cam_12 12859 1 1
cam_12 12856 1 1
cam_12 12853 1 1
cam_12 12859 1 1
cam_12 12859 1 1
cam_12 12886 1 2
cam_12 12873 1 1
cam_12 12871 1 1
cam_12 1080 1 1
cam_12 12870 1 1
cam_12 12903 1 2
cam_12 12880 1 1
cam_12 12894 1 1
cam_12 12882 1 1
cam_12 1083 1 1
cam_12 12915 1 1
cam_12 12927 1 1
cam_12 12900 1 1
cam_12 12943 1 2
cam_12 12945 1 2
cam_12 12930 1 1
cam_12 12966 1 2
cam_12 12934 1 1
cam_12 12967 1 2
cam_12 12952 1 1
cam_12 12982 1 2
cam_12 12969 1 1
cam_12 12993 1 2
cam_12 12976 1 1
cam_12 12966 1 2
cam_12 13002 1 2
cam_12 13002 1 2
cam_12 12982 1 2
cam_12 13014 1 4
cam_12 13018 1 2
cam_12 13038 1 3
cam_12 13053 1 1
cam_12 13051 1 1
cam_12 13066 1 2
cam_12 13048 1 1
cam_12 13069 1 1
cam_12 13053 1 2
cam_12 13092 1 2
cam_12 13065 1 1
cam_12 13068 1 1
cam_12 13090 1 1
cam_12 13075 1 1
cam_12 13084 1 1
cam_12 13131 1 1
cam_12 13147 1 2
cam_12 13150 1 2
cam_12 13185 1 1
cam_12 13176 1 1
cam_12 1143 1 1
cam_12 13207 1 1
cam_12 13215 1 1
cam_12 13246 1 1
cam_12 13279 1 2
cam_12 13302 1 2
cam_12 13386 1 1
cam_12 13331 1 1
cam_12 1189 1 2
cam_12 13321 1 1
cam_12 13321 1 1
cam_12 13362 1 1
cam_12 13360 1 2
cam_12 13342 1 1
cam_12 13366 1 1
cam_12 13356 1 1
cam_12 127 1 1
cam_12 13359 1 1
cam_12 13339 1 1
cam_12 13381 1 1
cam_12 13366 1 1
cam_12 13366 1 1
cam_12 1192 1 2
cam_12 1204 1 2
cam_12 13366 1 1
cam_12 1203 1 1
cam_12 13375 1 1
cam_12 13382 1 1
cam_12 13386 1 1
cam_12 13375 1 1
cam_12 1209 1 1
cam_12 13381 1 1
cam_12 13500 1 4
cam_12 13386 1 1
cam_12 13386 1 1
cam_12 13386 1 1
cam_12 1221 1 2
cam_12 13393 1 1
cam_12 13405 1 1
cam_12 13411 1 1
cam_12 13399 1 1
cam_12 13393 1 1
cam_12 13500 1 1
cam_12 13408 1 1
cam_12 13438 1 2
cam_12 13420 1 1
cam_12 13429 1 1
cam_12 1224 1 1
cam_12 13435 1 1
cam_12 13428 1 1
cam_12 13446 1 1
cam_12 13444 1 1
cam_12 1224 1 2
cam_12 13447 1 1
cam_12 13500 1 1
cam_12 1224 1 1
cam_12 13438 1 1
cam_12 13441 1 1
cam_12 13447 1 1
cam_12 13467 1 1
cam_12 13462 1 1
cam_12 13467 1 1
cam_12 13455 1 1
cam_12 13458 1 1
cam_12 13473 1 1
cam_12 13465 1 1
cam_12 1230 1 1
cam_12 13465 1 1
cam_12 1231 1 1
cam_12 13482 1 1
cam_12 13486 1 1
cam_12 13486 1 1
cam_12 13479 1 1
cam_12 13488 1 1
cam_12 13489 1 1
cam_12 13500 1 1
cam_12 13500 1 1
cam_12 13498 1 1
cam_12 13500 1 1
cam_12 1230 1 1
cam_12 1234 1 1
cam_12 1233 1 2
cam_12 1233 1 1
cam_12 117 1 1
cam_12 1245 1 1
cam_12 1243 1 2
cam_12 1243 1 1
cam_12 1243 1 2
cam_12 1243 1 1
cam_12 1243 1 1
cam_12 1237 1 1
cam_12 1258 1 2
cam_12 1251 1 2
cam_12 1273 1 1
cam_12 1263 1 2
cam_12 1257 1 2
cam_12 1270 1 2
cam_12 1251 1 2
cam_12 1282 1 1
cam_12 1273 1 2
cam_12 1282 1 1
cam_12 1272 1 2
cam_12 144 1 1
cam_12 1282 1 2
cam_12 1282 1 1
cam_12 1282 1 1
cam_12 1282 1 2
cam_12 1281 1 1
cam_12 1284 1 1
cam_12 141 1 1
cam_12 1280 1 2
cam_12 139 1 1
cam_12 1284 1 1
cam_12 1282 1 1
cam_12 1282 1 1
cam_12 1282 1 1
cam_12 144 1 1
cam_12 1282 1 1
cam_12 1293 1 1
cam_12 1293 1 1
cam_12 1291 1 1
cam_12 1288 1 2
cam_12 1293 1 1
cam_12 1291 1 2
cam_12 1293 1 2
cam_12 1293 1 1
cam_12 1300 1 1
cam_12 1306 1 2
cam_12 1309 1 2
cam_12 1303 1 1
cam_12 1311 1 1
cam_12 1309 1 1
cam_12 1306 1 1
cam_12 1309 1 1
cam_12 1314 1 1
cam_12 1314 1 1
cam_12 1339 1 4
cam_12 1317 1 1
cam_12 1317 1 1
