cam_01 42 1 4
cam_01 1122 2 4
cam_01 1077 1 1
cam_01 1287 2 4
cam_01 1108 1 2
cam_01 1234 2 4
cam_01 1120 1 1
cam_01 1134 2 1
cam_01 1237 2 4
cam_01 1143 2 1
cam_01 1212 1 1
cam_01 1177 2 1
cam_01 1218 2 1
cam_01 1164 2 3
cam_01 1206 2 1
cam_01 1231 2 2
cam_01 1243 2 2
cam_01 1215 2 4
cam_01 1207 2 4
cam_01 1218 2 1
cam_01 1255 2 4
cam_01 1228 2 1
cam_01 1377 2 4
cam_01 1237 2 4
cam_01 1309 1 1
cam_01 1248 2 4
cam_01 1372 2 4
cam_01 1267 2 2
cam_01 1269 1 1
cam_01 1272 1 4
cam_01 1462 2 1
cam_01 1341 2 4
cam_01 1432 2 4
cam_01 1309 2 4
cam_01 1455 1 4
cam_01 1419 2 4
cam_01 1537 1 4
cam_01 1389 2 4
cam_01 1581 2 2
cam_01 1537 2 2
cam_01 1512 2 4
cam_01 1471 2 1
cam_01 28 2 2
cam_01 1417 2 1
cam_01 1468 2 2
cam_01 1563 2 2
cam_01 1638 1 1
cam_01 1602 2 3
cam_01 1615 2 2
cam_01 1579 2 3
cam_01 1530 2 1
cam_01 1584 1 2
cam_01 1540 2 4
cam_01 151 2 1
cam_01 1555 2 1
cam_01 1546 1 4
cam_01 1672 2 4
cam_01 1678 2 4
cam_01 1792 2 4
cam_01 141 2 3
cam_01 1633 2 1
cam_01 1636 1 1
cam_01 138 2 1
cam_01 1612 2 1
cam_01 1753 2 1
cam_01 1705 1 1
cam_01 1756 2 4
cam_01 1668 2 3
cam_01 1647 2 3
cam_01 6 2 1
cam_01 1683 2 1
cam_01 1702 2 1
cam_01 1831 2 4
cam_01 1729 2 1
cam_01 277 2 4
cam_01 1957 1 1
cam_01 253 2 3
cam_01 1729 2 4
cam_01 1735 2 1
cam_01 1743 1 1
cam_01 1747 1 1
cam_01 1785 2 4
cam_01 1758 2 1
cam_01 1779 1 1
cam_01 1921 2 4
cam_01 168 2 1
cam_01 1878 2 4
cam_01 1866 2 2
cam_01 1861 1 4
cam_01 1866 2 2
cam_01 1833 2 1
cam_01 1833 1 1
cam_01 1920 1 1
cam_01 1848 1 1
cam_01 1863 2 4
cam_01 271 2 4
cam_01 225 2 4
cam_01 1869 2 2
cam_01 2002 2 4
cam_01 1971 2 2
cam_01 225 2 1
cam_01 1897 2 2
cam_01 1984 2 4
cam_01 2073 2 4
cam_01 1891 2 1
cam_01 1897 2 1
cam_01 1908 1 4
cam_01 1902 1 1
cam_01 2085 2 4
cam_01 1974 1 1
cam_01 2092 2 1
cam_01 1998 2 1
cam_01 1998 2 4
cam_01 2001 2 1
cam_01 2014 1 2
cam_01 2031 1 4
cam_01 2071 1 4
cam_01 2101 1 4
cam_01 2113 2 4
cam_01 2020 2 4
cam_01 2052 2 4
cam_01 2031 2 4
cam_01 2122 2 4
cam_01 2166 2 4
cam_01 2038 1 4
cam_01 2236 2 4
cam_01 2221 2 1
cam_01 2121 1 1
cam_01 2121 1 1
cam_01 2145 1 2
cam_01 216 2 1
cam_01 2388 2 4
cam_01 2187 2 4
cam_01 2265 1 4
cam_01 2292 2 4
cam_01 2262 1 1
cam_01 2295 2 2
cam_01 2287 1 4
cam_01 2278 2 1
cam_01 2424 2 2
cam_01 2311 2 1
cam_01 2316 1 1
cam_01 2316 1 1
cam_01 2347 2 1
cam_01 2316 2 1
cam_01 228 1 1
cam_01 2419 2 2
cam_01 2424 1 1
cam_01 2551 1 4
cam_01 2521 2 4
cam_01 308 2 4
cam_01 2497 2 2
cam_01 2589 2 4
cam_01 2571 1 4
cam_01 2460 1 4
cam_01 240 1 2
cam_01 2463 1 2
cam_01 2482 2 2
cam_01 2532 2 2
cam_01 2506 2 1
cam_01 2629 2 4
cam_01 294 1 1
cam_01 2565 2 2
cam_01 2518 2 1
cam_01 2562 2 1
cam_01 2557 2 1
cam_01 2575 2 1
cam_01 2674 1 4
cam_01 2584 1 1
cam_01 2709 2 4
cam_01 384 2 1
cam_01 2659 2 4
cam_01 2595 1 4
cam_01 2730 1 4
cam_01 2809 2 4
cam_01 2634 2 1
cam_01 2634 1 1
cam_01 2676 2 2
cam_01 2626 2 1
cam_01 2803 2 2
cam_01 2694 2 2
cam_01 2686 1 2
cam_01 2863 2 4
cam_01 2838 2 2
cam_01 2754 2 2
cam_01 2791 1 2
cam_01 2919 2 1
cam_01 2919 2 4
cam_01 2943 2 4
cam_01 2857 2 4
cam_01 2863 2 1
cam_01 2863 2 1
cam_01 430 1 1
cam_01 2869 2 1
cam_01 294 2 4
cam_01 2902 2 1
cam_01 2919 2 1
cam_01 2919 1 1
cam_01 2943 1 4
cam_01 2952 1 2
cam_01 3010 2 1
cam_01 3001 1 1
cam_01 2989 2 2
cam_01 3138 2 4
cam_01 3010 2 1
cam_01 3018 2 1
cam_01 3193 2 4
cam_01 3018 2 1
cam_01 3224 2 4
cam_01 3061 2 4
cam_01 3052 2 4
cam_01 3201 2 2
cam_01 3256 1 4
cam_01 3201 2 2
cam_01 3157 2 1
cam_01 3201 2 4
cam_01 3201 1 2
cam_01 3196 1 4
cam_01 3166 2 4
cam_01 3201 2 2
cam_01 3603 2 1
cam_01 3345 2 1
cam_01 3201 1 4
cam_01 3330 2 4
cam_01 3267 1 4
cam_01 3282 2 2
cam_01 3288 2 2
cam_01 3267 2 2
cam_01 3274 2 1
cam_01 3297 2 1
cam_01 73 2 1
cam_01 3327 2 2
cam_01 3382 2 4
cam_01 3297 2 2
cam_01 3303 2 2
cam_01 3303 1 1
cam_01 3361 2 2
cam_01 3432 2 2
cam_01 3322 1 1
cam_01 3375 2 1
cam_01 3366 1 4
cam_01 3352 2 2
cam_01 3415 2 4
cam_01 3363 1 2
cam_01 3375 1 2
cam_01 3414 2 1
cam_01 3388 2 3
cam_01 3430 2 2
cam_01 3399 2 1
cam_01 3538 2 4
cam_01 3507 2 4
cam_01 3603 2 2
cam_01 3466 2 2
cam_01 3441 1 4
cam_01 3514 2 2
cam_01 3565 2 2
cam_01 3454 2 1
cam_01 3453 2 1
cam_01 294 1 1
cam_01 3595 2 2
cam_01 3493 1 1
cam_01 3646 2 4
cam_01 3607 2 1
cam_01 3603 2 1
cam_01 3603 1 1
cam_01 3757 1 4
cam_01 3604 2 4
cam_01 3747 2 4
cam_01 3646 2 2
cam_01 3646 1 1
cam_01 3664 2 4
cam_01 3658 1 1
cam_01 306 1 4
cam_01 3670 2 2
cam_01 3670 1 2
cam_01 3850 2 4
cam_01 3769 2 1
cam_01 3808 2 3
cam_01 3700 1 2
cam_01 3724 2 1
cam_01 3960 2 4
cam_01 3708 2 1
cam_01 3717 2 1
cam_01 3753 1 4
cam_01 3717 1 1
cam_01 3775 1 4
cam_01 3748 2 1
cam_01 3795 1 1
cam_01 3883 1 4
cam_01 3859 2 2
cam_01 3787 1 1
cam_01 3795 2 1
cam_01 3849 2 1
cam_01 505 2 1
cam_01 3892 1 1
cam_01 3960 2 2
cam_01 4053 2 1
cam_01 306 1 1
cam_01 3912 1 2
cam_01 306 2 1
cam_01 306 2 2
cam_01 3933 2 1
cam_01 3960 2 1
cam_01 4054 2 1
cam_01 4263 2 4
cam_01 4108 1 2
cam_01 4042 1 2
cam_01 4008 1 1
cam_01 4017 1 1
cam_01 3993 1 3
cam_01 3970 1 4
cam_01 4006 2 1
cam_01 4032 2 1
cam_01 4077 2 1
cam_01 4042 2 1
cam_01 4051 2 1
cam_01 4173 1 2
cam_01 4113 2 1
cam_01 4176 1 4
cam_01 4312 2 4
cam_01 4095 1 1
cam_01 4354 2 4
cam_01 4239 2 2
cam_01 4173 2 1
cam_01 4338 2 4
cam_01 4353 2 2
cam_01 369 2 2
cam_01 4458 2 4
cam_01 4300 2 2
cam_01 4408 1 4
cam_01 4300 2 1
cam_01 4287 2 1
cam_01 310 1 1
cam_01 4311 2 4
cam_01 4416 2 4
cam_01 4386 1 4
cam_01 4396 2 4
cam_01 4419 2 4
cam_01 4438 1 4
cam_01 4509 2 1
cam_01 4623 2 4
cam_01 4510 2 4
cam_01 4389 2 2
cam_01 4509 1 4
cam_01 4552 2 3
cam_01 4551 2 2
cam_01 4438 1 1
cam_01 4699 2 4
cam_01 4503 1 1
cam_01 4438 2 1
cam_01 369 2 3
cam_01 4633 1 4
cam_01 316 1 1
cam_01 4516 1 1
cam_01 4531 1 1
cam_01 4530 1 2
cam_01 4536 2 1
cam_01 4759 2 1
cam_01 4578 1 1
cam_01 4659 2 4
cam_01 4699 2 4
cam_01 4587 2 2
cam_01 4605 1 2
cam_01 4649 1 4
cam_01 4605 2 1
cam_01 4657 2 1
cam_01 4657 2 1
cam_01 4753 2 4
cam_01 4659 2 2
cam_01 585 2 1
cam_01 4657 1 4
cam_01 4725 2 4
cam_01 4698 2 1
cam_01 339 1 2
cam_01 4695 2 1
cam_01 4711 1 1
cam_01 4753 2 1
cam_01 4717 2 1
cam_01 583 2 1
cam_01 4734 2 1
cam_01 4725 1 1
cam_01 4735 2 1
cam_01 4740 2 1
cam_01 360 2 2
cam_01 4753 2 2
cam_01 4753 2 1
cam_01 4758 2 4
cam_01 4758 2 3
cam_01 346 2 1
cam_01 4780 1 4
cam_01 4789 2 3
cam_01 369 2 1
cam_01 4789 2 2
cam_01 4789 2 1
cam_01 4827 2 2
cam_01 4798 2 3
cam_01 4798 2 1
cam_01 4812 2 3
cam_01 4798 2 4
cam_01 4812 1 1
cam_01 4818 2 2
cam_01 4992 2 4
cam_01 4897 2 1
cam_01 4861 2 1
cam_01 4986 2 4
cam_01 4842 1 2
cam_01 4950 2 4
cam_01 4888 2 2
cam_01 4984 2 4
cam_01 430 2 4
cam_01 5032 2 3
cam_01 5029 1 4
cam_01 369 2 1
cam_01 4953 1 1
cam_01 4959 2 4
cam_01 5056 1 2
cam_01 4986 1 1
cam_01 375 2 1
cam_01 5157 2 4
cam_01 5004 2 2
cam_01 5058 2 1
cam_01 5035 1 1
cam_01 5073 2 2
cam_01 375 2 1
cam_01 5035 2 1
cam_01 5067 2 2
cam_01 5050 2 4
cam_01 5257 2 4
cam_01 5073 2 2
cam_01 5128 2 3
cam_01 5083 1 1
cam_01 5098 1 1
cam_01 5172 2 2
cam_01 5203 2 4
cam_01 5430 2 4
cam_01 5172 2 1
cam_01 391 2 2
cam_01 5175 2 1
cam_01 5197 1 1
cam_01 5449 2 4
cam_01 5298 2 2
cam_01 448 2 2
cam_01 5184 2 1
cam_01 5280 1 1
cam_01 391 1 1
cam_01 5337 2 3
cam_01 5280 2 1
cam_01 5268 2 1
cam_01 5241 2 4
cam_01 391 2 1
cam_01 5418 2 2
cam_01 5331 2 1
cam_01 5289 1 1
cam_01 5355 1 1
cam_01 5401 2 1
cam_01 5430 2 1
cam_01 5355 2 1
cam_01 5347 2 4
cam_01 5554 2 4
cam_01 5382 1 1
cam_01 5401 2 1
cam_01 5367 1 1
cam_01 5417 2 1
cam_01 426 2 1
cam_01 5503 1 4
cam_01 5449 2 4
cam_01 5472 1 1
cam_01 5449 1 1
cam_01 498 2 1
cam_01 5586 1 4
cam_01 5475 2 4
cam_01 5611 2 4
cam_01 5605 2 4
cam_01 5533 1 1
cam_01 5595 2 4
cam_01 423 2 1
cam_01 5563 2 1
cam_01 5583 2 4
cam_01 5517 2 4
cam_01 5553 2 1
cam_01 5523 2 4
cam_01 5603 2 1
cam_01 5620 2 3
cam_01 5575 2 1
cam_01 5605 2 4
cam_01 5605 2 4
cam_01 430 2 2
cam_01 5641 2 1
cam_01 5683 2 1
cam_01 5601 1 4
cam_01 5626 2 4
cam_01 5691 2 4
cam_01 5662 2 4
cam_01 5685 2 4
cam_01 5775 2 4
cam_01 5773 2 4
cam_01 5683 2 1
cam_01 5683 2 1
cam_01 5895 2 4
cam_01 64 1 1
cam_01 5812 2 4
cam_01 5746 2 1
cam_01 5832 2 1
cam_01 5703 2 3
cam_01 5871 2 2
cam_01 5752 2 1
cam_01 6039 2 1
cam_01 5854 1 1
cam_01 5878 2 1
cam_01 5931 1 4
cam_01 5913 1 4
cam_01 5878 2 1
cam_01 5868 1 1
cam_01 6091 2 1
cam_01 6007 1 4
cam_01 5955 1 2
cam_01 5995 1 2
cam_01 6075 2 2
cam_01 5965 2 1
cam_01 5986 2 1
cam_01 6060 2 1
cam_01 6085 2 2
cam_01 6075 1 4
cam_01 6085 1 4
cam_01 6010 2 1
cam_01 6031 1 4
cam_01 6057 1 2
cam_01 6063 2 1
cam_01 6066 2 1
cam_01 6066 2 1
cam_01 6220 2 4
cam_01 6234 2 2
cam_01 6234 2 2
cam_01 6180 2 4
cam_01 6123 1 1
cam_01 6303 2 2
cam_01 466 1 2
cam_01 6226 1 1
cam_01 112 2 1
cam_01 466 2 2
cam_01 6180 2 1
cam_01 6254 2 4
cam_01 6247 2 2
cam_01 6246 2 1
cam_01 6399 1 1
cam_01 6424 1 1
cam_01 6268 2 1
cam_01 6300 1 4
cam_01 6285 2 2
cam_01 6369 1 1
cam_01 495 2 1
cam_01 6303 2 4
cam_01 6457 1 1
cam_01 6284 1 1
cam_01 6307 1 1
cam_01 6406 2 4
cam_01 6319 1 1
cam_01 6319 1 4
cam_01 6318 1 4
cam_01 6472 2 4
cam_01 6348 1 4
cam_01 6355 1 4
cam_01 6348 2 1
cam_01 6540 2 4
cam_01 6474 2 4
cam_01 6450 1 2
cam_01 498 1 4
cam_01 6555 2 4
cam_01 6649 2 3
cam_01 6580 1 1
cam_01 6585 2 1
cam_01 6607 2 1
cam_01 6594 2 1
cam_01 6679 2 1
cam_01 6739 2 3
cam_01 28 2 1
cam_01 63 1 1
cam_01 6588 2 1
cam_01 6567 2 1
cam_01 6561 2 4
cam_01 6669 2 3
cam_01 6645 1 1
cam_01 6586 2 2
cam_01 6679 2 1
cam_01 6676 1 1
cam_01 498 2 3
cam_01 6751 2 2
cam_01 6741 1 1
cam_01 6763 2 1
cam_01 6810 2 3
cam_01 6780 2 1
cam_01 6810 2 2
cam_01 6882 2 4
cam_01 6780 2 1
cam_01 496 2 1
cam_01 6828 2 3
cam_01 6967 2 4
cam_01 6826 2 2
cam_01 7002 2 4
cam_01 6915 2 3
cam_01 6874 2 2
cam_01 6852 2 2
cam_01 7066 2 1
cam_01 6951 1 4
cam_01 540 2 3
cam_01 7054 2 3
cam_01 6894 2 1
cam_01 7035 2 2
cam_01 7126 2 2
cam_01 6957 2 2
cam_01 6991 2 2
cam_01 7096 2 4
cam_01 7156 2 2
cam_01 7162 2 2
cam_01 7002 1 1
cam_01 7153 2 1
cam_01 7252 2 2
cam_01 7285 2 2
cam_01 7158 1 4
cam_01 7131 1 1
cam_01 7152 2 2
cam_01 7165 1 4
cam_01 7243 2 1
cam_01 7200 1 1
cam_01 7308 1 4
cam_01 7209 1 1
cam_01 7387 1 4
cam_01 7290 2 1
cam_01 7278 2 1
cam_01 7297 2 1
cam_01 7426 2 4
cam_01 7297 2 1
cam_01 7384 1 1
cam_01 7309 2 1
cam_01 7356 1 2
cam_01 7464 2 4
cam_01 7365 2 1
cam_01 643 2 2
cam_01 7609 2 2
cam_01 525 2 1
cam_01 7407 1 1
cam_01 7492 1 1
cam_01 7552 1 4
cam_01 519 1 4
cam_01 7528 1 1
cam_01 7636 2 4
cam_01 526 2 1
cam_01 7656 2 4
cam_01 540 2 1
cam_01 7551 2 1
cam_01 7567 2 1
cam_01 7506 2 1
cam_01 7600 2 1
cam_01 7593 2 1
cam_01 7747 1 4
cam_01 580 2 1
cam_01 7623 2 1
cam_01 7677 2 1
cam_01 7626 2 1
cam_01 7644 1 1
cam_01 7873 2 4
cam_01 7800 2 4
cam_01 7750 2 4
cam_01 7869 2 2
cam_01 7729 2 1
cam_01 7687 2 1
cam_01 7867 1 4
cam_01 7744 1 4
cam_01 7842 2 1
cam_01 7827 2 1
cam_01 7792 2 1
cam_01 7831 2 1
cam_01 7869 2 1
cam_01 7869 2 4
cam_01 7869 2 1
cam_01 7951 2 4
cam_01 7953 2 4
cam_01 7947 2 1
cam_01 7996 2 4
cam_01 7926 2 4
cam_01 8091 2 4
cam_01 8044 1 1
cam_01 7996 1 4
cam_01 8034 2 4
cam_01 8023 1 2
cam_01 8103 2 3
cam_01 8028 2 1
cam_01 8194 2 4
cam_01 8151 2 2
cam_01 8301 1 4
cam_01 8040 1 1
cam_01 8046 2 1
cam_01 8142 2 1
cam_01 607 1 4
cam_01 8021 2 4
cam_01 8217 2 4
cam_01 8158 2 4
cam_01 73 2 1
cam_01 555 2 2
cam_01 8127 1 1
cam_01 8176 2 4
cam_01 8145 1 1
cam_01 8175 1 1
cam_01 8157 2 4
cam_01 8182 2 1
cam_01 8299 1 4
cam_01 8241 2 2
cam_01 8301 2 4
cam_01 8256 1 2
cam_01 8295 2 4
cam_01 8314 2 4
cam_01 8532 2 4
cam_01 633 2 3
cam_01 8322 2 1
cam_01 8235 2 4
cam_01 8542 2 4
cam_01 8460 2 3
cam_01 8365 2 2
cam_01 8532 2 2
cam_01 8313 2 4
cam_01 8322 1 2
cam_01 8424 1 4
cam_01 8442 1 4
cam_01 145 2 1
cam_01 8604 2 2
cam_01 8602 2 2
cam_01 8485 2 2
cam_01 8650 2 2
cam_01 9343 1 4
cam_01 8639 2 2
cam_01 8481 2 2
cam_01 8451 1 1
cam_01 8667 1 4
cam_01 8508 2 1
cam_01 8691 2 4
cam_01 8592 2 2
cam_01 8608 1 4
cam_01 8673 2 3
cam_01 8539 2 1
cam_01 619 2 4
cam_01 8616 2 1
cam_01 8788 2 4
cam_01 8565 2 1
cam_01 8737 2 4
cam_01 8701 1 4
cam_01 8695 2 2
cam_01 8613 2 3
cam_01 8668 2 1
cam_01 8781 1 4
cam_01 8932 2 4
cam_01 8743 2 1
cam_01 8827 2 4
cam_01 8824 1 4
cam_01 8784 2 2
cam_01 8893 2 2
cam_01 8767 2 4
cam_01 8809 2 1
cam_01 8775 2 1
cam_01 8778 2 4
cam_01 8850 2 4
cam_01 9217 1 1
cam_01 8935 2 4
cam_01 8850 2 4
cam_01 8871 2 1
cam_01 8940 2 4
cam_01 8890 1 4
cam_01 8865 1 2
cam_01 8931 2 4
cam_01 8935 2 2
cam_01 8925 1 1
cam_01 8989 2 2
cam_01 8985 1 1
cam_01 9016 2 4
cam_01 8977 1 4
cam_01 9006 1 1
cam_01 8958 1 2
cam_01 8958 1 1
cam_01 8976 1 2
cam_01 8952 1 1
cam_01 8976 1 1
cam_01 9004 2 2
cam_01 655 1 1
cam_01 8991 1 4
cam_01 579 1 1
cam_01 8975 2 1
cam_01 8985 2 1
cam_01 9006 2 2
cam_01 9006 2 2
cam_01 8988 2 1
cam_01 583 1 1
cam_01 9016 2 2
cam_01 9016 2 2
cam_01 9219 2 4
cam_01 9138 2 4
cam_01 75 1 1
cam_01 9063 1 1
cam_01 9085 2 2
cam_01 9171 2 2
cam_01 9066 1 2
cam_01 9097 2 4
cam_01 9066 1 1
cam_01 9085 1 1
cam_01 597 2 2
cam_01 9091 1 1
cam_01 9156 2 4
cam_01 9111 2 1
cam_01 655 2 2
cam_01 9133 1 1
cam_01 9187 2 2
cam_01 9337 2 4
cam_01 9273 2 2
cam_01 9209 2 1
cam_01 9256 2 1
cam_01 9450 2 4
cam_01 9286 1 1
cam_01 9438 2 4
cam_01 9409 2 4
cam_01 9358 1 4
cam_01 619 2 2
cam_01 9450 1 2
cam_01 9279 2 1
cam_01 9357 2 2
cam_01 9336 1 2
cam_01 9421 1 4
cam_01 9358 2 4
cam_01 9525 1 4
cam_01 9375 1 4
cam_01 9409 1 2
cam_01 9556 2 3
cam_01 619 2 1
cam_01 9483 1 2
cam_01 9427 1 4
cam_01 9526 2 1
cam_01 9546 2 2
cam_01 9619 1 4
cam_01 9618 2 4
cam_01 9571 2 1
cam_01 9493 2 1
cam_01 9615 2 2
cam_01 9552 2 1
cam_01 9615 2 1
cam_01 9571 2 1
cam_01 9615 1 1
cam_01 9616 2 3
cam_01 9616 2 4
cam_01 9615 2 1
cam_01 9777 2 4
cam_01 9630 2 1
cam_01 9705 2 4
cam_01 9651 1 1
cam_01 9826 1 2
cam_01 9784 2 2
cam_01 9787 1 4
cam_01 9738 2 2
cam_01 9844 2 4
cam_01 9693 2 4
cam_01 9696 2 1
cam_01 9699 2 4
cam_01 9768 2 4
cam_01 9853 2 4
cam_01 9853 2 2
cam_01 9814 1 1
cam_01 9853 2 3
cam_01 9793 1 2
cam_01 9832 2 1
cam_01 9795 2 2
cam_01 9936 1 4
cam_01 9834 2 2
cam_01 9793 1 1
cam_01 9819 2 4
cam_01 9853 2 4
cam_01 9945 2 4
cam_01 9868 2 1
cam_01 9868 1 4
cam_01 9868 1 1
cam_01 10005 2 3
cam_01 9906 2 1
cam_01 9884 1 4
cam_01 9945 1 2
cam_01 9906 2 1
cam_01 9913 1 1
cam_01 9982 2 1
cam_01 9954 1 4
cam_01 9976 1 4
cam_01 10066 2 4
cam_01 9984 2 1
cam_01 10023 2 2
cam_01 10047 1 4
cam_01 10093 2 3
cam_01 10096 2 2
cam_01 10047 2 4
cam_01 10123 2 4
cam_01 10066 1 1
cam_01 10087 1 1
cam_01 10101 1 4
cam_01 10101 2 4
cam_01 10224 2 3
cam_01 10351 2 4
cam_01 10177 2 1
cam_01 10278 2 4
cam_01 10179 2 4
cam_01 10348 1 1
cam_01 10356 1 1
cam_01 10411 2 4
cam_01 10321 1 2
cam_01 10224 1 1
cam_01 10237 1 1
cam_01 10254 2 4
cam_01 10243 1 2
cam_01 10305 1 1
cam_01 694 2 2
cam_01 10344 1 2
cam_01 10297 1 1
cam_01 10278 2 4
cam_01 10458 2 4
cam_01 10344 2 1
cam_01 10356 2 1
cam_01 10356 2 4
cam_01 10443 1 4
cam_01 10461 2 4
cam_01 10390 2 2
cam_01 10380 1 1
cam_01 10369 2 4
cam_01 10398 1 4
cam_01 10590 2 4
cam_01 10453 2 1
cam_01 10429 2 1
cam_01 10440 2 1
cam_01 10461 2 1
cam_01 10446 2 1
cam_01 10677 1 1
cam_01 10461 2 3
cam_01 10455 2 2
cam_01 714 1 1
cam_01 10578 2 2
cam_01 10554 1 4
cam_01 10519 2 2
cam_01 10527 2 1
cam_01 10552 2 3
cam_01 10504 2 2
cam_01 10648 2 4
cam_01 10615 2 1
cam_01 651 2 2
cam_01 10578 2 3
cam_01 10690 1 1
cam_01 10578 2 2
cam_01 10575 1 1
cam_01 10578 2 1
cam_01 130 2 1
cam_01 10584 2 1
cam_01 10629 1 4
cam_01 10584 2 3
cam_01 10759 2 3
cam_01 10765 2 3
cam_01 10650 2 2
cam_01 10797 2 2
cam_01 721 1 4
cam_01 10719 2 1
cam_01 10720 1 4
cam_01 10828 2 2
cam_01 10750 1 1
cam_01 10791 1 1
cam_01 10735 2 3
cam_01 10759 2 1
cam_01 10864 2 3
cam_01 10734 1 4
cam_01 10783 2 1
cam_01 10951 1 4
cam_01 11016 2 4
cam_01 10786 1 1
cam_01 10890 2 4
cam_01 10848 2 2
cam_01 10822 2 1
cam_01 10830 2 4
cam_01 10965 2 4
cam_01 11112 2 4
cam_01 10893 2 1
cam_01 10932 2 1
cam_01 10932 2 1
cam_01 10900 2 1
cam_01 10936 2 4
cam_01 11079 2 2
cam_01 11020 2 1
cam_01 11164 1 1
cam_01 10966 2 4
cam_01 11152 2 4
cam_01 11355 2 4
cam_01 10998 2 4
cam_01 11035 1 1
cam_01 11073 1 1
cam_01 11190 2 2
cam_01 11116 1 1
cam_01 11095 2 1
cam_01 11309 2 4
cam_01 11265 1 4
cam_01 11260 2 1
cam_01 11175 1 1
cam_01 11416 2 4
cam_01 777 2 1
cam_01 11226 2 1
cam_01 11227 2 4
cam_01 11293 2 1
cam_01 11343 1 1
cam_01 11395 2 1
cam_01 11452 1 4
cam_01 11427 2 2
cam_01 11349 1 1
cam_01 11386 1 1
cam_01 11355 1 1
cam_01 11557 2 4
cam_01 11458 2 4
cam_01 11524 2 1
cam_01 11532 2 1
cam_01 11503 2 1
cam_01 691 1 1
cam_01 11506 2 1
cam_01 11634 2 4
cam_01 670 1 1
cam_01 11589 2 4
cam_01 11538 2 1
cam_01 11548 2 1
cam_01 11540 2 1
cam_01 11565 2 1
cam_01 11518 2 1
cam_01 11635 2 4
cam_01 11652 1 4
cam_01 11679 2 4
cam_01 11733 1 1
cam_01 11593 2 1
cam_01 11781 2 4
cam_01 11685 1 1
cam_01 11707 1 4
cam_01 11596 2 1
cam_01 11692 1 1
cam_01 11647 1 1
cam_01 11676 1 1
cam_01 11799 2 4
cam_01 11715 1 1
cam_01 11710 2 1
cam_01 11764 2 3
cam_01 11746 2 1
cam_01 11751 2 1
cam_01 11745 1 1
cam_01 11914 2 4
cam_01 11817 2 2
cam_01 11745 2 1
cam_01 11803 2 4
cam_01 11958 2 3
cam_01 12061 2 4
cam_01 11937 2 4
cam_01 11851 2 3
cam_01 11812 2 4
cam_01 11836 2 2
cam_01 11967 2 4
cam_01 12022 2 4
cam_01 721 2 1
cam_01 11901 2 1
cam_01 11922 2 1
cam_01 12004 2 1
cam_01 12031 2 1
cam_01 12070 2 3
cam_01 12030 1 1
cam_01 12000 2 4
cam_01 12031 2 1
cam_01 12009 1 1
cam_01 12079 2 1
cam_01 12214 2 4
cam_01 721 2 1
cam_01 12153 1 4
cam_01 12087 1 4
cam_01 12070 1 4
cam_01 12094 2 1
cam_01 12177 1 4
cam_01 12070 1 1
cam_01 12070 2 2
cam_01 12079 2 3
cam_01 12079 2 2
cam_01 12151 2 2
cam_01 12280 2 2
cam_01 12199 2 2
cam_01 12328 2 2
cam_01 12259 2 3
cam_01 12225 1 1
cam_01 12207 1 4
cam_01 12246 1 1
cam_01 721 2 1
cam_01 12235 2 1
cam_01 12355 1 2
cam_01 12352 2 2
cam_01 12400 1 4
cam_01 12321 2 1
cam_01 12331 2 1
cam_01 12424 1 1
cam_01 12511 2 4
cam_01 12396 1 4
cam_01 12369 1 1
cam_01 12487 2 4
cam_01 12418 1 4
cam_01 12405 2 4
cam_01 12489 2 1
cam_01 12511 2 3
cam_01 12453 2 4
cam_01 12424 1 2
cam_01 12424 1 1
cam_01 12481 2 1
cam_01 733 1 4
cam_01 12472 1 1
cam_01 12439 1 1
cam_01 12610 2 2
cam_01 12511 2 2
cam_01 12504 1 1
cam_01 751 2 2
cam_01 12511 1 1
cam_01 12538 1 1
cam_01 12609 2 2
cam_01 12460 2 1
cam_01 12579 2 1
cam_01 12594 1 4
cam_01 12550 1 1
cam_01 12642 2 3
cam_01 12652 1 4
cam_01 12565 2 1
cam_01 12642 2 2
cam_01 12618 2 1
cam_01 12606 2 1
cam_01 12613 1 4
cam_01 12618 2 1
cam_01 12642 2 1
cam_01 12682 2 4
cam_01 12642 2 2
cam_01 12759 2 4
cam_01 12678 1 1
cam_01 12693 2 1
cam_01 12676 1 1
cam_01 12717 2 1
cam_01 12726 2 1
cam_01 12711 2 3
cam_01 12888 2 2
cam_01 12774 2 1
cam_01 12864 2 3
cam_01 12999 2 2
cam_01 12739 2 1
cam_01 12918 2 4
cam_01 13018 1 1
cam_01 13029 2 2
cam_01 13024 1 4
cam_01 12872 2 3
cam_01 12975 1 4
cam_01 12930 2 4
cam_01 12906 1 1
cam_01 13069 2 4
cam_01 13149 2 4
cam_01 13035 1 1
cam_01 13093 2 1
cam_01 13186 2 3
cam_01 13060 1 1
cam_01 13135 2 1
cam_01 13135 1 2
cam_01 13219 2 1
cam_01 13500 2 4
cam_01 13185 2 4
cam_01 13324 2 1
cam_01 748 2 2
cam_01 13321 1 2
cam_01 13275 2 1
cam_01 13350 1 1
cam_01 13275 2 1
cam_01 13402 1 4
cam_01 13351 2 1
cam_01 13386 2 4
cam_01 13407 2 4
cam_01 13473 2 3
cam_01 13359 2 2
cam_01 13306 2 1
cam_01 13369 2 1
cam_01 13500 2 4
cam_01 13479 1 4
cam_01 13384 1 1
cam_01 13435 1 1
cam_01 13449 2 1
cam_01 13407 2 4
cam_01 13413 2 1
cam_01 13500 2 4
cam_01 13390 1 1
cam_01 13500 2 2
cam_01 13500 2 4
cam_01 13497 1 4
cam_01 13462 1 1
cam_01 13453 1 1
cam_01 13482 1 1
cam_01 13477 2 1
cam_01 13500 1 4
cam_01 954 2 4
cam_01 765 1 1
cam_01 771 2 4
cam_01 894 2 4
cam_01 775 2 2
cam_01 823 2 4
cam_01 819 1 1
cam_01 826 2 4
cam_01 804 1 1
cam_01 804 1 1
cam_01 804 2 2
cam_01 819 2 4
cam_01 840 1 1
cam_01 829 2 1
cam_01 855 2 1
cam_01 87 2 1
cam_01 880 2 1
cam_01 883 1 1
cam_01 879 1 3
cam_01 117 2 2
cam_01 96 2 2
cam_01 904 2 2
cam_01 1039 2 4
cam_01 108 2 1
cam_01 895 2 1
cam_01 889 1 1
cam_01 895 1 1
cam_01 232 2 3
cam_01 903 1 1
cam_01 907 1 4
cam_01 991 1 1
cam_01 910 2 2
cam_01 981 1 4
cam_01 930 2 2
cam_01 1060 2 4
cam_01 928 1 2
cam_01 939 1 2
cam_01 943 2 2
cam_01 103 1 2
cam_01 1060 2 4
cam_01 1006 2 1
cam_01 1060 2 2
cam_01 1042 2 2
cam_01 1001 2 1
cam_01 993 2 1
cam_01 1020 2 1
cam_01 1060 2 1
cam_01 1051 2 4
cam_01 1060 2 1
cam_01 1141 2 4
cam_01 1125 2 4
