cam_22 2376 2 4
cam_22 2392 2 1
cam_22 2490 2 1
cam_22 2439 2 1
cam_22 2455 2 2
cam_22 2523 2 1
cam_22 2497 2 1
cam_22 2494 2 1
cam_22 2517 2 1
cam_22 3013 2 1
cam_22 2706 2 1
cam_22 2739 2 1
cam_22 2809 2 1
cam_22 2884 2 1
cam_22 2856 2 1
cam_22 2880 2 1
cam_22 2901 2 1
cam_22 2922 2 1
cam_22 357 2 1
cam_22 2961 2 2
cam_22 2938 2 1
cam_22 2964 2 1
cam_22 2964 2 1
cam_22 2966 2 2
cam_22 2998 2 1
cam_22 3087 2 1
cam_22 3157 2 1
cam_22 3184 2 1
cam_22 3186 2 1
cam_22 3211 2 1
cam_22 3312 2 1
cam_22 3351 2 1
cam_22 3343 2 1
cam_22 3349 5 2
cam_22 3366 2 1
cam_22 3480 2 1
cam_22 3531 2 1
cam_22 3657 2 1
cam_22 3733 2 1
cam_22 3753 2 1
cam_22 3778 2 1
cam_22 3834 2 1
cam_22 3915 2 1
cam_22 3916 2 1
cam_22 4123 2 1
cam_22 4072 2 1
cam_22 4059 2 2
cam_22 4308 2 1
cam_22 4129 2 1
cam_22 4122 2 1
cam_22 4232 2 1
cam_22 4227 2 1
cam_22 4191 2 1
cam_22 4221 5 1
cam_22 4252 2 1
cam_22 4255 2 1
cam_22 4278 2 1
cam_22 4294 2 1
cam_22 4516 2 1
cam_22 4336 2 1
cam_22 4339 2 2
cam_22 4365 2 3
cam_22 4356 2 1
cam_22 4380 2 1
cam_22 4378 2 1
cam_22 4423 2 1
cam_22 4668 2 1
cam_22 417 2 1
cam_22 4602 4 1
cam_22 4485 2 1
cam_22 4498 2 1
cam_22 4554 2 1
cam_22 4669 2 1
cam_22 4749 2 1
cam_22 4758 2 1
cam_22 4815 2 1
cam_22 4957 2 1
cam_22 5185 2 1
cam_22 5092 2 1
cam_22 5119 2 1
cam_22 430 2 1
cam_22 5155 2 1
cam_22 5196 2 1
cam_22 5248 2 1
cam_22 5251 2 1
cam_22 489 2 1
cam_22 5248 2 1
cam_22 5265 2 1
cam_22 5286 2 1
cam_22 5244 2 1
cam_22 5289 2 1
cam_22 5322 2 1
cam_22 5341 2 1
cam_22 487 2 1
cam_22 5350 2 1
cam_22 5371 2 1
cam_22 5392 2 1
cam_22 5386 2 1
cam_22 1309 2 1
cam_22 5407 2 1
cam_22 5409 2 1
cam_22 5436 2 1
cam_22 5437 2 1
cam_22 5424 2 1
cam_22 5539 2 1
cam_22 5584 2 1
cam_22 5646 2 2
cam_22 5809 2 1
cam_22 5644 2 1
cam_22 5722 5 1
cam_22 5671 2 1
cam_22 5724 5 1
cam_22 5800 2 1
cam_22 5805 2 1
cam_22 5785 2 1
cam_22 5802 2 1
cam_22 5952 2 1
cam_22 6085 2 1
cam_22 532 2 1
cam_22 6084 2 1
cam_22 6121 2 2
cam_22 6139 2 1
cam_22 558 2 1
cam_22 6112 2 1
cam_22 6234 5 1
cam_22 6172 2 1
cam_22 6244 2 2
cam_22 6244 2 1
cam_22 6429 2 1
cam_22 6285 2 1
cam_22 6328 2 1
cam_22 6441 5 2
cam_22 6485 2 1
cam_22 6482 2 1
cam_22 6479 2 1
cam_22 6475 2 1
cam_22 6501 2 1
cam_22 6585 2 1
cam_22 6571 2 1
cam_22 6559 2 1
cam_22 6582 2 1
cam_22 613 2 1
cam_22 6597 2 2
cam_22 6612 2 2
cam_22 6613 2 1
cam_22 6693 2 1
cam_22 6694 2 1
cam_22 6720 2 1
cam_22 6700 2 1
cam_22 6680 2 1
cam_22 6712 2 1
cam_22 6718 2 1
cam_22 6756 2 1
cam_22 6802 2 1
cam_22 6814 2 1
cam_22 6882 2 2
cam_22 6891 2 1
cam_22 669 2 1
cam_22 6928 2 1
cam_22 6951 5 1
cam_22 214 2 1
cam_22 6951 2 1
cam_22 7024 2 1
cam_22 7059 2 1
cam_22 7050 2 1
cam_22 7041 2 1
cam_22 7126 2 1
cam_22 7222 2 1
cam_22 7462 2 1
cam_22 7258 2 1
cam_22 7396 2 1
cam_22 664 2 1
cam_22 672 2 1
cam_22 7407 2 1
cam_22 7438 2 1
cam_22 7428 2 1
cam_22 7585 2 2
cam_22 7551 2 2
cam_22 711 5 2
cam_22 7600 2 1
cam_22 7630 2 1
cam_22 7599 2 2
cam_22 7651 2 1
cam_22 7636 2 2
cam_22 7627 2 1
cam_22 729 2 2
cam_22 7732 2 1
cam_22 7788 2 1
cam_22 7735 2 1
cam_22 7777 2 1
cam_22 7738 2 1
cam_22 7762 2 1
cam_22 735 2 1
cam_22 7785 2 1
cam_22 760 2 2
cam_22 7948 5 1
cam_22 7915 2 1
cam_22 8061 2 1
cam_22 8049 2 1
cam_22 8181 2 1
cam_22 8065 2 1
cam_22 8133 5 1
cam_22 8109 2 1
cam_22 8107 2 1
cam_22 8128 2 1
cam_22 8140 2 1
cam_22 8167 2 1
cam_22 8170 2 1
cam_22 8191 2 1
cam_22 8185 2 1
cam_22 8221 2 1
cam_22 8214 2 1
cam_22 8221 2 1
cam_22 8251 2 1
cam_22 8262 2 1
cam_22 8404 2 1
cam_22 8389 2 1
cam_22 8485 2 2
cam_22 8502 2 1
cam_22 8499 2 1
cam_22 8505 2 1
cam_22 8541 2 1
cam_22 8505 2 1
cam_22 8517 2 1
cam_22 8511 2 1
cam_22 8757 2 1
cam_22 8526 2 1
cam_22 8521 2 1
cam_22 8583 2 1
cam_22 8658 5 1
cam_22 8644 2 1
cam_22 8647 2 1
cam_22 8908 2 1
cam_22 8740 2 1
cam_22 8779 2 1
cam_22 8842 2 1
cam_22 8838 5 2
cam_22 117 2 1
cam_22 972 2 1
cam_22 8833 2 1
cam_22 8877 2 1
cam_22 8898 2 1
cam_22 9033 2 1
cam_22 8997 2 1
cam_22 9016 2 1
cam_22 795 2 1
cam_22 9069 2 1
cam_22 9082 2 1
cam_22 9057 2 1
cam_22 9088 2 1
cam_22 9121 2 1
cam_22 9178 2 1
cam_22 9191 2 1
cam_22 9262 2 1
cam_22 9276 2 1
cam_22 9294 5 2
cam_22 883 2 1
cam_22 9388 2 2
cam_22 9417 2 2
cam_22 9471 2 1
cam_22 925 2 1
cam_22 9471 2 1
cam_22 9501 2 1
cam_22 9525 2 1
cam_22 895 2 1
cam_22 864 2 1
cam_22 9627 2 1
cam_22 9636 2 1
cam_22 9702 1 1
cam_22 9819 5 1
cam_22 9874 2 1
cam_22 10045 2 1
cam_22 943 2 1
cam_22 9939 2 1
cam_22 874 2 1
cam_22 9949 2 1
cam_22 9982 2 1
cam_22 10047 2 1
cam_22 898 2 1
cam_22 10053 2 1
cam_22 10086 2 1
cam_22 10080 5 1
cam_22 10191 2 1
cam_22 900 2 1
cam_22 10356 2 1
cam_22 10420 1 1
cam_22 10426 2 1
cam_22 10476 2 1
cam_22 934 2 2
cam_22 10569 2 1
cam_22 10693 2 1
cam_22 10527 2 1
cam_22 10531 2 1
cam_22 10591 2 1
cam_22 945 2 1
cam_22 10579 2 1
cam_22 10655 2 1
cam_22 11116 4 1
cam_22 10957 2 1
cam_22 10899 2 1
cam_22 10921 2 1
cam_22 958 2 1
cam_22 11148 1 1
cam_22 11080 2 1
cam_22 11157 2 1
cam_22 11157 2 1
cam_22 940 2 1
cam_22 11185 4 2
cam_22 11160 1 3
cam_22 11227 2 1
cam_22 11479 2 1
cam_22 11316 5 1
cam_22 11313 2 1
cam_22 11304 2 1
cam_22 11324 2 1
cam_22 936 2 1
cam_22 11347 2 1
cam_22 11353 2 1
cam_22 11362 2 1
cam_22 11374 2 1
cam_22 11367 2 1
cam_22 11478 2 1
cam_22 11472 2 4
cam_22 11472 2 1
cam_22 175 2 1
cam_22 11439 2 1
cam_22 11581 2 1
cam_22 11544 2 1
cam_22 11671 2 1
cam_22 11740 2 1
cam_22 11775 5 2
cam_22 11746 2 1
cam_22 11734 2 1
cam_22 11758 2 1
cam_22 11785 2 1
cam_22 11799 2 1
cam_22 11862 5 2
cam_22 996 2 1
cam_22 11925 2 1
cam_22 11929 2 1
cam_22 12028 2 1
cam_22 11997 2 1
cam_22 1024 2 1
cam_22 12291 2 1
cam_22 12189 2 1
cam_22 12235 2 1
cam_22 12247 2 1
cam_22 12295 2 1
cam_22 12291 2 1
cam_22 12403 2 1
cam_22 12433 5 2
cam_22 12459 2 2
cam_22 12649 2 1
cam_22 12558 2 1
cam_22 12565 2 1
cam_22 12574 2 1
cam_22 135 5 1
cam_22 12604 2 1
cam_22 1062 2 1
cam_22 12700 2 1
cam_22 12699 5 2
cam_22 12813 2 1
cam_22 12709 2 1
cam_22 12772 2 1
cam_22 13135 2 1
cam_22 12799 2 1
cam_22 12885 2 1
cam_22 1086 2 1
cam_22 12870 2 1
cam_22 1099 2 1
cam_22 12975 2 1
cam_22 12984 2 1
cam_22 13002 2 1
cam_22 13015 2 1
cam_22 13033 2 1
cam_22 13147 2 1
cam_22 13030 2 1
cam_22 13042 2 1
cam_22 13048 2 1
cam_22 13105 2 1
cam_22 13081 2 1
cam_22 13105 2 1
cam_22 13146 2 2
cam_22 1126 2 1
cam_22 13278 2 1
cam_22 13298 2 1
cam_22 13345 2 1
cam_22 13330 2 1
cam_22 13362 2 2
cam_22 13393 2 2
cam_22 13374 2 1
cam_22 13402 2 1
cam_22 13456 2 1
cam_22 1135 2 2
cam_22 1149 2 2
cam_22 1164 2 3
cam_22 1173 2 1
cam_22 1171 2 1
cam_22 1263 2 1
cam_22 1227 2 1
cam_22 124 2 1
cam_22 1317 5 1
cam_22 1336 2 1
cam_22 210 2 1
cam_22 1410 2 1
cam_22 1380 2 1
cam_22 1512 2 1
cam_22 1473 2 1
cam_22 1576 2 1
cam_22 1576 2 1
cam_22 1687 2 1
cam_22 160 2 1
cam_22 1612 5 1
cam_22 1701 5 1
cam_22 1716 2 1
cam_22 1716 2 1
cam_22 1839 2 1
cam_22 189 2 1
cam_22 1893 2 1
cam_22 1746 2 1
cam_22 1798 2 1
cam_22 1777 2 1
cam_22 1846 2 1
cam_22 1819 2 1
cam_22 1857 2 1
cam_22 1929 2 1
cam_22 1930 2 1
cam_22 2026 2 1
cam_22 2008 2 1
cam_22 2044 2 1
cam_22 2061 5 1
cam_22 2068 2 1
cam_22 2163 2 1
cam_22 221 2 1
cam_22 2200 2 1
cam_22 2241 2 1
cam_22 2266 2 1
cam_22 2277 2 1
cam_22 2301 2 1
cam_22 2274 2 1
cam_22 2311 2 1
