cam_05 6049 2 1
cam_05 6043 2 2
cam_05 6027 2 1
cam_05 6103 2 1
cam_05 6159 2 1
cam_05 6186 2 1
cam_05 6234 2 1
cam_05 6244 1 2
cam_05 6333 2 1
cam_05 6360 2 1
cam_05 6526 2 1
cam_05 6487 2 1
cam_05 6516 2 1
cam_05 6570 2 4
cam_05 6540 2 4
cam_05 6573 2 2
cam_05 6567 2 1
cam_05 6576 2 1
cam_05 6688 2 1
cam_05 6598 2 1
cam_05 6595 2 1
cam_05 6582 2 1
cam_05 6571 2 1
cam_05 6594 2 1
cam_05 6621 2 1
cam_05 6633 2 1
cam_05 6600 2 1
cam_05 303 2 1
cam_05 6627 2 1
cam_05 6667 2 1
cam_05 6681 2 1
cam_05 6681 2 1
cam_05 6666 2 1
cam_05 6775 2 2
cam_05 6738 2 1
cam_05 360 1 2
cam_05 6786 2 1
cam_05 6763 2 1
cam_05 6793 2 1
cam_05 6817 2 1
cam_05 6801 1 2
cam_05 6825 2 1
cam_05 6904 2 1
cam_05 6925 2 1
cam_05 6951 2 1
cam_05 373 2 1
cam_05 7044 2 1
cam_05 7021 2 1
cam_05 7066 2 1
cam_05 7102 2 1
cam_05 7116 2 1
cam_05 7152 2 1
cam_05 397 2 1
cam_05 7186 2 1
cam_05 7246 2 1
cam_05 7204 2 1
cam_05 7218 2 1
cam_05 411 2 1
cam_05 7270 2 1
cam_05 7285 2 1
cam_05 460 2 1
cam_05 511 2 1
cam_05 7401 2 1
cam_05 7567 2 1
cam_05 7579 1 2
cam_05 7701 2 1
cam_05 7639 2 1
cam_05 7864 2 4
cam_05 7879 2 1
cam_05 7894 2 1
cam_05 7903 2 1
cam_05 92 2 1
cam_05 7921 2 1
cam_05 7920 2 1
cam_05 7968 2 1
cam_05 8001 2 1
cam_05 8004 2 1
cam_05 8103 2 1
cam_05 8119 2 1
cam_05 8154 2 1
cam_05 8251 2 4
cam_05 8194 2 1
cam_05 8209 1 1
cam_05 8196 2 1
cam_05 8223 2 1
cam_05 8245 2 2
cam_05 8293 2 1
cam_05 8310 2 1
cam_05 8355 2 1
cam_05 8328 2 1
cam_05 8355 2 1
cam_05 8434 2 1
cam_05 8400 1 1
cam_05 766 2 1
cam_05 8451 2 1
cam_05 8437 2 1
cam_05 8469 2 1
cam_05 8482 2 1
cam_05 8457 2 1
cam_05 8464 2 1
cam_05 8565 2 4
cam_05 8594 2 1
cam_05 8625 2 1
cam_05 8661 1 1
cam_05 8680 2 1
cam_05 8733 2 1
cam_05 8718 2 1
cam_05 8700 2 1
cam_05 8731 1 1
cam_05 8797 2 1
cam_05 8808 2 1
cam_05 8838 2 1
cam_05 8903 2 1
cam_05 8955 2 1
cam_05 8950 2 1
cam_05 723 2 4
cam_05 9003 2 1
cam_05 9015 2 1
cam_05 9035 2 2
cam_05 9055 2 1
cam_05 9178 2 1
cam_05 9145 2 1
cam_05 9135 2 4
cam_05 733 2 1
cam_05 9153 2 2
cam_05 9145 2 1
cam_05 9168 2 1
cam_05 9187 2 1
cam_05 9244 2 1
cam_05 9277 2 1
cam_05 9453 1 4
cam_05 9465 1 2
cam_05 9466 1 1
cam_05 9496 1 2
cam_05 9513 2 1
cam_05 717 2 1
cam_05 9540 2 1
cam_05 9577 2 1
cam_05 9555 2 1
cam_05 9606 2 1
cam_05 9649 2 1
cam_05 9630 2 1
cam_05 9667 2 1
cam_05 9661 1 1
cam_05 9736 1 1
cam_05 9820 2 1
cam_05 9840 2 1
cam_05 9886 1 1
cam_05 9879 2 1
cam_05 9910 2 1
cam_05 709 2 1
cam_05 10080 2 1
cam_05 10125 1 2
cam_05 10141 1 2
cam_05 10194 2 4
cam_05 10290 1 1
cam_05 741 2 1
cam_05 760 2 1
cam_05 10414 2 1
cam_05 10390 2 1
cam_05 10461 1 1
cam_05 10450 2 1
cam_05 10474 2 1
cam_05 10483 1 2
cam_05 10507 2 1
cam_05 10560 2 1
cam_05 10684 2 1
cam_05 10681 1 2
cam_05 10752 2 1
cam_05 10794 2 1
cam_05 10951 2 1
cam_05 751 2 1
cam_05 10936 2 1
cam_05 10932 2 1
cam_05 11082 2 1
cam_05 11110 2 1
cam_05 751 1 1
cam_05 11116 2 1
cam_05 11239 2 1
cam_05 11370 1 4
cam_05 11398 2 1
cam_05 11385 2 1
cam_05 11439 2 1
cam_05 11491 2 1
cam_05 775 2 1
cam_05 11563 2 1
cam_05 11571 1 2
cam_05 11644 2 1
cam_05 11680 1 1
cam_05 11721 2 1
cam_05 11905 2 1
cam_05 11794 2 1
cam_05 12033 2 4
cam_05 11985 2 4
cam_05 12054 2 1
cam_05 12009 2 2
cam_05 12040 2 2
cam_05 12024 2 2
cam_05 12042 1 1
cam_05 12028 2 4
cam_05 12070 2 4
cam_05 12082 2 2
cam_05 12079 2 1
cam_05 12079 2 1
cam_05 12076 2 1
cam_05 12096 2 1
cam_05 12126 2 4
cam_05 12154 2 1
cam_05 12198 2 1
cam_05 12187 2 1
cam_05 12221 2 1
cam_05 12244 2 1
cam_05 12270 2 1
cam_05 12316 1 1
cam_05 12342 2 1
cam_05 12307 2 1
cam_05 12336 2 1
cam_05 12426 2 1
cam_05 12484 2 1
cam_05 12624 2 4
cam_05 12646 2 2
cam_05 12636 2 1
cam_05 12648 2 1
cam_05 12681 2 1
cam_05 12642 2 1
cam_05 12726 2 4
cam_05 12763 2 1
cam_05 12754 2 1
cam_05 12780 2 1
cam_05 12967 1 4
cam_05 13068 2 1
cam_05 13081 2 1
cam_05 13098 2 1
cam_05 13146 2 1
cam_05 13179 2 1
cam_05 13242 2 4
cam_05 13246 1 1
cam_05 13261 1 1
cam_05 13294 2 1
cam_05 1012 2 1
cam_05 1054 2 1
cam_05 1063 2 1
cam_05 1027 2 1
cam_05 1149 2 1
cam_05 1182 2 1
cam_05 1159 2 1
cam_05 93 1 1
cam_05 1330 2 1
cam_05 1327 2 1
cam_05 1413 1 4
cam_05 1462 2 1
cam_05 1447 2 1
cam_05 1473 2 1
cam_05 1489 2 1
cam_05 1495 2 1
cam_05 1519 2 1
cam_05 1567 2 1
cam_05 1597 2 1
cam_05 1674 2 1
cam_05 1681 2 1
cam_05 1726 2 1
cam_05 1944 2 1
cam_05 1945 2 1
cam_05 1981 2 1
cam_05 2055 2 1
cam_05 2046 1 1
cam_05 2068 1 1
cam_05 2055 2 1
cam_05 2124 2 2
cam_05 2223 1 4
cam_05 2301 2 1
cam_05 2308 2 1
cam_05 2340 2 1
cam_05 2343 2 1
cam_05 2319 2 1
cam_05 2383 2 1
cam_05 2388 2 1
cam_05 2403 2 1
cam_05 2401 2 1
cam_05 2380 2 1
cam_05 2469 2 1
cam_05 2458 2 1
cam_05 2470 2 1
cam_05 2496 2 1
cam_05 2520 1 1
cam_05 2532 2 1
cam_05 2572 2 1
cam_05 112 2 2
cam_05 2583 2 1
cam_05 2598 2 1
cam_05 2845 2 1
cam_05 2791 2 1
cam_05 2763 1 1
cam_05 2770 1 1
cam_05 2799 2 1
cam_05 2797 2 1
cam_05 2823 2 1
cam_05 247 2 1
cam_05 2842 2 1
cam_05 3088 2 2
cam_05 3076 2 1
cam_05 3099 2 2
cam_05 3093 2 1
cam_05 3088 2 1
cam_05 3124 2 2
cam_05 3133 1 4
cam_05 157 2 1
cam_05 3267 2 1
cam_05 187 2 1
cam_05 3178 1 1
cam_05 3255 2 1
cam_05 3261 2 1
cam_05 3279 2 1
cam_05 3526 2 1
cam_05 3459 2 1
cam_05 3480 2 1
cam_05 3505 1 2
cam_05 3537 1 2
cam_05 3564 2 2
cam_05 220 2 1
cam_05 3577 2 1
cam_05 3717 2 1
cam_05 3697 2 1
cam_05 3721 2 1
cam_05 3723 2 1
cam_05 3795 2 1
cam_05 3867 2 1
cam_05 238 2 1
cam_05 3930 2 1
cam_05 3930 1 1
cam_05 4005 2 1
cam_05 4024 2 1
cam_05 4032 1 1
cam_05 4339 2 1
cam_05 214 2 1
cam_05 4131 2 1
cam_05 4218 2 1
cam_05 4287 2 1
cam_05 4217 2 1
cam_05 4229 2 1
cam_05 4237 2 1
cam_05 4261 2 2
cam_05 4321 2 1
cam_05 276 2 1
cam_05 4374 2 1
cam_05 4411 2 1
cam_05 4441 2 1
cam_05 237 2 1
cam_05 4617 2 1
cam_05 4710 2 1
cam_05 4713 1 4
cam_05 4803 1 1
cam_05 4818 2 1
cam_05 4843 2 1
cam_05 4857 2 1
cam_05 4909 1 1
cam_05 4941 1 1
cam_05 271 2 1
cam_05 5004 2 1
cam_05 5028 2 1
cam_05 5044 2 1
cam_05 5098 1 1
cam_05 5107 2 1
cam_05 282 2 1
cam_05 5268 2 1
cam_05 5242 1 2
cam_05 5287 2 1
cam_05 274 2 1
cam_05 5325 2 1
cam_05 5374 1 1
cam_05 5339 2 2
cam_05 5361 2 2
cam_05 5394 2 1
cam_05 5461 2 1
cam_05 5604 1 1
cam_05 5647 2 1
cam_05 5887 1 4
cam_05 5887 2 4
cam_05 5940 2 4
cam_05 5953 2 2
cam_05 5955 2 4
cam_05 5962 2 1
cam_05 5962 2 1
cam_05 5959 2 1
cam_05 5950 2 1
cam_05 5959 2 1
cam_05 5986 2 1
cam_05 5995 2 1
cam_05 5976 2 1
cam_05 5973 2 1
cam_05 6010 2 1
cam_05 5989 2 1
cam_05 6000 2 1
cam_05 6003 2 1
