cam_02 331 2 2
cam_02 2586 2 1
cam_02 2647 2 1
cam_02 249 2 4
cam_02 2679 2 2
cam_02 2773 2 2
cam_02 2758 2 2
cam_02 2772 2 2
cam_02 2883 2 2
cam_02 2955 2 2
cam_02 2778 2 2
cam_02 463 2 4
cam_02 2740 1 1
cam_02 2773 2 1
cam_02 2908 2 2
cam_02 2809 1 2
cam_02 2830 2 2
cam_02 531 2 4
cam_02 2944 2 2
cam_02 2800 1 4
cam_02 2947 2 3
cam_02 2770 2 1
cam_02 2896 1 4
cam_02 2764 2 1
cam_02 2895 2 2
cam_02 2970 2 2
cam_02 2817 1 1
cam_02 3094 2 3
cam_02 2878 1 1
cam_02 2922 2 4
cam_02 3132 2 3
cam_02 2962 2 1
cam_02 3195 2 4
cam_02 3147 2 2
cam_02 310 2 1
cam_02 2992 2 1
cam_02 345 2 4
cam_02 2961 2 1
cam_02 3009 2 1
cam_02 3324 2 2
cam_02 3115 2 2
cam_02 3195 2 2
cam_02 3052 2 1
cam_02 2998 2 1
cam_02 3132 2 2
cam_02 3202 2 2
cam_02 3172 1 4
cam_02 3117 1 2
cam_02 3373 2 2
cam_02 3069 1 1
cam_02 3150 2 2
cam_02 3321 2 3
cam_02 3336 2 2
cam_02 439 2 4
cam_02 3141 2 2
cam_02 393 2 3
cam_02 3136 2 2
cam_02 3127 2 1
cam_02 490 2 4
cam_02 3432 2 2
cam_02 3250 1 1
cam_02 3195 1 4
cam_02 3394 2 2
cam_02 531 2 4
cam_02 3364 2 2
cam_02 3286 1 1
cam_02 3352 2 1
cam_02 3363 1 4
cam_02 3297 1 1
cam_02 3360 1 1
cam_02 3357 1 3
cam_02 3508 1 4
cam_02 3407 2 3
cam_02 3490 2 4
cam_02 3594 2 2
cam_02 3361 1 3
cam_02 3433 2 1
cam_02 3388 1 4
cam_02 3373 2 1
cam_02 621 2 2
cam_02 3396 1 1
cam_02 3538 2 2
cam_02 3408 2 1
cam_02 3475 1 1
cam_02 3597 2 2
cam_02 3513 2 1
cam_02 475 1 1
cam_02 3508 1 1
cam_02 3735 2 2
cam_02 3640 2 2
cam_02 3579 2 1
cam_02 3522 1 1
cam_02 3645 1 4
cam_02 3700 2 2
cam_02 3930 2 3
cam_02 3858 2 3
cam_02 3691 2 2
cam_02 3931 2 2
cam_02 3694 1 1
cam_02 4033 2 2
cam_02 3865 1 1
cam_02 4069 2 2
cam_02 4014 2 2
cam_02 3988 2 2
cam_02 3901 1 1
cam_02 3934 1 1
cam_02 3951 1 1
cam_02 12 2 1
cam_02 4096 2 4
cam_02 4146 2 4
cam_02 4223 2 3
cam_02 4066 1 1
cam_02 4141 2 1
cam_02 4123 1 2
cam_02 4281 2 2
cam_02 4111 2 4
cam_02 4174 1 1
cam_02 4168 1 1
cam_02 4171 1 1
cam_02 4194 1 1
cam_02 564 2 2
cam_02 4158 1 1
cam_02 4186 1 1
cam_02 720 2 3
cam_02 4287 2 1
cam_02 4352 1 2
cam_02 486 1 1
cam_02 4324 2 1
cam_02 4306 1 1
cam_02 4284 2 1
cam_02 4374 2 1
cam_02 4327 2 1
cam_02 24 2 1
cam_02 4458 2 3
cam_02 502 2 1
cam_02 4363 2 1
cam_02 4491 2 2
cam_02 4566 2 3
cam_02 4392 2 1
cam_02 453 2 2
cam_02 4431 2 1
cam_02 4477 2 1
cam_02 4630 2 2
cam_02 4440 1 1
cam_02 4462 2 1
cam_02 4513 1 1
cam_02 4539 1 1
cam_02 4597 1 2
cam_02 4581 1 2
cam_02 4647 2 1
cam_02 4696 2 4
cam_02 4944 2 4
cam_02 4654 2 1
cam_02 4732 2 1
cam_02 4878 2 2
cam_02 837 2 4
cam_02 4725 1 1
cam_02 4926 2 2
cam_02 4801 1 2
cam_02 4764 1 1
cam_02 5025 2 2
cam_02 4741 2 1
cam_02 4803 2 1
cam_02 4801 1 1
cam_02 4969 2 2
cam_02 4771 1 1
cam_02 4971 2 2
cam_02 5014 2 2
cam_02 5005 2 2
cam_02 5070 2 3
cam_02 4932 1 1
cam_02 4944 2 2
cam_02 4897 2 2
cam_02 5109 2 2
cam_02 5097 2 2
cam_02 5058 2 2
cam_02 5083 2 2
cam_02 5209 2 2
cam_02 601 2 2
cam_02 5223 2 3
cam_02 5035 1 1
cam_02 5043 2 1
cam_02 5094 2 1
cam_02 5082 2 1
cam_02 5088 2 1
cam_02 5146 2 1
cam_02 5079 1 1
cam_02 5248 2 2
cam_02 5106 1 1
cam_02 5128 1 1
cam_02 5109 1 1
cam_02 5155 1 2
cam_02 5278 2 4
cam_02 5221 2 1
cam_02 5392 2 4
cam_02 129 2 2
cam_02 5208 2 1
cam_02 5265 2 1
cam_02 5184 1 3
cam_02 5200 1 4
cam_02 5224 1 1
cam_02 5314 2 1
cam_02 5455 2 2
cam_02 5314 2 1
cam_02 5479 2 2
cam_02 5508 2 3
cam_02 678 2 2
cam_02 5625 2 2
cam_02 5365 1 1
cam_02 5383 1 3
cam_02 5511 2 2
cam_02 5400 2 2
cam_02 5532 2 2
cam_02 5394 1 1
cam_02 5494 2 2
cam_02 5515 2 1
cam_02 5505 1 1
cam_02 5515 2 2
cam_02 5443 1 1
cam_02 5436 1 1
cam_02 5724 2 3
cam_02 5638 2 3
cam_02 5554 2 3
cam_02 5506 2 1
cam_02 585 2 1
cam_02 5647 2 3
cam_02 5545 2 3
cam_02 5556 2 1
cam_02 5515 1 1
cam_02 5578 2 2
cam_02 760 2 2
cam_02 5812 2 2
cam_02 5760 2 2
cam_02 5596 2 3
cam_02 5809 2 2
cam_02 5644 2 1
cam_02 5800 2 2
cam_02 5836 2 3
cam_02 5845 2 4
cam_02 5946 2 2
cam_02 5707 2 1
cam_02 5752 2 1
cam_02 6105 2 2
cam_02 5782 2 2
cam_02 5793 1 2
cam_02 5781 1 1
cam_02 5814 2 1
cam_02 5809 1 2
cam_02 5793 1 1
cam_02 5994 2 4
cam_02 5781 2 1
cam_02 765 2 2
cam_02 5842 2 1
cam_02 6189 2 2
cam_02 5988 2 2
cam_02 6045 2 1
cam_02 5971 1 2
cam_02 6034 2 3
cam_02 6133 2 2
cam_02 5988 2 1
cam_02 6028 2 1
cam_02 6051 1 1
cam_02 6064 1 1
cam_02 6111 2 1
cam_02 6103 1 1
cam_02 6034 2 1
cam_02 6040 2 3
cam_02 6115 1 2
cam_02 6285 2 2
cam_02 6316 2 2
cam_02 6306 2 2
cam_02 785 2 2
cam_02 6340 2 2
cam_02 6547 2 2
cam_02 6276 2 2
cam_02 6292 2 1
cam_02 6402 1 4
cam_02 6271 2 2
cam_02 6349 2 2
cam_02 6409 2 3
cam_02 666 1 1
cam_02 6286 1 1
cam_02 6444 2 2
cam_02 6441 2 2
cam_02 6459 2 2
cam_02 6562 2 2
cam_02 595 2 1
cam_02 6651 2 3
cam_02 6514 2 1
cam_02 6685 2 2
cam_02 94 2 1
cam_02 6681 2 2
cam_02 6682 2 2
cam_02 6624 2 2
cam_02 6609 1 1
cam_02 774 2 2
cam_02 6582 2 1
cam_02 6792 2 4
cam_02 6648 2 1
cam_02 6637 1 1
cam_02 6666 1 1
cam_02 6624 2 1
cam_02 6742 2 4
cam_02 6627 2 1
cam_02 6631 2 1
cam_02 6658 2 1
cam_02 6876 2 2
cam_02 6730 2 2
cam_02 6993 2 3
cam_02 6819 2 1
cam_02 6777 1 2
cam_02 6900 2 1
cam_02 6883 1 2
cam_02 682 2 1
cam_02 6951 2 1
cam_02 7048 2 4
cam_02 6939 1 1
cam_02 6942 1 1
cam_02 7254 2 2
cam_02 7098 1 1
cam_02 109 2 4
cam_02 7063 2 1
cam_02 7075 1 1
cam_02 7198 2 1
cam_02 7084 1 1
cam_02 7057 1 1
cam_02 7113 2 4
cam_02 7095 1 1
cam_02 7366 2 2
cam_02 7399 2 2
cam_02 7390 2 3
cam_02 7350 2 2
cam_02 7312 2 2
cam_02 7230 2 1
cam_02 7368 2 3
cam_02 7248 2 1
cam_02 7620 2 4
cam_02 7455 2 2
cam_02 7411 1 1
cam_02 841 2 2
cam_02 7324 1 1
cam_02 7516 2 2
cam_02 7407 2 1
cam_02 7404 1 1
cam_02 7389 2 1
cam_02 7410 1 4
cam_02 7651 2 3
cam_02 7414 1 2
cam_02 7422 1 3
cam_02 7446 1 2
cam_02 7510 1 2
cam_02 7600 2 4
cam_02 825 2 4
cam_02 7519 2 1
cam_02 7500 1 4
cam_02 814 1 1
cam_02 7573 2 2
cam_02 7593 2 1
cam_02 7515 1 1
cam_02 7500 1 1
cam_02 7642 2 4
cam_02 7500 1 4
cam_02 733 1 1
cam_02 7522 2 2
cam_02 7549 2 1
cam_02 7776 2 3
cam_02 7699 1 4
cam_02 7587 1 2
cam_02 7641 2 1
cam_02 7836 2 2
cam_02 7647 1 2
cam_02 7698 2 2
cam_02 7894 2 3
cam_02 7765 2 2
cam_02 7753 1 1
cam_02 7884 2 2
cam_02 7965 2 4
cam_02 7768 1 1
cam_02 7767 1 1
cam_02 7851 2 1
cam_02 7852 1 1
cam_02 7905 2 1
cam_02 8067 2 2
cam_02 7939 2 1
cam_02 8085 2 2
cam_02 8122 2 2
cam_02 8005 2 1
cam_02 8115 2 2
cam_02 729 2 1
cam_02 8061 2 1
cam_02 8038 2 4
cam_02 8257 2 3
cam_02 8095 2 2
cam_02 8058 1 1
cam_02 8251 2 3
cam_02 8089 2 3
cam_02 8331 2 3
cam_02 8170 2 4
cam_02 8371 2 3
cam_02 8250 2 2
cam_02 8394 2 4
cam_02 8251 2 2
cam_02 8250 1 1
cam_02 8235 2 3
cam_02 8251 1 1
cam_02 8286 2 1
cam_02 8241 1 1
cam_02 8587 2 3
cam_02 8457 2 2
cam_02 8268 1 1
cam_02 8332 2 1
cam_02 8418 2 2
cam_02 8332 1 2
cam_02 8727 2 4
cam_02 8586 2 3
cam_02 772 2 1
cam_02 8760 2 2
cam_02 8568 2 2
cam_02 8440 1 2
cam_02 8809 2 2
cam_02 8698 2 2
cam_02 760 1 1
cam_02 8515 1 1
cam_02 8656 2 2
cam_02 8644 2 2
cam_02 718 1 1
cam_02 8587 1 4
cam_02 8530 1 2
cam_02 8571 2 1
cam_02 8521 1 1
cam_02 8718 2 4
cam_02 8575 2 1
cam_02 8605 2 1
cam_02 8597 2 1
cam_02 8898 2 2
cam_02 8740 2 3
cam_02 8739 2 1
cam_02 8725 2 1
cam_02 9037 2 4
cam_02 8809 2 2
cam_02 8818 2 4
cam_02 289 2 2
cam_02 774 1 3
cam_02 8716 2 1
cam_02 8746 2 1
cam_02 8790 2 1
cam_02 8808 2 3
cam_02 8809 2 3
cam_02 9072 2 4
cam_02 9103 2 3
cam_02 8850 1 1
cam_02 8860 1 2
cam_02 771 1 1
cam_02 8995 2 1
cam_02 9148 2 2
cam_02 726 2 4
cam_02 8938 2 1
cam_02 9141 2 3
cam_02 8962 1 1
cam_02 9100 2 2
cam_02 8979 2 1
cam_02 8967 1 1
cam_02 9013 2 1
cam_02 9141 2 2
cam_02 9030 2 1
cam_02 9211 2 2
cam_02 9025 2 1
cam_02 9136 2 3
cam_02 9138 1 4
cam_02 9369 2 3
cam_02 9121 2 1
cam_02 9397 2 2
cam_02 9358 2 3
cam_02 897 2 4
cam_02 9511 2 2
cam_02 9153 1 4
cam_02 9184 1 1
cam_02 9316 2 1
cam_02 9378 2 2
cam_02 9184 2 3
cam_02 9363 2 3
cam_02 9246 1 2
cam_02 9243 1 2
cam_02 9507 2 3
cam_02 9364 2 1
cam_02 9433 2 1
cam_02 9418 2 4
cam_02 9690 2 4
cam_02 9489 2 1
cam_02 9553 2 1
cam_02 9552 2 1
cam_02 9595 2 4
cam_02 9556 2 1
cam_02 9552 2 1
cam_02 9685 2 2
cam_02 9609 2 1
cam_02 9573 1 1
cam_02 9580 1 1
cam_02 9936 2 3
cam_02 9624 1 2
cam_02 9930 2 4
cam_02 9673 2 1
cam_02 748 2 4
cam_02 9661 1 2
cam_02 9718 2 1
cam_02 9913 2 3
cam_02 9888 2 2
cam_02 9808 2 1
cam_02 9906 2 4
cam_02 9832 2 1
cam_02 9898 2 3
cam_02 9852 2 3
cam_02 10066 2 4
cam_02 9874 2 1
cam_02 10014 2 3
cam_02 10146 2 4
cam_02 9871 1 1
cam_02 991 2 2
cam_02 9907 1 1
cam_02 9972 1 4
cam_02 9948 1 2
cam_02 10033 1 4
cam_02 10123 2 2
cam_02 10279 2 2
cam_02 9984 1 1
cam_02 10054 2 1
cam_02 9979 1 2
cam_02 10023 1 2
cam_02 10158 2 2
cam_02 10041 1 1
cam_02 10135 2 4
cam_02 795 2 1
cam_02 10092 1 1
cam_02 10107 1 1
cam_02 10107 1 1
cam_02 10297 2 3
cam_02 10132 1 3
cam_02 10174 1 3
cam_02 10114 1 1
cam_02 850 2 2
cam_02 10143 2 4
cam_02 768 2 4
cam_02 10165 2 4
cam_02 10141 1 4
cam_02 10144 2 4
cam_02 10396 2 4
cam_02 10207 1 1
cam_02 10182 1 4
cam_02 840 1 1
cam_02 10261 1 1
cam_02 10248 2 1
cam_02 957 2 3
cam_02 10306 2 4
cam_02 10513 2 2
cam_02 10356 2 1
cam_02 10333 2 1
cam_02 10444 2 1
cam_02 10327 2 3
cam_02 10393 2 1
cam_02 10440 1 4
cam_02 952 2 2
cam_02 10437 2 2
cam_02 10575 2 2
cam_02 10479 2 2
cam_02 10596 2 2
cam_02 10489 1 4
cam_02 10473 2 3
cam_02 868 2 1
cam_02 10516 1 2
cam_02 10737 2 3
cam_02 10551 1 1
cam_02 10843 2 4
cam_02 10540 1 2
cam_02 10701 2 4
cam_02 10599 1 1
cam_02 10716 2 2
cam_02 10782 2 2
cam_02 10593 2 1
cam_02 10630 1 1
cam_02 10872 2 2
cam_02 10716 1 4
cam_02 10757 2 1
cam_02 1104 2 1
cam_02 10878 2 1
cam_02 238 2 3
cam_02 10770 1 1
cam_02 10782 1 1
cam_02 10927 2 2
cam_02 10812 1 1
cam_02 1087 2 4
cam_02 10834 2 1
cam_02 10848 2 1
cam_02 10830 1 1
cam_02 10843 2 1
cam_02 11124 2 2
cam_02 10900 2 3
cam_02 11070 2 3
cam_02 922 2 1
cam_02 11103 2 2
cam_02 10974 2 1
cam_02 10995 1 2
cam_02 11337 2 2
cam_02 10957 1 1
cam_02 10963 1 4
cam_02 10977 1 1
cam_02 10972 2 1
cam_02 11004 1 1
cam_02 10990 1 2
cam_02 11011 1 1
cam_02 11154 2 2
cam_02 11148 2 3
cam_02 11182 2 4
cam_02 11097 2 4
cam_02 11205 2 2
cam_02 11338 2 3
cam_02 11286 2 3
cam_02 11367 2 2
cam_02 11191 2 4
cam_02 11269 2 3
cam_02 11218 2 4
cam_02 11287 1 2
cam_02 11475 2 4
cam_02 11245 2 3
cam_02 11452 2 3
cam_02 11320 2 3
cam_02 11517 2 2
cam_02 11361 1 2
cam_02 11359 2 1
cam_02 11556 2 4
cam_02 972 1 2
cam_02 11380 2 2
cam_02 11470 2 1
cam_02 11611 2 1
cam_02 11655 2 2
cam_02 11821 2 2
cam_02 153 2 1
cam_02 1102 2 2
cam_02 11583 2 4
cam_02 11710 2 4
cam_02 11520 2 1
cam_02 11532 2 1
cam_02 11629 2 1
cam_02 11784 2 3
cam_02 11658 2 1
cam_02 11802 2 2
cam_02 1093 2 4
cam_02 11830 2 4
cam_02 11758 1 3
cam_02 11775 2 1
cam_02 11842 2 2
cam_02 11731 1 4
cam_02 11773 1 1
cam_02 11944 2 2
cam_02 11784 1 1
cam_02 11841 2 1
cam_02 12042 2 2
cam_02 11877 2 1
cam_02 11848 2 4
cam_02 11970 2 4
cam_02 11902 1 2
cam_02 12016 2 2
cam_02 12163 2 3
cam_02 12111 2 2
cam_02 12219 2 2
cam_02 11974 1 1
cam_02 12250 2 3
cam_02 12046 2 2
cam_02 12291 2 2
cam_02 12243 2 2
cam_02 12202 2 2
cam_02 937 2 3
cam_02 12187 2 1
cam_02 12111 1 2
cam_02 12286 2 2
cam_02 12406 2 3
cam_02 12202 1 4
cam_02 12276 2 2
cam_02 12129 2 3
cam_02 12325 2 2
cam_02 12210 2 1
cam_02 12222 2 1
cam_02 937 2 1
cam_02 12406 2 4
cam_02 12453 2 4
cam_02 978 2 1
cam_02 12268 1 1
cam_02 12522 2 2
cam_02 12573 2 1
cam_02 12363 2 1
cam_02 12342 1 1
cam_02 12535 2 2
cam_02 12430 2 1
cam_02 12546 2 2
cam_02 1182 2 2
cam_02 12727 2 2
cam_02 12618 2 2
cam_02 12595 2 3
cam_02 12762 2 3
cam_02 938 2 1
cam_02 12784 1 1
cam_02 12835 2 2
cam_02 12858 2 2
cam_02 12816 2 2
cam_02 12729 1 1
cam_02 12982 2 2
cam_02 12810 2 1
cam_02 12847 2 1
cam_02 12838 1 1
cam_02 12807 2 1
cam_02 12979 2 2
cam_02 13036 2 4
cam_02 12865 1 1
cam_02 12954 2 2
cam_02 12865 1 1
cam_02 12892 1 1
cam_02 13032 2 4
cam_02 13045 2 2
cam_02 1006 2 1
cam_02 13191 2 2
cam_02 12970 2 1
cam_02 13113 2 2
cam_02 12993 2 1
cam_02 13018 1 2
cam_02 13177 2 2
cam_02 13198 2 2
cam_02 13035 2 1
cam_02 13050 1 1
cam_02 13213 2 2
cam_02 13038 2 1
cam_02 13042 2 1
cam_02 13239 2 4
cam_02 13084 2 1
cam_02 13203 2 1
cam_02 13375 2 2
cam_02 13104 1 1
cam_02 13155 1 1
cam_02 13405 2 2
cam_02 1024 2 1
cam_02 13413 2 2
cam_02 13461 2 2
cam_02 13165 2 1
cam_02 13200 2 4
cam_02 13185 2 1
cam_02 13221 2 1
cam_02 13384 2 4
cam_02 13500 2 2
cam_02 13227 2 2
cam_02 13243 2 1
cam_02 13215 2 4
cam_02 13303 2 1
cam_02 13266 2 2
cam_02 13269 2 4
cam_02 13500 2 2
cam_02 13500 2 2
cam_02 13441 2 2
cam_02 13338 1 2
cam_02 13482 1 2
cam_02 13441 1 1
cam_02 13431 1 1
cam_02 13462 2 4
cam_02 1263 2 2
cam_02 13500 1 3
cam_02 13500 2 4
cam_02 13500 2 4
cam_02 13488 1 2
cam_02 13500 1 1
cam_02 1048 2 3
cam_02 1473 1 2
cam_02 1072 1 1
cam_02 49 1 1
cam_02 1057 2 1
cam_02 1053 2 3
cam_02 1299 2 2
cam_02 232 2 1
cam_02 1444 2 4
cam_02 1368 2 2
cam_02 1335 2 2
cam_02 1153 1 2
cam_02 1395 2 2
cam_02 1336 2 2
cam_02 1273 2 2
cam_02 1498 2 2
cam_02 1356 2 2
cam_02 1564 2 2
cam_02 1294 2 4
cam_02 1546 2 2
cam_02 9 1 1
cam_02 1443 1 4
cam_02 1591 2 4
cam_02 1389 1 1
cam_02 1366 2 1
cam_02 1365 2 1
cam_02 1421 2 1
cam_02 1386 2 1
cam_02 1506 2 1
cam_02 1537 2 2
cam_02 1488 1 1
cam_02 1605 2 2
cam_02 199 2 1
cam_02 1644 1 4
cam_02 1569 2 1
cam_02 1597 2 1
cam_02 1726 2 4
cam_02 1570 1 1
cam_02 1528 2 1
cam_02 1503 2 1
cam_02 1666 2 2
cam_02 1551 2 1
cam_02 300 2 4
cam_02 1804 2 2
cam_02 1665 1 1
cam_02 1620 2 2
cam_02 1650 2 1
cam_02 1792 1 4
cam_02 1719 2 2
cam_02 1969 2 3
cam_02 379 2 3
cam_02 1641 2 1
cam_02 1948 2 3
cam_02 1990 2 2
cam_02 1968 2 2
cam_02 1747 1 2
cam_02 1872 2 2
cam_02 1891 2 2
cam_02 246 2 1
cam_02 1883 2 3
cam_02 1810 2 2
cam_02 1816 1 1
cam_02 1806 1 1
cam_02 2056 2 3
cam_02 1833 2 1
cam_02 1884 1 1
cam_02 1950 2 4
cam_02 1902 1 1
cam_02 1883 2 1
cam_02 262 2 1
cam_02 1887 2 3
cam_02 2040 2 3
cam_02 2172 2 3
cam_02 1902 2 4
cam_02 1951 1 1
cam_02 1968 2 1
cam_02 1995 1 1
cam_02 2116 2 3
cam_02 2086 2 2
cam_02 379 1 4
cam_02 2235 2 4
cam_02 2110 1 2
cam_02 285 2 2
cam_02 2002 2 1
cam_02 2209 2 3
cam_02 2056 2 1
cam_02 2226 2 4
cam_02 232 2 2
cam_02 2101 1 1
cam_02 2082 2 1
cam_02 2083 2 2
cam_02 2142 1 1
cam_02 2152 1 1
cam_02 2145 2 3
cam_02 2170 2 1
cam_02 2536 2 4
cam_02 2553 2 1
cam_02 2179 2 1
cam_02 2128 2 2
cam_02 2289 2 3
cam_02 2152 2 1
cam_02 2155 2 1
cam_02 2155 1 1
cam_02 2239 2 1
cam_02 2422 2 1
cam_02 2275 2 1
cam_02 2359 2 4
cam_02 2236 2 1
cam_02 2497 2 3
cam_02 2505 2 4
cam_02 2403 2 2
cam_02 255 2 4
cam_02 2592 2 2
cam_02 2296 1 1
cam_02 2322 1 1
cam_02 2305 1 1
cam_02 2419 1 4
cam_02 2377 2 1
cam_02 2553 2 2
cam_02 2401 2 1
cam_02 2401 2 2
cam_02 2388 2 4
cam_02 2431 2 1
cam_02 2553 2 4
cam_02 2442 1 2
cam_02 2401 2 4
cam_02 2605 2 2
cam_02 2578 2 3
cam_02 2520 1 1
cam_02 2797 2 2
cam_02 2589 2 1
cam_02 2695 2 3
cam_02 2538 1 1
cam_02 2833 2 4
