cam_08 61 2 1
cam_08 7416 2 1
cam_08 7414 1 1
cam_08 7420 1 1
cam_08 7423 1 1
cam_08 7431 1 1
cam_08 7432 1 1
cam_08 7429 2 1
cam_08 7446 1 1
cam_08 7414 2 2
cam_08 7471 1 1
cam_08 7429 1 1
cam_08 7459 1 1
cam_08 7459 2 2
cam_08 7452 1 1
cam_08 7464 2 1
cam_08 7461 1 1
cam_08 7477 1 1
cam_08 7489 1 1
cam_08 7572 1 1
cam_08 7600 1 1
cam_08 7509 1 1
cam_08 7584 1 1
cam_08 7479 1 1
cam_08 7495 1 1
cam_08 7534 2 2
cam_08 7518 2 1
cam_08 7516 2 1
cam_08 7549 1 1
cam_08 7516 2 1
cam_08 7524 2 1
cam_08 7540 1 1
cam_08 765 2 1
cam_08 7528 1 1
cam_08 7560 2 2
cam_08 7674 1 1
cam_08 7560 2 1
cam_08 7572 1 1
cam_08 7593 2 2
cam_08 7612 2 2
cam_08 73 1 1
cam_08 7648 1 1
cam_08 7762 2 1
cam_08 7641 2 1
cam_08 7632 1 1
cam_08 7632 2 1
cam_08 7680 2 1
cam_08 796 1 2
cam_08 7842 1 1
cam_08 7677 2 1
cam_08 7669 1 1
cam_08 781 1 1
cam_08 7681 2 1
cam_08 7684 1 1
cam_08 7705 1 1
cam_08 7680 1 1
cam_08 7680 2 1
cam_08 7693 1 1
cam_08 7692 2 1
cam_08 7702 2 1
cam_08 7710 1 1
cam_08 7698 1 1
cam_08 7702 1 1
cam_08 7693 1 1
cam_08 7720 1 1
cam_08 7717 1 1
cam_08 7752 1 2
cam_08 7728 1 4
cam_08 7740 1 1
cam_08 7765 1 2
cam_08 7761 1 1
cam_08 7758 2 1
cam_08 7765 2 1
cam_08 7789 1 1
cam_08 7794 2 1
cam_08 7788 2 1
cam_08 7810 2 1
cam_08 804 1 1
cam_08 7810 1 1
cam_08 7824 2 1
cam_08 7825 2 1
cam_08 7813 1 1
cam_08 7872 1 1
cam_08 808 1 1
cam_08 825 1 1
cam_08 7861 2 1
cam_08 8011 1 1
cam_08 814 1 1
cam_08 802 1 1
cam_08 8013 1 1
cam_08 7863 2 1
cam_08 7884 2 1
cam_08 7891 1 2
cam_08 7887 2 1
cam_08 7876 2 1
cam_08 7935 1 1
cam_08 7914 1 1
cam_08 7921 2 1
cam_08 7984 1 1
cam_08 7942 1 1
cam_08 7951 1 1
cam_08 7959 1 1
cam_08 7939 1 1
cam_08 7956 1 1
cam_08 814 1 1
cam_08 7933 2 1
cam_08 93 1 2
cam_08 7963 1 1
cam_08 7972 1 1
cam_08 7957 2 1
cam_08 8008 2 1
cam_08 7978 1 1
cam_08 7986 2 1
cam_08 7993 1 1
cam_08 7989 2 1
cam_08 8002 2 1
cam_08 8008 2 1
cam_08 8029 1 2
cam_08 8085 2 1
cam_08 8028 1 1
cam_08 8005 2 2
cam_08 8146 2 1
cam_08 8047 2 1
cam_08 8065 1 1
cam_08 8298 2 1
cam_08 8092 2 1
cam_08 8242 2 1
cam_08 8086 2 1
cam_08 8109 1 1
cam_08 8106 2 1
cam_08 8121 2 1
cam_08 8235 2 1
cam_08 8197 2 1
cam_08 8157 1 2
cam_08 8158 1 1
cam_08 8254 2 1
cam_08 8176 1 1
cam_08 8314 2 1
cam_08 8262 2 3
cam_08 8311 2 1
cam_08 8254 2 1
cam_08 814 2 1
cam_08 8310 2 1
cam_08 8253 2 4
cam_08 8287 2 4
cam_08 8292 2 4
cam_08 8335 1 1
cam_08 8332 2 2
cam_08 8317 1 1
cam_08 8361 2 4
cam_08 822 1 1
cam_08 8335 2 1
cam_08 8377 2 2
cam_08 8380 2 4
cam_08 8373 2 1
cam_08 8371 1 1
cam_08 8397 1 2
cam_08 8401 2 1
cam_08 69 2 1
cam_08 8386 1 1
cam_08 835 2 1
cam_08 8419 1 2
cam_08 822 1 1
cam_08 8543 2 3
cam_08 844 1 2
cam_08 8457 2 1
cam_08 8611 1 1
cam_08 8452 1 1
cam_08 8542 2 1
cam_08 8542 2 1
cam_08 8547 2 1
cam_08 8614 1 1
cam_08 8551 2 1
cam_08 838 1 1
cam_08 8566 2 1
cam_08 8574 2 1
cam_08 8577 1 2
cam_08 8589 1 2
cam_08 8560 1 2
cam_08 8593 2 1
cam_08 8623 2 1
cam_08 45 1 1
cam_08 867 1 2
cam_08 8629 2 1
cam_08 8637 2 1
cam_08 8661 1 2
cam_08 8681 1 3
cam_08 8716 2 4
cam_08 8659 2 1
cam_08 8670 1 3
cam_08 8661 2 1
cam_08 8722 2 2
cam_08 8683 2 1
cam_08 8700 1 2
cam_08 8713 1 2
cam_08 8706 2 1
cam_08 8698 1 1
cam_08 8725 2 1
cam_08 8746 1 1
cam_08 8802 2 1
cam_08 8757 2 1
cam_08 877 1 1
cam_08 8770 1 1
cam_08 8920 1 1
cam_08 8767 1 1
cam_08 8761 1 1
cam_08 8776 1 1
cam_08 8803 2 1
cam_08 9079 2 4
cam_08 8832 2 1
cam_08 8865 1 1
cam_08 8983 2 3
cam_08 8856 1 2
cam_08 8866 1 1
cam_08 8871 1 1
cam_08 8895 2 1
cam_08 8922 1 1
cam_08 8916 2 1
cam_08 8904 2 1
cam_08 882 2 1
cam_08 879 2 1
cam_08 8958 2 1
cam_08 8929 1 1
cam_08 9247 2 2
cam_08 867 1 1
cam_08 8941 1 1
cam_08 9013 1 1
cam_08 8938 1 1
cam_08 9028 1 1
cam_08 8946 1 1
cam_08 8977 2 2
cam_08 8962 1 1
cam_08 9025 1 1
cam_08 9099 2 1
cam_08 9057 2 1
cam_08 9019 2 1
cam_08 9126 2 1
cam_08 102 2 1
cam_08 9342 2 1
cam_08 9037 1 1
cam_08 9153 1 1
cam_08 9076 1 1
cam_08 9114 2 1
cam_08 9114 2 1
cam_08 970 1 4
cam_08 9343 2 4
cam_08 9121 1 1
cam_08 9162 1 1
cam_08 9145 1 1
cam_08 9213 1 2
cam_08 9204 2 1
cam_08 9201 2 4
cam_08 9213 2 1
cam_08 9427 2 1
cam_08 9261 2 1
cam_08 9268 2 1
cam_08 9348 1 1
cam_08 9301 2 1
cam_08 69 1 1
cam_08 9538 1 1
cam_08 9300 1 1
cam_08 901 2 1
cam_08 9303 2 1
cam_08 9327 1 1
cam_08 922 2 2
cam_08 9334 2 1
cam_08 9508 2 1
cam_08 9493 1 1
cam_08 9327 1 1
cam_08 9345 1 1
cam_08 898 1 4
cam_08 9355 2 1
cam_08 9345 2 1
cam_08 9370 1 1
cam_08 931 1 1
cam_08 9348 1 1
cam_08 9372 1 2
cam_08 928 1 1
cam_08 9367 1 1
cam_08 9372 2 1
cam_08 9373 1 1
cam_08 9420 2 2
cam_08 9409 1 1
cam_08 942 1 1
cam_08 9408 1 1
cam_08 919 1 1
cam_08 9454 2 2
cam_08 925 1 1
cam_08 9414 2 1
cam_08 9423 2 1
cam_08 9444 2 1
cam_08 9454 1 1
cam_08 9436 2 1
cam_08 9495 2 1
cam_08 9532 2 2
cam_08 9456 2 1
cam_08 9444 2 1
cam_08 9474 1 1
cam_08 9496 1 1
cam_08 9483 2 1
cam_08 9549 1 1
cam_08 9511 1 1
cam_08 9528 1 1
cam_08 9535 1 1
cam_08 9526 2 1
cam_08 933 1 1
cam_08 9540 2 1
cam_08 9534 2 1
cam_08 9547 1 1
cam_08 9547 2 1
cam_08 9589 2 2
cam_08 933 1 1
cam_08 9618 1 1
cam_08 9591 2 1
cam_08 9604 2 1
cam_08 9610 2 1
cam_08 9634 1 1
cam_08 9631 1 2
cam_08 937 1 1
cam_08 9655 1 1
cam_08 9663 1 1
cam_08 9672 1 1
cam_08 9666 1 1
cam_08 9699 1 1
cam_08 9733 1 1
cam_08 9664 1 1
cam_08 9690 2 3
cam_08 9675 1 2
cam_08 9688 1 1
cam_08 9673 1 1
cam_08 9750 1 1
cam_08 9682 1 1
cam_08 939 1 1
cam_08 9703 1 1
cam_08 9672 1 1
cam_08 943 1 1
cam_08 9694 1 1
cam_08 9693 1 2
cam_08 9738 1 1
cam_08 9759 1 2
cam_08 9699 2 1
cam_08 9726 1 2
cam_08 9714 2 1
cam_08 9720 1 1
cam_08 964 1 1
cam_08 9717 2 1
cam_08 9751 1 1
cam_08 9715 2 1
cam_08 9853 2 3
cam_08 9730 1 1
cam_08 9751 1 1
cam_08 9784 2 3
cam_08 967 1 1
cam_08 9766 1 1
cam_08 9748 2 1
cam_08 9793 2 1
cam_08 9786 2 1
cam_08 9826 1 1
cam_08 9838 1 1
cam_08 9847 1 1
cam_08 9847 1 1
cam_08 9864 1 1
cam_08 9865 1 2
cam_08 9877 1 1
cam_08 9882 1 1
cam_08 9852 2 1
cam_08 9885 2 1
cam_08 9883 1 1
cam_08 9874 1 2
cam_08 9891 1 1
cam_08 9900 1 1
cam_08 9895 1 1
cam_08 9895 1 1
cam_08 9913 2 1
cam_08 9906 1 1
cam_08 9925 1 1
cam_08 9907 1 1
cam_08 9943 1 1
cam_08 9919 1 1
cam_08 9930 1 1
cam_08 10209 2 3
cam_08 9951 1 1
cam_08 9964 1 2
cam_08 9936 1 1
cam_08 9943 1 1
cam_08 9952 1 1
cam_08 9961 2 1
cam_08 9969 1 1
cam_08 9964 1 1
cam_08 9988 2 1
cam_08 9982 2 1
cam_08 1002 2 1
cam_08 9970 1 1
cam_08 10017 2 1
cam_08 10023 2 1
cam_08 10224 2 3
cam_08 10030 2 1
cam_08 10114 2 4
cam_08 10087 2 1
cam_08 10120 1 1
cam_08 10141 2 1
cam_08 10102 2 1
cam_08 10120 2 1
cam_08 976 1 1
cam_08 10156 1 2
cam_08 10215 1 2
cam_08 10231 1 1
cam_08 10215 1 1
cam_08 10233 1 1
cam_08 10210 2 1
cam_08 10222 2 1
cam_08 10248 2 1
cam_08 114 2 1
cam_08 10324 1 1
cam_08 10263 2 1
cam_08 10294 1 1
cam_08 10278 2 1
cam_08 10318 1 1
cam_08 10296 1 1
cam_08 10293 2 1
cam_08 10318 1 1
cam_08 10312 1 1
cam_08 10294 1 1
cam_08 10498 2 3
cam_08 10318 1 1
cam_08 10339 1 1
cam_08 1018 1 1
cam_08 10327 1 1
cam_08 10333 1 2
cam_08 10326 2 1
cam_08 10327 1 1
cam_08 10330 1 1
cam_08 10366 2 1
cam_08 10348 1 1
cam_08 10365 1 1
cam_08 10354 1 1
cam_08 10345 1 1
cam_08 10368 1 2
cam_08 10387 1 1
cam_08 10363 1 1
cam_08 10383 1 1
cam_08 10360 1 1
cam_08 10363 1 1
cam_08 10351 1 1
cam_08 10372 1 1
cam_08 10401 1 1
cam_08 10407 1 1
cam_08 1246 1 1
cam_08 10393 1 1
cam_08 10374 1 1
cam_08 10405 1 1
cam_08 1030 1 1
cam_08 10405 1 1
cam_08 10399 1 1
cam_08 1053 2 1
cam_08 10387 1 1
cam_08 10398 1 1
cam_08 1098 1 1
cam_08 10446 2 1
cam_08 10417 1 1
cam_08 10419 1 1
cam_08 10415 2 1
cam_08 10414 2 1
cam_08 10405 2 1
cam_08 10413 1 1
cam_08 10408 2 3
cam_08 10422 2 3
cam_08 10444 1 1
cam_08 10482 1 1
cam_08 10474 2 2
cam_08 10483 1 1
cam_08 10503 1 1
cam_08 10542 2 3
cam_08 10495 2 2
cam_08 10578 2 2
cam_08 10495 2 1
cam_08 10498 1 1
cam_08 10527 1 2
cam_08 10579 2 2
cam_08 10519 1 1
cam_08 10540 1 2
cam_08 10564 1 1
cam_08 10569 1 1
cam_08 10563 1 1
cam_08 10605 2 2
cam_08 10560 1 1
cam_08 10560 1 1
cam_08 10604 2 2
cam_08 10566 2 1
cam_08 10594 1 1
cam_08 10635 2 2
cam_08 10624 2 2
cam_08 10626 2 1
cam_08 1114 1 2
cam_08 10636 2 4
cam_08 10705 1 1
cam_08 10855 2 1
cam_08 10710 1 1
cam_08 10675 2 1
cam_08 10702 1 1
cam_08 1039 2 1
cam_08 10701 2 3
cam_08 10702 2 1
cam_08 10837 1 1
cam_08 10821 1 1
cam_08 10809 2 1
cam_08 10785 1 1
cam_08 10825 2 1
cam_08 10804 1 1
cam_08 10828 2 1
cam_08 10792 1 1
cam_08 10822 1 1
cam_08 10810 2 1
cam_08 10822 1 1
cam_08 10837 1 1
cam_08 10816 2 1
cam_08 10815 1 1
cam_08 10821 1 1
cam_08 10852 2 1
cam_08 10845 2 1
cam_08 10845 2 1
cam_08 10866 2 1
cam_08 10913 2 1
cam_08 1086 1 2
cam_08 10869 1 1
cam_08 10897 1 1
cam_08 10908 1 4
cam_08 1087 2 1
cam_08 94 1 1
cam_08 10888 1 1
cam_08 10912 2 1
cam_08 10897 1 1
cam_08 1081 1 1
cam_08 11020 2 2
cam_08 10954 1 1
cam_08 10941 1 1
cam_08 10926 1 4
cam_08 10974 2 1
cam_08 1099 1 1
cam_08 11256 2 2
cam_08 11206 1 1
cam_08 11199 2 3
cam_08 11103 2 1
cam_08 1081 1 1
cam_08 11073 1 3
cam_08 11161 2 1
cam_08 11172 1 1
cam_08 11235 1 1
cam_08 11200 1 1
cam_08 11182 2 1
cam_08 11193 1 1
cam_08 1084 1 1
cam_08 11337 2 3
cam_08 11223 1 1
cam_08 11233 1 1
cam_08 11236 2 1
cam_08 11263 1 1
cam_08 11263 1 1
cam_08 1102 1 1
cam_08 11277 1 1
cam_08 11383 1 1
cam_08 11284 1 1
cam_08 1104 2 1
cam_08 11302 1 1
cam_08 11293 1 1
cam_08 11299 1 1
cam_08 11305 1 1
cam_08 11311 1 1
cam_08 11322 1 1
cam_08 11368 1 1
cam_08 11331 1 1
cam_08 11337 1 1
cam_08 11317 1 1
cam_08 11334 1 1
cam_08 11431 2 3
cam_08 11344 1 1
cam_08 11433 2 4
cam_08 11344 1 1
cam_08 11356 1 1
cam_08 11412 2 1
cam_08 11364 1 1
cam_08 1128 1 2
cam_08 11391 1 1
cam_08 11373 2 1
cam_08 11428 1 4
cam_08 11388 2 1
cam_08 11374 1 1
cam_08 11410 2 1
cam_08 11392 1 1
cam_08 11429 2 1
cam_08 11443 2 3
cam_08 11446 2 1
cam_08 11436 1 1
cam_08 11494 2 1
cam_08 11449 1 1
cam_08 11497 2 1
cam_08 11535 1 1
cam_08 11530 1 1
cam_08 11506 2 1
cam_08 1140 1 2
cam_08 11530 2 1
cam_08 11538 2 1
cam_08 11562 1 1
cam_08 11560 2 1
cam_08 11569 1 1
cam_08 11593 1 1
cam_08 11589 1 1
cam_08 11560 1 1
cam_08 11622 1 2
cam_08 1111 1 1
cam_08 11583 2 1
cam_08 1170 2 1
cam_08 11595 1 1
cam_08 11619 1 1
cam_08 11620 2 1
cam_08 11614 1 1
cam_08 11628 1 1
cam_08 11616 1 2
cam_08 11635 1 1
cam_08 11622 2 1
cam_08 11614 2 2
cam_08 11617 1 1
cam_08 1195 2 2
cam_08 11617 1 1
cam_08 11643 1 1
cam_08 11661 1 1
cam_08 11625 1 1
cam_08 11629 1 1
cam_08 11638 1 1
cam_08 11673 1 1
cam_08 11655 2 1
cam_08 11650 2 2
cam_08 11669 2 1
cam_08 11680 1 1
cam_08 11695 1 1
cam_08 11667 2 2
cam_08 11731 1 1
cam_08 11683 1 1
cam_08 11718 1 2
cam_08 11703 1 1
cam_08 11698 2 1
cam_08 11752 1 1
cam_08 1172 1 2
cam_08 1158 1 2
cam_08 11763 1 1
cam_08 11761 1 1
cam_08 11743 2 4
cam_08 1176 2 1
cam_08 11778 1 1
cam_08 11803 1 1
cam_08 11950 1 1
cam_08 1173 2 2
cam_08 11820 2 4
cam_08 11781 1 2
cam_08 11775 1 1
cam_08 11956 1 1
cam_08 11833 2 2
cam_08 11815 1 1
cam_08 11847 2 1
cam_08 11863 2 1
cam_08 11817 1 1
cam_08 11836 1 1
cam_08 11847 1 1
cam_08 11838 1 1
cam_08 11854 1 1
cam_08 1171 2 1
cam_08 11865 1 1
cam_08 11854 1 1
cam_08 11886 2 1
cam_08 11868 1 1
cam_08 1237 1 1
cam_08 11875 1 1
cam_08 1174 1 1
cam_08 11886 1 2
cam_08 1162 2 2
cam_08 11905 1 2
cam_08 11902 1 1
cam_08 11934 1 1
cam_08 11898 1 1
cam_08 11901 1 1
cam_08 11911 1 1
cam_08 12187 2 2
cam_08 11941 1 1
cam_08 11943 2 1
cam_08 11956 2 1
cam_08 11995 1 1
cam_08 11982 2 1
cam_08 1321 1 1
cam_08 12064 2 1
cam_08 12138 2 1
cam_08 12399 1 2
cam_08 12106 1 1
cam_08 12123 2 1
cam_08 12307 2 2
cam_08 12324 2 3
cam_08 12207 1 1
cam_08 1228 1 1
cam_08 12166 2 1
cam_08 12205 1 1
cam_08 12234 2 1
cam_08 12244 1 1
cam_08 12241 1 1
cam_08 12240 1 1
cam_08 12246 1 1
cam_08 12244 2 1
cam_08 12288 2 2
cam_08 1210 2 2
cam_08 12270 1 2
cam_08 12297 2 1
cam_08 12313 2 2
cam_08 12289 1 1
cam_08 12303 2 1
cam_08 12292 1 1
cam_08 12310 1 1
cam_08 12304 1 2
cam_08 12306 1 1
cam_08 12360 2 1
cam_08 12321 1 1
cam_08 12334 1 1
cam_08 12351 2 1
cam_08 12361 2 4
cam_08 12406 1 1
cam_08 12421 2 3
cam_08 12406 1 1
cam_08 12438 1 1
cam_08 12406 1 1
cam_08 12417 2 1
cam_08 12469 2 4
cam_08 12459 1 1
cam_08 12451 1 1
cam_08 12453 1 1
cam_08 12457 1 1
cam_08 12469 1 1
cam_08 12463 1 1
cam_08 12487 2 1
cam_08 12478 1 1
cam_08 12513 2 1
cam_08 12481 1 1
cam_08 12504 2 1
cam_08 12507 1 1
cam_08 12499 1 1
cam_08 12498 2 1
cam_08 12513 1 4
cam_08 1375 2 1
cam_08 12671 2 1
cam_08 12498 2 1
cam_08 12523 1 1
cam_08 12667 2 1
cam_08 12511 2 1
cam_08 12528 2 1
cam_08 12547 1 1
cam_08 12565 1 1
cam_08 12544 1 4
cam_08 12556 1 1
cam_08 12568 1 1
cam_08 1189 2 1
cam_08 12574 1 1
cam_08 12574 1 1
cam_08 12589 1 1
cam_08 12579 2 1
cam_08 12789 1 3
cam_08 12586 1 1
cam_08 12609 1 1
cam_08 1281 1 1
cam_08 12609 1 3
cam_08 12619 1 1
cam_08 12604 1 1
cam_08 12616 2 1
cam_08 12627 1 1
cam_08 12642 2 1
cam_08 12703 1 1
cam_08 12654 1 1
cam_08 12634 1 1
cam_08 12640 1 1
cam_08 12652 1 1
cam_08 12655 2 1
cam_08 12661 1 1
cam_08 12748 2 2
cam_08 12651 1 4
cam_08 12676 1 1
cam_08 12661 1 1
cam_08 12697 1 1
cam_08 12688 1 1
cam_08 12669 1 1
cam_08 12694 1 1
cam_08 12735 2 1
cam_08 12700 1 1
cam_08 93 2 1
cam_08 12808 1 1
cam_08 12706 1 1
cam_08 1281 2 1
cam_08 12703 2 1
cam_08 12741 1 1
cam_08 12729 1 1
cam_08 12739 1 1
cam_08 12744 1 1
cam_08 12739 1 1
cam_08 12739 1 1
cam_08 12750 1 1
cam_08 12796 1 1
cam_08 12777 2 1
cam_08 12778 1 1
cam_08 12783 1 1
cam_08 12772 1 1
cam_08 12760 1 1
cam_08 1209 1 1
cam_08 12763 2 1
cam_08 12787 1 1
cam_08 12801 1 1
cam_08 12808 1 1
cam_08 12823 1 1
cam_08 1209 1 1
cam_08 12819 1 1
cam_08 12834 2 1
cam_08 12823 1 1
cam_08 12826 2 1
cam_08 12803 2 1
cam_08 12808 1 1
cam_08 12841 1 1
cam_08 12877 1 1
cam_08 12819 1 1
cam_08 1291 1 1
cam_08 12849 1 1
cam_08 12868 1 1
cam_08 12852 2 1
cam_08 12871 1 1
cam_08 1323 1 1
cam_08 12882 2 1
cam_08 12877 1 2
cam_08 12906 1 1
cam_08 12853 2 1
cam_08 1239 1 2
cam_08 12900 1 1
cam_08 12880 2 1
cam_08 13168 2 2
cam_08 12949 2 1
cam_08 12969 2 1
cam_08 13018 2 1
cam_08 12949 2 1
cam_08 13092 1 2
cam_08 13011 2 1
cam_08 12991 2 1
cam_08 13014 2 1
cam_08 13135 2 2
cam_08 13116 2 1
cam_08 13024 1 1
cam_08 13024 1 4
cam_08 13144 2 1
cam_08 13065 1 2
cam_08 13120 2 1
cam_08 13123 2 1
cam_08 13168 2 1
cam_08 13162 2 2
cam_08 13165 1 1
cam_08 13204 1 1
cam_08 13204 1 1
cam_08 13183 1 1
cam_08 13182 2 1
cam_08 1239 1 1
cam_08 13212 1 1
cam_08 13206 1 1
cam_08 1249 2 1
cam_08 13228 1 1
cam_08 13231 1 2
cam_08 1219 2 1
cam_08 13248 1 1
cam_08 13266 1 1
cam_08 13231 1 1
cam_08 13210 2 1
cam_08 13279 1 1
cam_08 1222 1 1
cam_08 13279 2 1
cam_08 13267 1 1
cam_08 1324 1 1
cam_08 13270 1 2
cam_08 1225 1 1
cam_08 13288 1 1
cam_08 1446 2 1
cam_08 13366 2 2
cam_08 13351 2 1
cam_08 13390 1 1
cam_08 13363 2 1
cam_08 13378 1 1
cam_08 13375 2 1
cam_08 13402 1 1
cam_08 13396 1 1
cam_08 1251 1 2
cam_08 106 1 1
cam_08 1246 1 1
cam_08 13500 2 1
cam_08 13441 1 1
cam_08 13449 1 2
cam_08 13476 1 1
cam_08 13471 2 1
cam_08 13492 2 1
cam_08 13500 1 1
cam_08 1282 2 2
cam_08 13492 1 2
cam_08 13500 2 2
cam_08 13485 1 1
cam_08 13500 2 1
cam_08 1264 1 2
cam_08 1461 2 1
cam_08 1323 2 2
cam_08 1255 2 1
cam_08 1243 1 1
cam_08 1248 1 1
cam_08 1261 1 1
cam_08 1281 1 1
cam_08 1263 2 1
cam_08 1279 1 1
cam_08 1281 1 1
cam_08 1290 1 1
cam_08 1309 1 1
cam_08 1324 2 1
cam_08 1321 1 1
cam_08 1692 1 4
cam_08 1357 1 1
cam_08 1572 2 2
cam_08 1651 2 2
cam_08 1396 1 1
cam_08 1371 2 1
cam_08 1425 1 2
cam_08 1600 1 1
cam_08 1590 2 2
cam_08 1650 2 2
cam_08 1435 1 1
cam_08 1447 1 1
cam_08 1476 1 1
cam_08 1452 2 1
cam_08 1488 1 2
cam_08 1461 1 1
cam_08 1470 1 1
cam_08 1468 1 1
cam_08 1483 2 1
cam_08 1614 2 1
cam_08 1539 2 1
cam_08 1548 1 1
cam_08 1579 2 1
cam_08 1578 1 1
cam_08 1647 2 1
cam_08 1579 1 1
cam_08 1566 2 1
cam_08 1602 2 1
cam_08 1675 2 2
cam_08 1708 1 1
cam_08 112 1 1
cam_08 1630 1 1
cam_08 1627 2 1
cam_08 1630 2 1
cam_08 1660 2 1
cam_08 171 2 1
cam_08 1615 2 1
cam_08 1720 1 1
cam_08 133 1 1
cam_08 1645 1 1
cam_08 1645 1 1
cam_08 1723 2 3
cam_08 1668 1 1
cam_08 1675 1 1
cam_08 1657 1 1
cam_08 1678 1 1
cam_08 1666 1 1
cam_08 1674 1 1
cam_08 1710 2 1
cam_08 1690 1 1
cam_08 1692 1 1
cam_08 1707 1 1
cam_08 1690 1 1
cam_08 1755 2 2
cam_08 1708 1 1
cam_08 1711 2 1
cam_08 1746 2 1
cam_08 1726 1 1
cam_08 1714 1 1
cam_08 1719 1 1
cam_08 1735 1 1
cam_08 1783 1 1
cam_08 1791 2 1
cam_08 1738 2 1
cam_08 1741 1 1
cam_08 1756 1 1
cam_08 1803 2 2
cam_08 1779 2 1
cam_08 1821 2 2
cam_08 1806 2 1
cam_08 1825 2 1
cam_08 1846 2 2
cam_08 1842 2 1
cam_08 171 2 1
cam_08 1864 2 1
cam_08 1891 2 1
cam_08 1866 2 1
cam_08 1909 2 2
cam_08 1897 1 1
cam_08 1905 2 1
cam_08 1999 2 2
cam_08 1968 2 2
cam_08 1944 2 2
cam_08 1918 1 1
cam_08 1983 1 1
cam_08 1936 1 1
cam_08 1927 1 1
cam_08 1945 1 1
cam_08 2019 2 1
cam_08 2008 1 4
cam_08 1980 2 1
cam_08 2022 2 1
cam_08 2089 1 1
cam_08 1992 1 1
cam_08 1987 1 1
cam_08 2037 2 1
cam_08 1993 1 1
cam_08 159 2 1
cam_08 2074 1 1
cam_08 1995 1 3
cam_08 2010 2 1
cam_08 2019 1 1
cam_08 2035 1 1
cam_08 2115 1 1
cam_08 2008 1 1
cam_08 2017 1 1
cam_08 2029 1 1
cam_08 2031 1 1
cam_08 2071 2 3
cam_08 180 2 1
cam_08 2058 1 1
cam_08 2071 1 2
cam_08 2059 1 1
cam_08 2086 2 2
cam_08 2053 1 1
cam_08 2049 1 1
cam_08 2089 1 2
cam_08 2100 1 1
cam_08 2052 1 1
cam_08 2083 2 2
cam_08 196 2 1
cam_08 2085 1 1
cam_08 2086 1 1
cam_08 2103 1 1
cam_08 2080 1 1
cam_08 2095 1 1
cam_08 2097 1 1
cam_08 170 2 1
cam_08 2113 1 1
cam_08 2119 1 1
cam_08 169 2 1
cam_08 2104 2 1
cam_08 177 1 1
cam_08 2230 2 3
cam_08 186 2 1
cam_08 2112 2 1
cam_08 2157 1 1
cam_08 2146 1 1
cam_08 2142 1 1
cam_08 2139 1 1
cam_08 2268 1 1
cam_08 2154 2 1
cam_08 2167 1 1
cam_08 2167 1 1
cam_08 2235 2 1
cam_08 2176 2 1
cam_08 2188 1 1
cam_08 2208 1 1
cam_08 2178 1 1
cam_08 2173 1 1
cam_08 2200 1 1
cam_08 208 1 1
cam_08 2214 2 1
cam_08 2209 1 1
cam_08 2190 2 3
cam_08 2202 2 1
cam_08 2212 2 1
cam_08 2227 2 1
cam_08 2236 2 1
cam_08 2236 2 1
cam_08 2256 2 1
cam_08 2256 2 1
cam_08 2275 1 1
cam_08 2272 1 1
cam_08 2277 1 1
cam_08 2266 1 1
cam_08 2284 1 1
cam_08 240 2 1
cam_08 220 1 1
cam_08 2332 2 1
cam_08 2356 1 1
cam_08 2365 2 1
cam_08 2373 1 2
cam_08 2398 2 1
cam_08 229 2 1
cam_08 2575 2 1
cam_08 2377 1 1
cam_08 2407 1 1
cam_08 2443 2 1
cam_08 37 1 1
cam_08 2710 2 1
cam_08 2452 2 1
cam_08 253 1 2
cam_08 232 1 1
cam_08 2503 1 1
cam_08 2481 2 1
cam_08 2538 2 1
cam_08 2509 2 1
cam_08 2518 2 1
cam_08 229 1 1
cam_08 2569 1 1
cam_08 2542 2 1
cam_08 2574 1 1
cam_08 2566 1 1
cam_08 2563 1 1
cam_08 2632 1 1
cam_08 2616 2 1
cam_08 2857 1 1
cam_08 2599 1 1
cam_08 2620 2 2
cam_08 2601 1 1
cam_08 2614 1 2
cam_08 2608 1 1
cam_08 2602 1 1
cam_08 2617 1 1
cam_08 2617 1 1
cam_08 2601 2 1
cam_08 2631 1 1
cam_08 2772 1 1
cam_08 2629 1 1
cam_08 2623 1 1
cam_08 2614 1 1
cam_08 2643 1 2
cam_08 2640 1 1
cam_08 2638 2 1
cam_08 2662 1 1
cam_08 2649 1 1
cam_08 2625 1 1
cam_08 2637 1 1
cam_08 2658 2 1
cam_08 2655 1 1
cam_08 2671 1 1
cam_08 2643 1 1
cam_08 2649 2 1
cam_08 252 1 1
cam_08 228 2 1
cam_08 2653 2 1
cam_08 2677 1 2
cam_08 2680 1 1
cam_08 2682 1 1
cam_08 2686 1 1
cam_08 2698 2 1
cam_08 471 2 1
cam_08 2707 2 1
cam_08 241 1 1
cam_08 226 1 1
cam_08 2821 2 1
cam_08 2734 1 2
cam_08 2737 1 1
cam_08 2803 2 1
cam_08 2761 1 1
cam_08 2761 1 1
cam_08 225 2 1
cam_08 2779 1 1
cam_08 2755 1 1
cam_08 2791 1 1
cam_08 2788 2 1
cam_08 2794 1 2
cam_08 2827 1 1
cam_08 2845 1 1
cam_08 2806 1 1
cam_08 2821 1 2
cam_08 2836 1 1
cam_08 2812 1 1
cam_08 2820 2 2
cam_08 2815 2 1
cam_08 2842 1 1
cam_08 2932 2 1
cam_08 2845 2 2
cam_08 2868 1 1
cam_08 2842 2 1
cam_08 2863 1 1
cam_08 2847 2 1
cam_08 2869 1 1
cam_08 2878 1 1
cam_08 2904 1 1
cam_08 2913 2 1
cam_08 2956 1 1
cam_08 2908 2 2
cam_08 3039 1 1
cam_08 2950 1 1
cam_08 2908 1 1
cam_08 2943 1 1
cam_08 2922 1 1
cam_08 2920 1 1
cam_08 2947 1 1
cam_08 2980 1 1
cam_08 3007 2 2
cam_08 2928 1 1
cam_08 2935 1 1
cam_08 2974 1 1
cam_08 2947 1 1
cam_08 2940 1 1
cam_08 48 1 1
cam_08 3001 2 2
cam_08 2941 2 1
cam_08 2956 1 1
cam_08 2965 1 1
cam_08 2994 1 1
cam_08 2974 1 1
cam_08 249 2 1
cam_08 3226 1 1
cam_08 3033 1 2
cam_08 2971 1 1
cam_08 276 1 1
cam_08 2992 2 1
cam_08 3003 1 1
cam_08 282 1 4
cam_08 2992 1 1
cam_08 3013 2 4
cam_08 3028 1 2
cam_08 3040 1 1
cam_08 259 1 1
cam_08 3034 1 1
cam_08 268 1 1
cam_08 3042 1 1
cam_08 3043 1 1
cam_08 3118 1 1
cam_08 3072 1 1
cam_08 3078 2 1
cam_08 277 1 1
cam_08 3078 2 1
cam_08 3096 1 1
cam_08 3120 2 2
cam_08 3100 1 1
cam_08 3112 1 1
cam_08 276 2 1
cam_08 3180 2 2
cam_08 3120 1 1
cam_08 76 2 3
cam_08 3136 1 1
cam_08 3129 1 1
cam_08 3145 1 1
cam_08 3148 2 1
cam_08 3241 1 1
cam_08 3150 2 1
cam_08 3157 1 2
cam_08 3157 2 1
cam_08 3172 1 1
cam_08 3522 2 4
cam_08 3180 1 1
cam_08 276 2 1
cam_08 3195 1 2
cam_08 279 1 1
cam_08 3189 1 1
cam_08 3262 2 1
cam_08 3183 2 1
cam_08 3199 1 1
cam_08 3226 1 1
cam_08 3202 1 1
cam_08 3217 1 1
cam_08 3207 2 1
cam_08 3562 2 1
cam_08 292 2 1
cam_08 3259 2 1
cam_08 3214 2 1
cam_08 3235 2 1
cam_08 3261 2 1
cam_08 3361 2 1
cam_08 3361 2 1
cam_08 3301 1 1
cam_08 3340 1 2
cam_08 3342 2 1
cam_08 3367 2 1
cam_08 3357 2 1
cam_08 3385 1 1
cam_08 274 2 1
cam_08 3496 2 2
cam_08 3364 2 1
cam_08 3430 2 1
cam_08 3417 2 1
cam_08 3373 2 1
cam_08 3430 2 1
cam_08 3639 1 1
cam_08 3433 2 1
cam_08 289 1 1
cam_08 3460 1 1
cam_08 3442 1 1
cam_08 3466 2 1
cam_08 3480 2 1
cam_08 379 2 1
cam_08 3475 2 1
cam_08 3544 2 2
cam_08 3514 2 1
cam_08 3529 1 1
cam_08 3547 1 1
cam_08 3532 1 1
cam_08 3532 1 1
cam_08 3559 1 1
cam_08 3589 1 1
cam_08 3567 1 1
cam_08 3543 1 1
cam_08 3577 2 1
cam_08 3571 1 1
cam_08 309 2 1
cam_08 3591 1 4
cam_08 3577 1 1
cam_08 307 1 1
cam_08 3583 1 1
cam_08 319 1 2
cam_08 3588 1 1
cam_08 3586 1 1
cam_08 3601 1 1
cam_08 3829 2 1
cam_08 3601 1 1
cam_08 3594 1 1
cam_08 333 1 1
cam_08 3603 1 1
cam_08 3610 1 1
cam_08 3592 1 4
cam_08 3636 1 2
cam_08 3630 1 1
cam_08 3606 2 1
cam_08 3627 1 1
cam_08 3634 1 1
cam_08 3649 1 1
cam_08 3640 1 1
cam_08 3648 2 1
cam_08 3643 1 1
cam_08 357 2 1
cam_08 3661 2 2
cam_08 3682 2 1
cam_08 3703 1 1
cam_08 3660 1 1
cam_08 3663 2 1
cam_08 322 2 1
cam_08 3696 2 1
cam_08 616 2 2
cam_08 3682 1 1
cam_08 3744 2 2
cam_08 3709 1 1
cam_08 3714 2 1
cam_08 3721 1 1
cam_08 3729 1 1
cam_08 3730 1 1
cam_08 3741 1 1
cam_08 3739 1 1
cam_08 3742 1 1
cam_08 3739 1 1
cam_08 3754 1 1
cam_08 3787 2 2
cam_08 3759 2 1
cam_08 339 1 2
cam_08 3756 1 1
cam_08 3763 1 1
cam_08 3766 1 1
cam_08 3778 1 1
cam_08 3772 1 1
cam_08 3774 2 1
cam_08 3778 1 1
cam_08 3790 2 1
cam_08 3789 2 1
cam_08 3796 1 1
cam_08 3787 1 1
cam_08 3811 2 2
cam_08 3796 2 1
cam_08 3793 1 1
cam_08 3811 2 1
cam_08 316 1 1
cam_08 3825 1 1
cam_08 3852 2 1
cam_08 3835 1 1
cam_08 3825 2 1
cam_08 331 2 1
cam_08 3993 2 1
cam_08 3868 1 1
cam_08 3883 1 1
cam_08 3861 1 1
cam_08 3861 1 1
cam_08 3856 2 1
cam_08 3877 1 1
cam_08 3898 1 1
cam_08 3891 1 1
cam_08 3933 2 3
cam_08 334 1 1
cam_08 3906 1 1
cam_08 3915 2 1
cam_08 3924 2 1
cam_08 3930 2 1
cam_08 3961 2 2
cam_08 3942 1 2
cam_08 3928 1 1
cam_08 553 2 1
cam_08 3952 2 2
cam_08 3958 1 2
cam_08 3991 2 1
cam_08 3969 1 1
cam_08 3963 2 1
cam_08 3991 1 1
cam_08 3969 2 1
cam_08 3999 2 2
cam_08 3978 1 1
cam_08 355 1 1
cam_08 3979 1 1
cam_08 3973 1 1
cam_08 3987 1 1
cam_08 3987 2 1
cam_08 4045 1 2
cam_08 3991 2 3
cam_08 342 1 1
cam_08 3984 2 1
cam_08 4000 1 1
cam_08 4047 1 1
cam_08 3976 2 1
cam_08 4053 1 1
cam_08 4020 2 1
cam_08 3985 1 1
cam_08 4050 1 1
cam_08 3993 1 1
cam_08 4017 1 1
cam_08 352 1 1
cam_08 4017 1 1
cam_08 4032 2 1
cam_08 4201 1 1
cam_08 4039 1 1
cam_08 4048 1 1
cam_08 4012 1 1
cam_08 4054 1 1
cam_08 4044 1 1
cam_08 360 2 1
cam_08 4060 1 1
cam_08 4060 1 1
cam_08 4065 1 1
cam_08 4066 1 1
cam_08 4072 2 1
cam_08 4093 2 1
cam_08 4110 1 1
cam_08 4077 1 1
cam_08 4101 2 1
cam_08 4089 2 1
cam_08 4107 2 1
cam_08 4164 1 3
cam_08 4138 1 1
cam_08 4150 1 1
cam_08 4144 1 1
cam_08 427 2 1
cam_08 4180 1 1
cam_08 4165 2 1
cam_08 345 2 1
cam_08 4188 1 2
cam_08 4183 1 1
cam_08 4200 1 1
cam_08 4243 1 1
cam_08 4233 2 1
cam_08 4266 1 1
cam_08 4251 2 1
cam_08 4270 2 1
cam_08 4429 2 1
cam_08 369 1 1
cam_08 4320 2 1
cam_08 4327 1 1
cam_08 4323 2 1
cam_08 4293 2 1
cam_08 4336 1 2
cam_08 4330 2 1
cam_08 4395 1 2
cam_08 4383 2 1
cam_08 4417 1 2
cam_08 4381 1 1
cam_08 4393 2 1
cam_08 4419 1 1
cam_08 4411 2 1
cam_08 4444 2 1
cam_08 4432 2 1
cam_08 406 1 1
cam_08 4449 2 1
cam_08 4488 1 1
cam_08 640 2 1
cam_08 4504 1 1
cam_08 4500 2 1
cam_08 4520 1 1
cam_08 4597 1 1
cam_08 4516 1 1
cam_08 4596 1 1
cam_08 424 2 1
cam_08 4522 2 1
cam_08 4599 1 1
cam_08 4566 1 1
cam_08 4573 1 1
cam_08 388 1 1
cam_08 409 1 1
cam_08 622 2 1
cam_08 4585 1 1
cam_08 415 1 1
cam_08 4602 1 1
cam_08 4584 2 1
cam_08 4579 1 1
cam_08 4584 2 1
cam_08 4594 1 1
cam_08 4605 1 1
cam_08 4618 1 3
cam_08 726 2 1
cam_08 4792 2 2
cam_08 4639 1 1
cam_08 4633 2 1
cam_08 4654 1 1
cam_08 4758 2 1
cam_08 4675 1 3
cam_08 4767 2 1
cam_08 4663 1 1
cam_08 4690 1 4
cam_08 4687 2 1
cam_08 4686 1 1
cam_08 4687 1 1
cam_08 4689 1 1
cam_08 4695 1 4
cam_08 4761 1 2
cam_08 4734 1 2
cam_08 4725 1 1
cam_08 4747 1 2
cam_08 4749 1 2
cam_08 4749 2 2
cam_08 4741 1 1
cam_08 4750 1 1
cam_08 613 2 1
cam_08 4758 1 2
cam_08 4759 1 1
cam_08 4752 1 1
cam_08 441 2 1
cam_08 4779 1 1
cam_08 4776 1 1
cam_08 4762 1 1
cam_08 4756 2 1
cam_08 4765 1 1
cam_08 4767 1 1
cam_08 4792 1 1
cam_08 4795 1 1
cam_08 4783 1 1
cam_08 423 2 1
cam_08 4807 1 1
cam_08 4798 2 1
cam_08 55 1 1
cam_08 460 1 1
cam_08 4801 2 1
cam_08 4810 1 1
cam_08 4815 1 2
cam_08 4818 1 1
cam_08 4809 1 1
cam_08 4791 1 3
cam_08 4795 1 1
cam_08 433 2 1
cam_08 4897 1 2
cam_08 4810 2 1
cam_08 450 2 1
cam_08 4828 1 1
cam_08 4830 1 1
cam_08 4834 1 1
cam_08 4849 1 2
cam_08 4821 1 1
cam_08 4828 1 1
cam_08 522 2 1
cam_08 4852 1 1
cam_08 4848 2 2
cam_08 490 1 1
cam_08 5017 1 1
cam_08 4858 1 1
cam_08 4872 1 2
cam_08 4855 1 1
cam_08 4863 1 1
cam_08 4899 1 1
cam_08 4863 1 1
cam_08 498 2 1
cam_08 4885 1 2
cam_08 4888 1 1
cam_08 4852 2 2
cam_08 5001 2 1
cam_08 4891 1 1
cam_08 4902 1 1
cam_08 4869 1 1
cam_08 4885 1 1
cam_08 4908 1 2
cam_08 4897 1 1
cam_08 4884 1 1
cam_08 4933 1 1
cam_08 742 2 1
cam_08 4897 1 1
cam_08 72 2 1
cam_08 4902 1 1
cam_08 4918 1 1
cam_08 4926 1 1
cam_08 4912 1 1
cam_08 507 1 1
cam_08 4930 1 1
cam_08 4915 1 1
cam_08 4930 1 1
cam_08 4944 1 1
cam_08 4923 2 1
cam_08 4948 1 1
cam_08 4942 1 1
cam_08 4966 2 4
cam_08 4950 1 1
cam_08 4954 1 1
cam_08 4951 1 1
cam_08 532 2 1
cam_08 4965 2 1
cam_08 4963 2 1
cam_08 4980 1 2
cam_08 4987 1 1
cam_08 5016 1 1
cam_08 5014 1 1
cam_08 5008 1 1
cam_08 4995 1 1
cam_08 5017 1 1
cam_08 5020 1 1
cam_08 5022 2 1
cam_08 5052 1 1
cam_08 5040 1 1
cam_08 5125 1 2
cam_08 5062 1 1
cam_08 5056 1 1
cam_08 5074 1 1
cam_08 5079 1 1
cam_08 5080 1 2
cam_08 5428 2 2
cam_08 5086 1 1
cam_08 5095 2 1
cam_08 5097 1 1
cam_08 5089 1 1
cam_08 5283 2 1
cam_08 5095 1 1
cam_08 5109 1 1
cam_08 5106 1 1
cam_08 5119 1 1
cam_08 5127 2 1
cam_08 5107 2 1
cam_08 5170 1 4
cam_08 5121 1 1
cam_08 5124 2 1
cam_08 5155 1 1
cam_08 5139 1 1
cam_08 5151 2 1
cam_08 5149 1 1
cam_08 5151 2 1
cam_08 5352 2 1
cam_08 5421 2 2
cam_08 5169 1 1
cam_08 5154 1 1
cam_08 565 1 1
cam_08 5416 2 1
cam_08 5191 2 1
cam_08 5179 1 4
cam_08 5433 2 2
cam_08 5241 2 1
cam_08 70 1 2
cam_08 5269 1 1
cam_08 5265 1 1
cam_08 5269 2 1
cam_08 5316 2 1
cam_08 5265 2 1
cam_08 5334 1 1
cam_08 747 2 1
cam_08 5320 2 1
cam_08 564 1 1
cam_08 5383 2 1
cam_08 5371 2 1
cam_08 583 1 1
cam_08 5392 2 1
cam_08 5356 2 1
cam_08 5403 2 1
cam_08 604 1 1
cam_08 5409 2 1
cam_08 49 2 1
cam_08 5437 1 1
cam_08 5455 2 1
cam_08 5506 1 1
cam_08 5472 1 1
cam_08 5446 1 1
cam_08 5458 1 1
cam_08 5455 1 1
cam_08 5478 1 1
cam_08 5481 1 1
cam_08 5460 2 4
cam_08 5479 1 1
cam_08 5494 1 1
cam_08 5476 2 4
cam_08 5482 1 1
cam_08 5491 1 1
cam_08 5470 1 1
cam_08 663 2 1
cam_08 5500 1 1
cam_08 618 2 1
cam_08 5491 1 1
cam_08 5497 1 1
cam_08 5503 1 1
cam_08 5512 1 1
cam_08 654 2 1
cam_08 5490 1 1
cam_08 5506 2 1
cam_08 5518 1 1
cam_08 5525 1 1
cam_08 5512 1 1
cam_08 5512 2 4
cam_08 5533 1 1
cam_08 5530 1 1
cam_08 39 2 1
cam_08 634 2 1
cam_08 5591 1 2
cam_08 5554 1 1
cam_08 651 1 1
cam_08 5659 1 1
cam_08 5559 1 1
cam_08 5551 1 1
cam_08 658 2 1
cam_08 5589 2 2
cam_08 5557 1 1
cam_08 5572 1 1
cam_08 5611 1 1
cam_08 5583 2 1
cam_08 5590 1 1
cam_08 5617 1 1
cam_08 5671 1 1
cam_08 5631 2 2
cam_08 5604 1 2
cam_08 5650 1 1
cam_08 5617 1 2
cam_08 5616 1 1
cam_08 5613 1 1
cam_08 5599 2 1
cam_08 5629 2 2
cam_08 5620 1 1
cam_08 670 2 1
cam_08 5622 1 1
cam_08 5620 1 1
cam_08 5620 1 1
cam_08 5625 2 1
cam_08 60 1 1
cam_08 5634 1 1
cam_08 5650 1 1
cam_08 5637 1 1
cam_08 5659 1 1
cam_08 5665 1 1
cam_08 5694 1 1
cam_08 5662 1 1
cam_08 5683 1 1
cam_08 5692 1 1
cam_08 5656 2 1
cam_08 5671 1 1
cam_08 636 2 1
cam_08 5686 1 1
cam_08 5677 1 1
cam_08 5689 1 1
cam_08 5683 1 1
cam_08 5671 2 1
cam_08 5691 1 1
cam_08 5692 1 1
cam_08 5698 1 1
cam_08 5697 2 1
cam_08 5692 2 1
cam_08 5707 2 1
cam_08 5716 1 1
cam_08 5761 2 1
cam_08 5802 2 2
cam_08 5785 1 1
cam_08 5815 2 2
cam_08 5794 1 1
cam_08 5794 1 1
cam_08 5833 2 1
cam_08 667 1 1
cam_08 5947 1 1
cam_08 5833 2 1
cam_08 5812 2 1
cam_08 5817 2 1
cam_08 5842 1 1
cam_08 5820 1 1
cam_08 5856 2 1
cam_08 5833 1 1
cam_08 5860 1 2
cam_08 5832 1 1
cam_08 15 1 1
cam_08 5842 1 1
cam_08 5830 2 1
cam_08 5863 1 1
cam_08 5851 1 1
cam_08 5838 1 1
cam_08 5907 2 4
cam_08 5874 1 1
cam_08 5848 1 1
cam_08 5941 1 2
cam_08 5860 1 1
cam_08 5866 1 1
cam_08 5872 1 1
cam_08 5875 1 1
cam_08 694 2 1
cam_08 5872 1 1
cam_08 5884 1 1
cam_08 5886 1 1
cam_08 5886 1 1
cam_08 5902 1 1
cam_08 6024 1 2
cam_08 5896 1 2
cam_08 5908 1 1
cam_08 673 1 1
cam_08 5913 1 1
cam_08 5932 1 1
cam_08 5970 2 2
cam_08 6066 1 1
cam_08 5944 1 1
cam_08 5953 1 1
cam_08 5937 2 1
cam_08 5964 1 1
cam_08 5959 1 1
cam_08 6171 2 1
cam_08 5960 2 1
cam_08 5997 2 1
cam_08 5960 1 1
cam_08 6105 1 1
cam_08 714 2 2
cam_08 5995 1 2
cam_08 5985 2 1
cam_08 5971 2 1
cam_08 6006 1 2
cam_08 5998 1 1
cam_08 6004 2 1
cam_08 6016 1 1
cam_08 6013 1 1
cam_08 697 1 1
cam_08 6039 2 1
cam_08 6022 2 1
cam_08 6034 1 1
cam_08 705 1 1
cam_08 6031 1 1
cam_08 6127 1 1
cam_08 6028 2 1
cam_08 6034 1 1
cam_08 6102 1 1
cam_08 6049 1 1
cam_08 6049 2 1
cam_08 6055 1 1
cam_08 6067 2 1
cam_08 6070 1 2
cam_08 6055 1 1
cam_08 6081 1 2
cam_08 6061 1 1
cam_08 6070 2 1
cam_08 6070 1 1
cam_08 6069 1 1
cam_08 6072 2 4
cam_08 6079 1 1
cam_08 6088 1 1
cam_08 6100 1 1
cam_08 6415 2 3
cam_08 6111 2 1
cam_08 6118 2 1
cam_08 6123 2 1
cam_08 6157 2 1
cam_08 6163 2 1
cam_08 6171 2 1
cam_08 700 1 1
cam_08 6201 1 1
cam_08 6181 2 1
cam_08 6201 1 1
cam_08 6210 2 1
cam_08 6222 2 1
cam_08 6220 1 1
cam_08 6235 1 1
cam_08 714 2 1
cam_08 6234 2 1
cam_08 6237 2 1
cam_08 6241 2 1
cam_08 6249 2 1
cam_08 700 1 1
cam_08 6291 1 2
cam_08 6325 1 1
cam_08 6327 2 1
cam_08 6357 2 1
cam_08 6385 2 1
cam_08 6403 1 1
cam_08 6427 2 2
cam_08 6412 2 1
cam_08 6381 2 1
cam_08 6412 1 1
cam_08 6426 1 1
cam_08 6414 2 1
cam_08 6457 1 1
cam_08 6417 2 1
cam_08 6432 2 1
cam_08 6426 1 1
cam_08 6448 2 1
cam_08 6562 1 1
cam_08 6462 1 2
cam_08 6457 1 1
cam_08 6459 2 1
cam_08 6466 1 1
cam_08 6663 1 1
cam_08 6495 1 1
cam_08 6471 1 1
cam_08 6493 1 2
cam_08 6487 1 1
cam_08 6534 1 1
cam_08 6475 1 1
cam_08 6504 1 1
cam_08 46 1 1
cam_08 6510 1 1
cam_08 6520 1 1
cam_08 6498 1 1
cam_08 6501 1 1
cam_08 6513 1 1
cam_08 6508 1 1
cam_08 6514 1 1
cam_08 6510 1 1
cam_08 6520 1 1
cam_08 6517 1 1
cam_08 6538 1 2
cam_08 6532 1 1
cam_08 6526 1 1
cam_08 6532 1 1
cam_08 6523 1 1
cam_08 6547 1 1
cam_08 6532 1 1
cam_08 6570 1 1
cam_08 6559 1 1
cam_08 6561 1 1
cam_08 294 2 1
cam_08 51 2 1
cam_08 780 1 1
cam_08 6621 2 1
cam_08 6661 1 1
cam_08 6633 2 2
cam_08 727 1 1
cam_08 6631 1 1
cam_08 6637 1 1
cam_08 6745 1 1
cam_08 6631 1 1
cam_08 6640 1 1
cam_08 6669 1 1
cam_08 760 1 4
cam_08 6646 1 1
cam_08 748 1 1
cam_08 730 1 1
cam_08 6649 2 1
cam_08 6652 1 1
cam_08 6661 1 1
cam_08 6663 1 1
cam_08 6679 1 2
cam_08 6678 1 1
cam_08 6684 2 1
cam_08 6685 1 1
cam_08 6699 1 2
cam_08 6745 1 2
cam_08 6700 2 1
cam_08 6715 2 1
cam_08 6931 1 2
cam_08 6735 2 1
cam_08 6772 2 1
cam_08 6741 1 1
cam_08 6804 1 1
cam_08 6727 1 4
cam_08 6736 1 1
cam_08 6768 1 1
cam_08 6759 1 4
cam_08 6769 1 1
cam_08 6775 1 1
cam_08 6814 1 1
cam_08 6772 1 1
cam_08 6798 1 2
cam_08 6790 1 1
cam_08 6802 1 1
cam_08 6811 1 1
cam_08 7059 1 1
cam_08 6814 2 1
cam_08 6805 2 1
cam_08 6825 1 1
cam_08 6820 1 1
cam_08 6835 1 1
cam_08 735 1 1
cam_08 6828 1 1
cam_08 6852 1 2
cam_08 6843 1 1
cam_08 6841 1 1
cam_08 6856 1 2
cam_08 6879 2 1
cam_08 6867 1 1
cam_08 6868 1 2
cam_08 6865 1 1
cam_08 6853 1 1
cam_08 6880 1 1
cam_08 82 1 1
cam_08 6937 1 2
cam_08 6891 1 2
cam_08 6880 2 1
cam_08 6921 2 1
cam_08 6904 1 1
cam_08 6895 1 1
cam_08 6903 1 1
cam_08 6904 2 1
cam_08 6891 2 1
cam_08 6967 2 2
cam_08 6927 1 2
cam_08 6918 1 1
cam_08 7002 1 1
cam_08 751 2 1
cam_08 6922 1 1
cam_08 6958 2 2
cam_08 6931 1 1
cam_08 6943 1 2
cam_08 6933 2 1
cam_08 745 1 1
cam_08 6946 1 1
cam_08 748 1 1
cam_08 6951 1 1
cam_08 6945 1 1
cam_08 6976 1 1
cam_08 6961 1 1
cam_08 6981 1 2
cam_08 6981 1 1
cam_08 7056 1 1
cam_08 6988 2 1
cam_08 6982 1 1
cam_08 7059 1 1
cam_08 7062 1 1
cam_08 7021 1 1
cam_08 7029 1 1
cam_08 7023 2 1
cam_08 7054 1 1
cam_08 7060 1 1
cam_08 7132 2 1
cam_08 7063 1 1
cam_08 7057 1 1
cam_08 7204 2 1
cam_08 7068 1 1
cam_08 7066 1 1
cam_08 7056 1 1
cam_08 7066 1 1
cam_08 7171 2 1
cam_08 7171 2 1
cam_08 7093 2 1
cam_08 7117 2 1
cam_08 7119 2 1
cam_08 7122 2 1
cam_08 7161 1 1
cam_08 7170 2 1
cam_08 7174 1 1
cam_08 7218 2 1
cam_08 7212 1 1
cam_08 7245 2 1
cam_08 7201 1 1
cam_08 7270 2 1
cam_08 7248 1 2
cam_08 7368 2 1
cam_08 7350 2 1
cam_08 7333 1 1
cam_08 7360 1 2
cam_08 7396 2 3
cam_08 7377 1 2
cam_08 760 1 1
cam_08 7390 1 1
cam_08 7416 2 1
cam_08 766 1 1
cam_08 7393 2 1
cam_08 7411 2 2
cam_08 769 1 1
cam_08 7386 2 1
cam_08 7438 2 1
cam_08 775 1 1
cam_08 7425 1 1
cam_08 7414 1 1
cam_08 7395 2 1
