cam_10 1300 7 1
cam_10 1294 1 1
cam_10 1309 7 1
cam_10 1326 1 1
cam_10 11358 7 1
cam_10 11284 1 1
cam_10 11107 1 1
cam_10 1407 12 2
cam_10 11256 1 1
cam_10 11140 7 1
cam_10 11137 7 1
cam_10 11148 7 1
cam_10 11271 1 1
cam_10 1323 7 1
cam_10 11211 12 1
cam_10 11475 7 1
cam_10 11226 12 1
cam_10 11223 12 1
cam_10 11263 1 1
cam_10 11227 7 1
cam_10 11317 1 2
cam_10 11293 4 3
cam_10 11283 7 1
cam_10 11236 7 1
cam_10 11275 1 1
cam_10 11248 7 1
cam_10 11304 7 1
cam_10 11274 7 1
cam_10 11283 1 1
cam_10 11289 7 1
cam_10 11290 7 1
cam_10 11287 1 1
cam_10 11293 1 1
cam_10 11296 7 1
cam_10 11287 7 1
cam_10 11367 2 4
cam_10 11296 1 1
cam_10 11313 7 1
cam_10 11323 7 1
cam_10 11314 1 1
cam_10 11300 7 1
cam_10 11319 1 1
cam_10 11323 7 1
cam_10 11323 7 1
cam_10 11320 7 1
cam_10 11325 7 1
cam_10 11403 2 4
cam_10 11397 12 1
cam_10 11488 4 1
cam_10 11470 1 2
cam_10 11452 1 1
cam_10 11314 7 1
cam_10 11413 2 2
cam_10 11327 7 1
cam_10 11391 1 1
cam_10 11355 1 1
cam_10 11467 1 1
cam_10 11323 1 1
cam_10 1282 7 1
cam_10 11337 7 1
cam_10 11503 2 4
cam_10 11340 7 1
cam_10 1312 1 1
cam_10 11374 1 1
cam_10 11409 7 4
cam_10 11382 7 1
cam_10 11434 1 1
cam_10 11383 1 1
cam_10 11392 7 1
cam_10 11398 1 1
cam_10 11440 7 1
cam_10 1338 1 1
cam_10 11421 12 1
cam_10 11419 1 1
cam_10 11611 1 2
cam_10 11488 7 1
cam_10 11397 7 1
cam_10 11376 1 1
cam_10 11547 1 2
cam_10 11391 1 1
cam_10 11414 7 1
cam_10 11437 1 1
cam_10 11431 1 1
cam_10 11391 12 1
cam_10 11436 1 1
cam_10 1308 1 1
cam_10 11589 7 1
cam_10 11427 1 1
cam_10 11458 1 1
cam_10 11490 12 3
cam_10 11439 7 1
cam_10 11457 1 1
cam_10 11442 1 1
cam_10 11454 7 1
cam_10 11475 1 1
cam_10 1315 1 1
cam_10 11442 1 1
cam_10 11442 1 1
cam_10 11442 1 1
cam_10 11499 12 1
cam_10 11442 7 1
cam_10 11442 1 1
cam_10 11460 1 1
cam_10 11509 12 1
cam_10 11460 7 1
cam_10 11506 1 1
cam_10 11460 1 1
cam_10 11460 1 1
cam_10 11482 7 1
cam_10 1308 7 1
cam_10 11506 1 1
cam_10 11472 7 1
cam_10 11497 1 1
cam_10 11499 12 1
cam_10 11517 7 1
cam_10 11491 7 1
cam_10 11517 7 1
cam_10 11908 4 1
cam_10 11526 1 1
cam_10 11542 7 1
cam_10 11509 1 1
cam_10 11506 7 1
cam_10 11578 11 1
cam_10 11525 7 1
cam_10 11563 12 1
cam_10 11616 1 1
cam_10 1330 7 1
cam_10 11541 7 1
cam_10 11571 7 1
cam_10 11572 1 1
cam_10 11568 7 1
cam_10 11573 7 1
cam_10 11581 7 1
cam_10 1308 7 1
cam_10 11577 1 1
cam_10 11581 1 1
cam_10 11592 4 2
cam_10 11697 3 1
cam_10 11586 7 1
cam_10 11586 7 1
cam_10 11589 1 1
cam_10 11655 1 1
cam_10 11592 12 2
cam_10 11601 1 1
cam_10 11607 1 1
cam_10 11650 1 1
cam_10 175 1 1
cam_10 1314 1 1
cam_10 11601 1 1
cam_10 11637 1 1
cam_10 11601 1 1
cam_10 11614 7 1
cam_10 11629 1 1
cam_10 11607 7 1
cam_10 11668 1 1
cam_10 1296 1 1
cam_10 11634 1 1
cam_10 11641 7 1
cam_10 11638 7 1
cam_10 11694 3 1
cam_10 11692 4 1
cam_10 11659 1 1
cam_10 11686 7 1
cam_10 11656 7 1
cam_10 11643 1 1
cam_10 11692 1 1
cam_10 11661 1 1
cam_10 11641 7 1
cam_10 11701 11 1
cam_10 11695 1 1
cam_10 11674 7 1
cam_10 11673 1 1
cam_10 11707 8 1
cam_10 11683 1 1
cam_10 1320 1 1
cam_10 11685 1 1
cam_10 11725 11 1
cam_10 1324 1 1
cam_10 11701 1 1
cam_10 11899 7 1
cam_10 1344 1 1
cam_10 11772 1 1
cam_10 11847 12 1
cam_10 1357 1 1
cam_10 11752 7 1
cam_10 11817 1 1
cam_10 11805 1 1
cam_10 1323 1 1
cam_10 11774 4 1
cam_10 1302 7 1
cam_10 1380 12 1
cam_10 12270 1 2
cam_10 1321 7 1
cam_10 11842 7 1
cam_10 11821 1 1
cam_10 11864 7 1
cam_10 1363 1 1
cam_10 12021 1 1
cam_10 1386 12 1
cam_10 12001 1 1
cam_10 12009 1 1
cam_10 1318 7 3
cam_10 1371 7 1
cam_10 1333 1 1
cam_10 1465 1 3
cam_10 12019 7 1
cam_10 12021 1 1
cam_10 12043 7 1
cam_10 12010 7 1
cam_10 1324 1 1
cam_10 12051 7 1
cam_10 12043 11 1
cam_10 12064 12 1
cam_10 12033 7 1
cam_10 12073 12 1
cam_10 12021 7 1
cam_10 12055 7 1
cam_10 12073 1 1
cam_10 1339 1 1
cam_10 12099 7 1
cam_10 12043 1 1
cam_10 12060 7 1
cam_10 12057 1 1
cam_10 12060 7 1
cam_10 12064 1 1
cam_10 12097 1 1
cam_10 12112 1 1
cam_10 1330 7 1
cam_10 12078 12 1
cam_10 12099 1 1
cam_10 12052 1 1
cam_10 12057 7 1
cam_10 12087 7 1
cam_10 12085 7 1
cam_10 12085 7 1
cam_10 12067 7 1
cam_10 1347 7 1
cam_10 12216 2 2
cam_10 12103 7 1
cam_10 12114 1 1
cam_10 12130 7 1
cam_10 1354 1 1
cam_10 12076 1 1
cam_10 12102 7 1
cam_10 12112 1 1
cam_10 12103 7 1
cam_10 12090 7 1
cam_10 12099 1 1
cam_10 12163 7 2
cam_10 12204 7 1
cam_10 1402 1 1
cam_10 12114 1 1
cam_10 12120 7 1
cam_10 12114 7 1
cam_10 12112 1 1
cam_10 12099 1 1
cam_10 12114 1 1
cam_10 12097 7 1
cam_10 1335 7 1
cam_10 12130 1 1
cam_10 12129 1 1
cam_10 12103 7 1
cam_10 12136 7 1
cam_10 12195 7 4
cam_10 12114 7 1
cam_10 12112 7 1
cam_10 12150 7 1
cam_10 1342 7 2
cam_10 12133 1 1
cam_10 1338 7 1
cam_10 12280 4 1
cam_10 12141 7 1
cam_10 1342 7 1
cam_10 1368 7 1
cam_10 12139 7 1
cam_10 12166 7 1
cam_10 12148 1 3
cam_10 12216 12 1
cam_10 12187 1 1
cam_10 1337 1 1
cam_10 12267 1 2
cam_10 12316 7 1
cam_10 12325 2 4
cam_10 12405 7 1
cam_10 12211 1 1
cam_10 12193 7 1
cam_10 12192 7 1
cam_10 1410 1 1
cam_10 12187 7 1
cam_10 12222 1 1
cam_10 12201 7 1
cam_10 12237 1 1
cam_10 12201 7 1
cam_10 12352 1 2
cam_10 12213 1 1
cam_10 12214 1 1
cam_10 12244 7 1
cam_10 12223 1 1
cam_10 12519 12 2
cam_10 12256 1 1
cam_10 12259 1 1
cam_10 12241 1 1
cam_10 12259 7 1
cam_10 12253 7 1
cam_10 12271 7 1
cam_10 12372 1 4
cam_10 12268 7 1
cam_10 1387 7 1
cam_10 12292 1 1
cam_10 12297 1 1
cam_10 12285 7 1
cam_10 12295 7 1
cam_10 12400 2 2
cam_10 12277 7 1
cam_10 12261 7 1
cam_10 12295 7 1
cam_10 12309 1 1
cam_10 12297 7 1
cam_10 12303 2 1
cam_10 12297 1 1
cam_10 12318 7 1
cam_10 12307 1 1
cam_10 12303 1 1
cam_10 12297 7 1
cam_10 12307 7 1
cam_10 12319 1 1
cam_10 12322 7 1
cam_10 12322 1 1
cam_10 12415 1 4
cam_10 12313 1 1
cam_10 12331 7 1
cam_10 12331 7 1
cam_10 12322 1 1
cam_10 12391 1 2
cam_10 12333 1 1
cam_10 12331 7 1
cam_10 12370 1 1
cam_10 1396 7 1
cam_10 12549 3 1
cam_10 12384 2 2
cam_10 12354 1 1
cam_10 12339 1 1
cam_10 12348 7 1
cam_10 12335 7 1
cam_10 12357 7 1
cam_10 12336 7 1
cam_10 1488 1 1
cam_10 12378 7 1
cam_10 12391 2 1
cam_10 12547 12 1
cam_10 12364 1 1
cam_10 12361 7 1
cam_10 12385 7 1
cam_10 12450 1 3
cam_10 12379 7 1
cam_10 12577 3 2
cam_10 1404 7 2
cam_10 12388 7 1
cam_10 1419 1 1
cam_10 12394 1 1
cam_10 12396 1 1
cam_10 12424 7 2
cam_10 12396 7 1
cam_10 12490 1 4
cam_10 12454 7 4
cam_10 1411 1 1
cam_10 12414 7 1
cam_10 12549 3 1
cam_10 12415 7 1
cam_10 1416 12 2
cam_10 12406 1 1
cam_10 12424 7 1
cam_10 1392 7 1
cam_10 12423 7 1
cam_10 12424 7 1
cam_10 1420 1 1
cam_10 1368 7 1
cam_10 12486 7 1
cam_10 12418 7 1
cam_10 12417 7 1
cam_10 12447 7 1
cam_10 1423 7 1
cam_10 12468 7 1
cam_10 12475 7 1
cam_10 12474 1 1
cam_10 12472 7 1
cam_10 1431 1 1
cam_10 12482 7 1
cam_10 12462 7 1
cam_10 12476 7 1
cam_10 12474 1 1
cam_10 12501 1 1
cam_10 12519 7 1
cam_10 12520 1 1
cam_10 12508 1 1
cam_10 12490 1 1
cam_10 12508 1 1
cam_10 12520 1 1
cam_10 12858 1 1
cam_10 12558 3 1
cam_10 12501 1 1
cam_10 12606 1 1
cam_10 1440 7 1
cam_10 1441 1 1
cam_10 1585 4 1
cam_10 12717 7 1
cam_10 12667 7 1
cam_10 12618 7 1
cam_10 12682 12 1
cam_10 1517 2 2
cam_10 12874 4 1
cam_10 12715 4 1
cam_10 1428 7 1
cam_10 1419 1 1
cam_10 1515 12 1
cam_10 12679 7 1
cam_10 12963 1 1
cam_10 1428 1 1
cam_10 12858 1 1
cam_10 1437 7 1
cam_10 1488 1 1
cam_10 1437 1 1
cam_10 12766 7 2
cam_10 1440 7 1
cam_10 12757 12 1
cam_10 12844 7 1
cam_10 1458 7 1
cam_10 12832 7 1
cam_10 12865 7 1
cam_10 12843 12 1
cam_10 12846 7 1
cam_10 12874 7 1
cam_10 12885 7 1
cam_10 12886 1 1
cam_10 12952 12 1
cam_10 12864 1 1
cam_10 12892 7 1
cam_10 12886 7 1
cam_10 12864 1 1
cam_10 12864 1 1
cam_10 12882 1 1
cam_10 12862 1 1
cam_10 12907 7 1
cam_10 12895 1 1
cam_10 12864 1 1
cam_10 12865 1 1
cam_10 12864 1 1
cam_10 12895 1 1
cam_10 12877 7 1
cam_10 12891 7 1
cam_10 12864 1 1
cam_10 12886 1 1
cam_10 12898 7 1
cam_10 12913 1 1
cam_10 12895 1 1
cam_10 12919 7 1
cam_10 12886 1 1
cam_10 12871 7 1
cam_10 12981 7 1
cam_10 12906 7 1
cam_10 1500 1 2
cam_10 12898 7 1
cam_10 12997 7 1
cam_10 12921 1 1
cam_10 12931 1 1
cam_10 12919 7 1
cam_10 12895 1 1
cam_10 12895 1 1
cam_10 12936 1 1
cam_10 12910 1 1
cam_10 12930 1 1
cam_10 13017 1 2
cam_10 13039 2 1
cam_10 12969 1 1
cam_10 12987 1 2
cam_10 13126 2 4
cam_10 12972 7 1
cam_10 12982 1 1
cam_10 12979 1 1
cam_10 12994 1 1
cam_10 13006 1 1
cam_10 12990 1 1
cam_10 13063 1 2
cam_10 13009 7 1
cam_10 13101 12 1
cam_10 13009 1 1
cam_10 13009 7 1
cam_10 12994 7 1
cam_10 1474 1 2
cam_10 13033 7 1
cam_10 13009 1 4
cam_10 1503 1 1
cam_10 13018 7 1
cam_10 13047 1 1
cam_10 13053 1 1
cam_10 13009 7 1
cam_10 1548 12 2
cam_10 13033 7 1
cam_10 13057 1 1
cam_10 13033 1 1
cam_10 13057 7 1
cam_10 1459 1 1
cam_10 13069 1 1
cam_10 13056 1 1
cam_10 13056 7 1
cam_10 13171 2 4
cam_10 13066 7 1
cam_10 13084 1 1
cam_10 13068 1 1
cam_10 13069 1 1
cam_10 13060 1 1
cam_10 13107 7 1
cam_10 13093 1 1
cam_10 13068 7 1
cam_10 13072 1 1
cam_10 13077 1 1
cam_10 13090 12 1
cam_10 1468 1 1
cam_10 13062 7 1
cam_10 13317 12 1
cam_10 13072 7 1
cam_10 13087 11 1
cam_10 13081 12 1
cam_10 13068 7 1
cam_10 13098 12 1
cam_10 13077 7 1
cam_10 13098 7 1
cam_10 13080 7 1
cam_10 13098 7 1
cam_10 13095 1 1
cam_10 13098 7 1
cam_10 13102 1 3
cam_10 13141 1 1
cam_10 13108 1 1
cam_10 1570 1 1
cam_10 13135 1 1
cam_10 13108 1 1
cam_10 13108 7 1
cam_10 13138 1 1
cam_10 13129 1 1
cam_10 13129 1 1
cam_10 13147 1 1
cam_10 13156 1 1
cam_10 13204 7 2
cam_10 13149 1 1
cam_10 13161 7 1
cam_10 13144 7 1
cam_10 1578 1 1
cam_10 13141 7 1
cam_10 13162 7 1
cam_10 13153 7 1
cam_10 13173 7 1
cam_10 13180 7 1
cam_10 1513 1 1
cam_10 13165 7 1
cam_10 13177 7 1
cam_10 13500 2 4
cam_10 1485 1 1
cam_10 13201 7 1
cam_10 13189 1 1
cam_10 13192 7 1
cam_10 13204 1 1
cam_10 13389 4 1
cam_10 1530 12 1
cam_10 13204 1 1
cam_10 13198 7 1
cam_10 13219 1 1
cam_10 13213 7 1
cam_10 13204 1 1
cam_10 13227 7 1
cam_10 13218 1 1
cam_10 13284 7 3
cam_10 1504 1 1
cam_10 13227 1 1
cam_10 13291 7 2
cam_10 13234 1 1
cam_10 13236 7 1
cam_10 13227 1 1
cam_10 13230 1 1
cam_10 13231 7 1
cam_10 13338 12 2
cam_10 13260 7 1
cam_10 13264 1 1
cam_10 13251 7 1
cam_10 13246 1 1
cam_10 1582 1 1
cam_10 13246 1 1
cam_10 13270 1 1
cam_10 13264 1 1
cam_10 13276 7 4
cam_10 13261 1 1
cam_10 13264 1 1
cam_10 13287 1 1
cam_10 13272 7 1
cam_10 1542 7 1
cam_10 13278 1 1
cam_10 13278 1 1
cam_10 13393 7 3
cam_10 13278 1 1
cam_10 13299 1 1
cam_10 13303 1 1
cam_10 13323 7 1
cam_10 1539 12 1
cam_10 13353 12 1
cam_10 13357 8 1
cam_10 13344 7 1
cam_10 13322 7 1
cam_10 1609 1 2
cam_10 13378 8 1
cam_10 13341 1 1
cam_10 13411 7 1
cam_10 1561 7 1
cam_10 13422 1 1
cam_10 13395 3 1
cam_10 13419 7 1
cam_10 1570 12 2
cam_10 1579 7 1
cam_10 13444 7 1
cam_10 13432 7 1
cam_10 1585 1 1
cam_10 13432 1 4
cam_10 13500 1 1
cam_10 13500 1 1
cam_10 1581 7 1
cam_10 1596 7 1
cam_10 1770 12 2
cam_10 1624 1 1
cam_10 1647 1 1
cam_10 1642 7 1
cam_10 1593 7 1
cam_10 1633 1 1
cam_10 1656 4 1
cam_10 1770 11 1
cam_10 1753 3 1
cam_10 1674 1 1
cam_10 1648 1 1
cam_10 1702 2 1
cam_10 1738 1 2
cam_10 1714 7 1
cam_10 1696 1 1
cam_10 1721 1 2
cam_10 1759 7 1
cam_10 1738 1 1
cam_10 1776 1 1
cam_10 1789 7 1
cam_10 1786 7 1
cam_10 289 8 1
cam_10 1813 7 1
cam_10 1953 7 4
cam_10 1869 7 1
cam_10 1896 7 2
cam_10 1960 1 1
cam_10 1960 7 2
cam_10 2187 1 2
cam_10 2068 7 2
cam_10 1936 7 1
cam_10 2209 4 2
cam_10 2265 1 2
cam_10 2151 1 1
cam_10 1981 12 1
cam_10 370 7 1
cam_10 2019 1 1
cam_10 367 7 1
cam_10 2056 12 1
cam_10 2055 12 1
cam_10 2055 7 1
cam_10 2050 7 1
cam_10 2070 7 1
cam_10 2062 12 1
cam_10 2076 1 1
cam_10 400 1 1
cam_10 2067 7 1
cam_10 2082 1 1
cam_10 2071 7 1
cam_10 2085 7 1
cam_10 2086 1 1
cam_10 387 1 1
cam_10 358 7 1
cam_10 2097 7 1
cam_10 2086 7 1
cam_10 2097 7 1
cam_10 2086 1 1
cam_10 2110 1 1
cam_10 2299 2 2
cam_10 2071 7 1
cam_10 2107 1 1
cam_10 2095 7 1
cam_10 2096 7 1
cam_10 2086 7 1
cam_10 2118 1 1
cam_10 2128 1 1
cam_10 2128 1 1
cam_10 2106 1 1
cam_10 2103 1 1
cam_10 2109 1 1
cam_10 2116 7 1
cam_10 2118 1 1
cam_10 2104 1 1
cam_10 2122 7 1
cam_10 2118 1 1
cam_10 2118 1 1
cam_10 400 2 1
cam_10 2128 7 1
cam_10 2164 1 1
cam_10 2118 7 1
cam_10 2131 7 1
cam_10 385 7 1
cam_10 2118 7 1
cam_10 2134 7 1
cam_10 2130 7 1
cam_10 2130 7 1
cam_10 2149 7 1
cam_10 400 1 1
cam_10 2172 1 1
cam_10 2131 7 1
cam_10 2130 7 1
cam_10 2215 12 2
cam_10 2146 7 1
cam_10 2173 7 1
cam_10 2316 1 1
cam_10 2145 1 1
cam_10 486 1 2
cam_10 2172 7 1
cam_10 2161 7 1
cam_10 2191 12 1
cam_10 2175 1 1
cam_10 2197 7 1
cam_10 2181 7 1
cam_10 2224 7 1
cam_10 2221 1 1
cam_10 2173 7 1
cam_10 2217 1 1
cam_10 2188 7 1
cam_10 2190 7 1
cam_10 400 7 1
cam_10 2192 7 1
cam_10 2203 12 1
cam_10 2232 7 1
cam_10 2205 7 1
cam_10 2220 7 1
cam_10 2230 1 1
cam_10 2298 7 1
cam_10 2221 1 1
cam_10 2238 1 1
cam_10 2220 1 1
cam_10 2273 7 1
cam_10 2322 7 1
cam_10 468 2 2
cam_10 2236 1 1
cam_10 2224 1 1
cam_10 2377 2 4
cam_10 2254 1 1
cam_10 2217 1 1
cam_10 2259 1 1
cam_10 2254 1 1
cam_10 2244 1 1
cam_10 2265 1 1
cam_10 43 7 1
cam_10 400 7 1
cam_10 2244 1 1
cam_10 2239 1 1
cam_10 2268 7 1
cam_10 2342 1 1
cam_10 2256 7 1
cam_10 409 1 1
cam_10 2263 7 1
cam_10 2271 7 1
cam_10 2290 1 1
cam_10 2329 1 2
cam_10 2332 7 1
cam_10 368 7 1
cam_10 2313 7 1
cam_10 2271 4 1
cam_10 2283 1 2
cam_10 381 7 1
cam_10 2310 1 1
cam_10 2310 1 1
cam_10 2283 1 1
cam_10 2283 1 1
cam_10 2316 1 1
cam_10 2394 12 2
cam_10 2296 7 1
cam_10 450 12 1
cam_10 2317 1 1
cam_10 2316 7 1
cam_10 2313 1 1
cam_10 2287 7 1
cam_10 2317 7 1
cam_10 376 7 1
cam_10 2325 1 1
cam_10 2320 7 1
cam_10 372 7 1
cam_10 2386 2 2
cam_10 2409 1 1
cam_10 2337 7 1
cam_10 2335 7 1
cam_10 2334 1 1
cam_10 2343 7 1
cam_10 2356 1 1
cam_10 2352 7 1
cam_10 400 1 1
cam_10 2334 1 1
cam_10 2467 2 4
cam_10 2428 1 1
cam_10 400 1 1
cam_10 2433 1 1
cam_10 2392 2 1
cam_10 2452 1 2
cam_10 397 7 1
cam_10 2437 1 1
cam_10 2417 2 1
cam_10 2520 12 1
cam_10 2382 12 1
cam_10 489 1 1
cam_10 2430 1 1
cam_10 2469 1 1
cam_10 2544 1 2
cam_10 2448 2 1
cam_10 2412 7 2
cam_10 2439 1 1
cam_10 2508 7 4
cam_10 2488 1 1
cam_10 2442 1 1
cam_10 412 7 1
cam_10 2557 7 3
cam_10 2481 7 1
cam_10 2511 1 1
cam_10 2506 7 1
cam_10 456 12 1
cam_10 2506 7 1
cam_10 2478 7 1
cam_10 2622 2 2
cam_10 2527 7 1
cam_10 2520 7 1
cam_10 2562 1 1
cam_10 2518 1 1
cam_10 2527 7 1
cam_10 2608 2 2
cam_10 420 7 1
cam_10 2547 7 1
cam_10 2586 1 1
cam_10 2520 7 1
cam_10 2722 7 4
cam_10 2550 7 1
cam_10 2610 1 1
cam_10 2563 1 1
cam_10 2595 7 1
cam_10 2557 7 1
cam_10 429 1 1
cam_10 2641 12 1
cam_10 2722 7 4
cam_10 2580 4 4
cam_10 2599 7 1
cam_10 2599 3 1
cam_10 2790 2 4
cam_10 393 1 1
cam_10 2616 7 1
cam_10 2689 7 1
cam_10 2676 7 1
cam_10 2697 7 1
cam_10 2619 12 4
cam_10 516 4 1
cam_10 2706 7 1
cam_10 2671 3 1
cam_10 421 1 1
cam_10 2934 7 1
cam_10 2678 7 1
cam_10 399 7 1
cam_10 2838 1 1
cam_10 397 7 1
cam_10 2892 7 4
cam_10 420 1 1
cam_10 2800 7 2
cam_10 2883 5 1
cam_10 2853 12 1
cam_10 2860 7 2
cam_10 2814 7 1
cam_10 400 7 1
cam_10 2887 7 2
cam_10 441 1 1
cam_10 2952 1 1
cam_10 2932 8 1
cam_10 2949 12 1
cam_10 2932 7 1
cam_10 529 2 2
cam_10 2932 7 1
cam_10 2967 1 1
cam_10 2932 7 1
cam_10 2992 1 1
cam_10 2982 1 1
cam_10 2953 1 1
cam_10 2967 7 1
cam_10 2941 7 1
cam_10 396 1 1
cam_10 2991 1 1
cam_10 2976 1 1
cam_10 2982 7 1
cam_10 2980 7 1
cam_10 3003 1 1
cam_10 3007 7 1
cam_10 400 1 1
cam_10 2953 7 1
cam_10 3009 1 1
cam_10 3045 12 2
cam_10 2985 7 1
cam_10 3043 2 1
cam_10 402 7 1
cam_10 2988 1 1
cam_10 2971 7 1
cam_10 2995 7 1
cam_10 3004 1 1
cam_10 424 7 1
cam_10 2986 7 1
cam_10 3052 12 1
cam_10 3015 7 1
cam_10 3048 12 1
cam_10 2998 7 1
cam_10 3051 1 1
cam_10 3016 1 1
cam_10 3019 7 1
cam_10 3003 7 1
cam_10 3030 7 1
cam_10 3021 1 1
cam_10 444 1 1
cam_10 3028 7 1
cam_10 3051 1 1
cam_10 3034 7 1
cam_10 3051 1 1
cam_10 3108 7 1
cam_10 3016 1 1
cam_10 3004 7 1
cam_10 3007 7 1
cam_10 3030 7 1
cam_10 3261 2 2
cam_10 3058 1 1
cam_10 3021 7 1
cam_10 3021 7 1
cam_10 3036 7 1
cam_10 3048 7 1
cam_10 3028 7 1
cam_10 3070 1 1
cam_10 3043 1 1
cam_10 3080 7 1
cam_10 3114 1 2
cam_10 3060 7 1
cam_10 3046 1 1
cam_10 3072 1 2
cam_10 3051 1 1
cam_10 3127 7 1
cam_10 3075 1 1
cam_10 3061 7 1
cam_10 3091 7 1
cam_10 3142 12 2
cam_10 3099 7 1
cam_10 3088 7 1
cam_10 3075 1 1
cam_10 3087 1 1
cam_10 3082 7 4
cam_10 3103 1 1
cam_10 3090 1 1
cam_10 3283 12 1
cam_10 3148 1 1
cam_10 3154 7 1
cam_10 3118 7 2
cam_10 3115 7 1
cam_10 448 7 1
cam_10 3123 7 1
cam_10 3148 7 1
cam_10 3138 7 1
cam_10 3150 7 1
cam_10 3151 1 1
cam_10 3141 7 2
cam_10 3163 1 1
cam_10 3156 1 1
cam_10 3168 1 1
cam_10 3192 12 1
cam_10 3156 1 1
cam_10 3156 1 1
cam_10 423 7 1
cam_10 462 4 1
cam_10 3217 1 1
cam_10 3205 12 3
cam_10 3222 1 1
cam_10 3220 4 1
cam_10 429 7 1
cam_10 3222 7 1
cam_10 3222 1 1
cam_10 3220 7 1
cam_10 3222 1 1
cam_10 429 1 1
cam_10 3220 7 1
cam_10 3265 1 1
cam_10 72 7 1
cam_10 442 7 1
cam_10 3264 1 1
cam_10 3312 1 2
cam_10 3241 1 1
cam_10 3373 2 4
cam_10 3279 1 1
cam_10 3261 1 1
cam_10 3324 7 1
cam_10 3295 1 1
cam_10 3319 7 1
cam_10 3325 1 2
cam_10 457 1 1
cam_10 3280 1 1
cam_10 3297 12 1
cam_10 3301 7 1
cam_10 3301 7 1
cam_10 616 1 2
cam_10 3297 1 1
cam_10 3297 7 1
cam_10 3346 1 2
cam_10 499 1 1
cam_10 3320 7 1
cam_10 3301 1 1
cam_10 462 1 1
cam_10 3355 1 1
cam_10 3351 1 1
cam_10 3384 1 1
cam_10 3421 1 1
cam_10 3501 3 1
cam_10 3421 1 1
cam_10 3541 12 1
cam_10 3421 1 1
cam_10 3594 6 1
cam_10 3430 1 1
cam_10 166 12 1
cam_10 3453 7 1
cam_10 3480 7 1
cam_10 3516 7 1
cam_10 469 7 1
cam_10 450 7 1
cam_10 3529 1 1
cam_10 685 12 2
cam_10 3549 12 1
cam_10 3586 12 1
cam_10 48 1 1
cam_10 3633 7 1
cam_10 468 1 1
cam_10 3778 1 1
cam_10 472 7 1
cam_10 3567 7 1
cam_10 3610 7 1
cam_10 3775 1 1
cam_10 3789 1 1
cam_10 472 7 1
cam_10 468 1 1
cam_10 3759 7 1
cam_10 3751 12 1
cam_10 3772 1 1
cam_10 3735 7 1
cam_10 3771 7 1
cam_10 3775 7 1
cam_10 3747 7 1
cam_10 469 7 1
cam_10 3739 7 1
cam_10 3753 7 1
cam_10 3757 7 1
cam_10 3772 1 1
cam_10 3756 7 1
cam_10 3784 7 1
cam_10 3796 1 1
cam_10 525 7 1
cam_10 3979 1 2
cam_10 3833 1 1
cam_10 3787 7 1
cam_10 3780 1 1
cam_10 3801 1 1
cam_10 3778 1 1
cam_10 3787 7 1
cam_10 3789 7 1
cam_10 469 4 1
cam_10 3796 1 1
cam_10 3829 1 1
cam_10 3789 7 1
cam_10 3810 7 1
cam_10 3801 1 1
cam_10 3796 7 1
cam_10 3816 1 1
cam_10 3834 12 1
cam_10 468 7 1
cam_10 3840 1 1
cam_10 3813 7 1
cam_10 498 1 1
cam_10 3796 1 1
cam_10 3885 2 4
cam_10 3796 7 1
cam_10 3846 1 1
cam_10 3852 1 1
cam_10 3826 7 1
cam_10 3820 7 1
cam_10 3825 1 1
cam_10 3858 1 1
cam_10 3823 7 1
cam_10 3850 1 1
cam_10 3835 7 1
cam_10 3831 7 1
cam_10 3825 1 1
cam_10 504 1 1
cam_10 3855 1 1
cam_10 3865 7 1
cam_10 3876 1 1
cam_10 3945 7 4
cam_10 3844 7 1
cam_10 3891 7 1
cam_10 3847 7 1
cam_10 3910 1 1
cam_10 3873 7 1
cam_10 493 1 1
cam_10 3868 7 1
cam_10 3898 7 1
cam_10 3906 7 1
cam_10 3913 1 1
cam_10 3910 7 1
cam_10 3891 1 1
cam_10 3895 7 1
cam_10 3925 7 1
cam_10 3927 1 1
cam_10 3912 1 1
cam_10 3915 7 1
cam_10 3919 7 1
cam_10 3912 7 1
cam_10 3912 7 1
cam_10 3915 7 1
cam_10 3928 7 1
cam_10 3936 1 1
cam_10 3954 7 1
cam_10 3942 1 1
cam_10 3942 1 1
cam_10 517 7 1
cam_10 4033 12 1
cam_10 3942 1 1
cam_10 3967 7 1
cam_10 3933 1 1
cam_10 3931 1 1
cam_10 492 1 1
cam_10 3964 1 1
cam_10 3942 1 1
cam_10 3942 1 1
cam_10 4477 2 2
cam_10 3960 1 1
cam_10 4002 1 4
cam_10 3973 1 1
cam_10 489 1 1
cam_10 3954 1 1
cam_10 4021 12 1
cam_10 3993 1 1
cam_10 3973 1 1
cam_10 4054 12 2
cam_10 3975 1 1
cam_10 486 1 1
cam_10 4030 12 1
cam_10 516 1 1
cam_10 3999 1 1
cam_10 4068 1 1
cam_10 4005 1 1
cam_10 4075 7 1
cam_10 525 1 1
cam_10 4176 2 2
cam_10 4158 1 2
cam_10 4095 3 1
cam_10 4120 1 1
cam_10 519 1 1
cam_10 4081 1 1
cam_10 4087 1 1
cam_10 4081 1 1
cam_10 4089 1 1
cam_10 4110 7 1
cam_10 4102 1 1
cam_10 4119 1 1
cam_10 4089 1 1
cam_10 4192 1 2
cam_10 615 2 4
cam_10 4126 1 1
cam_10 4150 1 1
cam_10 4140 7 1
cam_10 4134 7 1
cam_10 502 1 1
cam_10 4150 1 1
cam_10 4156 7 1
cam_10 4231 12 4
cam_10 4173 7 1
cam_10 4135 7 1
cam_10 4158 1 1
cam_10 4136 1 1
cam_10 4192 1 1
cam_10 507 1 1
cam_10 4209 7 1
cam_10 4170 1 1
cam_10 4150 1 1
cam_10 4186 7 1
cam_10 4165 1 1
cam_10 4209 7 1
cam_10 4201 1 1
cam_10 4213 1 1
cam_10 4210 7 1
cam_10 4254 12 2
cam_10 510 1 1
cam_10 4230 7 1
cam_10 4210 1 1
cam_10 4240 7 1
cam_10 511 7 1
cam_10 4261 7 1
cam_10 4282 1 1
cam_10 4275 1 1
cam_10 4323 7 1
cam_10 4275 1 1
cam_10 4272 7 1
cam_10 4275 1 1
cam_10 534 1 1
cam_10 4281 1 1
cam_10 4284 1 1
cam_10 523 1 1
cam_10 4266 1 1
cam_10 4273 1 1
cam_10 4288 1 1
cam_10 4296 1 1
cam_10 4560 12 1
cam_10 546 1 1
cam_10 517 1 1
cam_10 4293 1 1
cam_10 534 1 1
cam_10 547 7 1
cam_10 525 1 1
cam_10 4425 7 2
cam_10 684 12 1
cam_10 547 7 1
cam_10 4360 7 1
cam_10 4405 7 1
cam_10 543 1 1
cam_10 576 1 1
cam_10 4464 7 2
cam_10 541 1 1
cam_10 4585 1 1
cam_10 4416 1 1
cam_10 555 1 1
cam_10 4504 12 1
cam_10 4555 7 1
cam_10 4513 1 1
cam_10 555 7 1
cam_10 700 3 1
cam_10 4540 7 1
cam_10 4560 4 1
cam_10 547 1 1
cam_10 4569 7 1
cam_10 546 7 1
cam_10 550 1 1
cam_10 4560 7 1
cam_10 4560 7 1
cam_10 4648 1 2
cam_10 567 7 1
cam_10 4605 7 1
cam_10 631 2 2
cam_10 4585 1 1
cam_10 4578 1 1
cam_10 4708 1 1
cam_10 4821 1 1
cam_10 4630 1 1
cam_10 558 7 1
cam_10 4581 1 1
cam_10 4581 1 1
cam_10 4599 7 1
cam_10 4651 7 4
cam_10 4585 7 1
cam_10 4620 7 1
cam_10 4587 7 1
cam_10 4615 1 1
cam_10 4641 7 1
cam_10 4621 1 1
cam_10 4608 1 1
cam_10 4611 1 1
cam_10 550 1 1
cam_10 4618 1 1
cam_10 4624 7 1
cam_10 4600 1 1
cam_10 4606 1 1
cam_10 4608 1 1
cam_10 4620 1 1
cam_10 4621 1 1
cam_10 4639 7 1
cam_10 4647 1 1
cam_10 4606 7 1
cam_10 4633 1 1
cam_10 4633 7 1
cam_10 4617 1 1
cam_10 4653 4 2
cam_10 4620 7 2
cam_10 4642 7 1
cam_10 4653 7 1
cam_10 4642 7 1
cam_10 4671 1 1
cam_10 583 7 1
cam_10 4632 1 4
cam_10 4638 7 1
cam_10 4644 7 1
cam_10 4642 7 1
cam_10 4668 7 1
cam_10 4653 7 1
cam_10 4648 1 1
cam_10 568 1 1
cam_10 4671 7 1
cam_10 4648 7 1
cam_10 4653 7 1
cam_10 574 1 1
cam_10 4653 7 1
cam_10 4653 7 1
cam_10 4680 1 1
cam_10 535 1 4
cam_10 4758 4 2
cam_10 550 1 1
cam_10 4773 1 1
cam_10 4707 12 1
cam_10 625 7 1
cam_10 4671 1 3
cam_10 4714 1 1
cam_10 4671 7 1
cam_10 4758 7 3
cam_10 4726 1 1
cam_10 543 1 4
cam_10 4758 4 4
cam_10 4717 1 1
cam_10 4759 2 1
cam_10 4740 1 1
cam_10 4710 7 1
cam_10 4758 7 2
cam_10 4738 7 1
cam_10 4747 7 1
cam_10 4758 7 1
cam_10 4743 7 1
cam_10 4758 1 4
cam_10 4764 7 1
cam_10 4779 7 1
cam_10 567 1 1
cam_10 4735 1 1
cam_10 4759 7 1
cam_10 4758 7 1
cam_10 4758 7 1
cam_10 4758 7 1
cam_10 4807 7 1
cam_10 4840 1 2
cam_10 4863 12 2
cam_10 4803 1 1
cam_10 4767 1 1
cam_10 580 1 1
cam_10 4767 1 1
cam_10 4834 12 1
cam_10 4798 1 1
cam_10 4773 1 1
cam_10 4891 12 2
cam_10 4803 1 1
cam_10 4927 12 1
cam_10 4819 1 1
cam_10 577 7 1
cam_10 4849 12 1
cam_10 4896 7 1
cam_10 4840 7 1
cam_10 580 7 1
cam_10 589 7 1
cam_10 4854 7 1
cam_10 4871 7 1
cam_10 4938 12 2
cam_10 4875 1 1
cam_10 4887 1 1
cam_10 610 7 1
cam_10 4896 1 1
cam_10 4887 7 1
cam_10 580 1 1
cam_10 648 2 2
cam_10 4959 7 1
cam_10 4934 7 1
cam_10 600 7 1
cam_10 4960 12 1
cam_10 4969 7 1
cam_10 4972 7 1
cam_10 4974 7 1
cam_10 5191 7 1
cam_10 4974 7 1
cam_10 580 1 1
cam_10 4979 7 1
cam_10 4974 7 1
cam_10 5121 12 2
cam_10 606 1 1
cam_10 4983 1 1
cam_10 5019 7 1
cam_10 4983 1 1
cam_10 586 1 1
cam_10 5077 7 1
cam_10 594 7 1
cam_10 5016 1 1
cam_10 595 1 1
cam_10 5098 7 1
cam_10 5070 7 1
cam_10 5131 1 1
cam_10 664 11 1
cam_10 5080 7 1
cam_10 5104 7 1
cam_10 599 7 4
cam_10 5178 7 2
cam_10 5383 1 1
cam_10 5163 7 1
cam_10 5160 1 1
cam_10 5373 1 1
cam_10 649 7 1
cam_10 5290 1 1
cam_10 5421 7 1
cam_10 5317 1 4
cam_10 5329 12 1
cam_10 5307 7 1
cam_10 5329 12 1
cam_10 706 2 2
cam_10 5320 7 1
cam_10 5328 12 1
cam_10 5299 7 1
cam_10 5304 7 1
cam_10 5370 1 1
cam_10 5320 7 1
cam_10 5415 7 1
cam_10 633 1 1
cam_10 5523 1 1
cam_10 5338 7 1
cam_10 5340 7 1
cam_10 606 1 1
cam_10 5382 7 1
cam_10 5377 1 1
cam_10 5374 1 1
cam_10 5341 7 1
cam_10 5373 7 1
cam_10 5383 7 1
cam_10 5389 7 1
cam_10 5355 7 1
cam_10 5364 7 1
cam_10 5392 1 1
cam_10 5383 7 1
cam_10 5401 1 1
cam_10 5470 2 2
cam_10 5406 1 1
cam_10 5401 7 1
cam_10 5403 7 1
cam_10 5385 1 1
cam_10 5385 7 1
cam_10 5404 7 1
cam_10 5398 1 1
cam_10 5490 7 1
cam_10 5394 1 1
cam_10 5407 1 1
cam_10 5416 1 1
cam_10 5442 7 1
cam_10 625 1 1
cam_10 5410 1 1
cam_10 5418 1 1
cam_10 5425 1 1
cam_10 5410 1 1
cam_10 5614 12 2
cam_10 5406 1 1
cam_10 5530 1 2
cam_10 5428 1 2
cam_10 5466 1 1
cam_10 5461 1 1
cam_10 5688 12 1
cam_10 5488 7 3
cam_10 5421 7 1
cam_10 5457 1 1
cam_10 651 7 1
cam_10 5460 7 1
cam_10 5436 7 1
cam_10 5469 7 1
cam_10 5467 7 1
cam_10 5560 2 1
cam_10 5496 1 1
cam_10 5481 1 1
cam_10 622 1 1
cam_10 5677 2 2
cam_10 5481 1 1
cam_10 5467 7 1
cam_10 5499 1 1
cam_10 5494 7 1
cam_10 5490 1 1
cam_10 5508 1 1
cam_10 5539 7 1
cam_10 5505 7 1
cam_10 5535 7 1
cam_10 5539 7 1
cam_10 631 7 1
cam_10 5527 1 1
cam_10 5550 1 1
cam_10 633 1 1
cam_10 5539 1 1
cam_10 5548 1 1
cam_10 5544 7 1
cam_10 5532 7 1
cam_10 5646 12 2
cam_10 5554 1 1
cam_10 5553 7 1
cam_10 5560 1 1
cam_10 5554 1 1
cam_10 5560 1 1
cam_10 5560 1 1
cam_10 5560 1 1
cam_10 5560 1 1
cam_10 5575 1 1
cam_10 5575 1 1
cam_10 633 1 1
cam_10 5575 1 1
cam_10 5575 12 1
cam_10 5593 1 1
cam_10 5602 1 1
cam_10 5677 1 1
cam_10 5677 4 2
cam_10 5668 7 1
cam_10 5677 1 1
cam_10 5791 1 1
cam_10 5763 1 1
cam_10 5668 1 1
cam_10 5752 1 1
cam_10 5682 7 1
cam_10 5677 1 1
cam_10 5703 7 1
cam_10 43 7 1
cam_10 5677 7 1
cam_10 5745 7 1
cam_10 5839 8 1
cam_10 5715 1 2
cam_10 5719 1 1
cam_10 687 7 1
cam_10 5754 7 1
cam_10 5719 7 1
cam_10 5745 7 1
cam_10 5766 1 1
cam_10 5784 1 4
cam_10 5731 1 1
cam_10 5745 1 1
cam_10 5737 1 1
cam_10 5839 2 4
cam_10 5747 7 1
cam_10 5797 7 1
cam_10 5770 1 1
cam_10 5832 3 1
cam_10 5793 1 1
cam_10 5883 1 2
cam_10 5784 1 1
cam_10 649 1 1
cam_10 5793 1 1
cam_10 639 7 1
cam_10 5808 1 1
cam_10 5818 1 1
cam_10 5851 4 1
cam_10 5890 7 1
cam_10 5872 7 1
cam_10 5844 7 1
cam_10 5868 7 1
cam_10 5884 8 1
cam_10 735 2 2
cam_10 649 7 1
cam_10 5913 7 1
cam_10 681 7 1
cam_10 6162 7 1
cam_10 5965 12 1
cam_10 664 7 1
cam_10 5944 7 1
cam_10 769 2 2
cam_10 694 12 1
cam_10 6039 7 2
cam_10 6202 1 1
cam_10 664 7 1
cam_10 6012 7 1
cam_10 6198 1 1
cam_10 6078 12 1
cam_10 840 7 1
cam_10 6109 7 2
cam_10 6154 7 1
cam_10 6154 12 1
cam_10 6147 7 1
cam_10 6187 7 1
cam_10 6208 1 1
cam_10 6208 1 1
cam_10 6187 7 1
cam_10 6180 7 1
cam_10 6154 7 1
cam_10 6193 7 1
cam_10 6169 7 1
cam_10 6205 7 1
cam_10 6436 1 3
cam_10 6165 7 1
cam_10 6282 1 1
cam_10 6318 7 3
cam_10 6211 1 1
cam_10 6226 1 1
cam_10 6214 1 1
cam_10 6232 1 1
cam_10 6297 2 2
cam_10 6241 1 1
cam_10 6261 1 1
cam_10 6232 1 1
cam_10 6358 1 1
cam_10 6226 1 1
cam_10 6301 7 1
cam_10 6276 7 1
cam_10 6342 1 2
cam_10 6243 1 1
cam_10 6243 1 1
cam_10 6241 7 1
cam_10 6283 1 1
cam_10 6300 7 1
cam_10 6268 1 1
cam_10 6291 1 1
cam_10 6282 1 1
cam_10 6261 1 1
cam_10 6300 7 1
cam_10 6249 7 1
cam_10 6363 2 2
cam_10 6283 7 1
cam_10 6544 2 2
cam_10 6273 7 1
cam_10 6273 1 1
cam_10 6529 4 1
cam_10 6327 7 1
cam_10 6297 1 1
cam_10 6273 7 1
cam_10 6277 1 1
cam_10 6289 7 1
cam_10 6291 7 1
cam_10 766 1 1
cam_10 6297 1 1
cam_10 6319 1 1
cam_10 6288 7 1
cam_10 6298 7 1
cam_10 6322 1 1
cam_10 6289 1 1
cam_10 6285 7 1
cam_10 6307 1 1
cam_10 6316 1 1
cam_10 6313 1 1
cam_10 6312 7 1
cam_10 688 7 1
cam_10 6336 7 1
cam_10 6330 1 1
cam_10 6298 1 1
cam_10 6442 2 2
cam_10 6327 1 1
cam_10 6342 1 1
cam_10 6345 1 1
cam_10 6336 1 1
cam_10 6351 7 1
cam_10 6354 7 1
cam_10 6325 7 1
cam_10 6363 7 1
cam_10 6361 7 1
cam_10 6609 12 1
cam_10 831 7 3
cam_10 6414 1 2
cam_10 6354 7 1
cam_10 6369 7 1
cam_10 6466 2 2
cam_10 6387 7 1
cam_10 6358 1 1
cam_10 6414 1 1
cam_10 6385 1 1
cam_10 6373 7 1
cam_10 6412 1 1
cam_10 6396 7 1
cam_10 6379 1 1
cam_10 6391 1 1
cam_10 6390 7 1
cam_10 6583 11 1
cam_10 6489 7 1
cam_10 6397 1 1
cam_10 6408 7 1
cam_10 6420 1 1
cam_10 6394 1 1
cam_10 6387 7 2
cam_10 6429 7 1
cam_10 6420 1 1
cam_10 760 2 1
cam_10 6438 7 1
cam_10 6445 1 1
cam_10 6421 7 1
cam_10 6450 1 1
cam_10 6426 1 1
cam_10 6459 1 1
cam_10 6517 1 2
cam_10 816 12 1
cam_10 6441 1 1
cam_10 6544 4 2
cam_10 6481 1 1
cam_10 6508 7 2
cam_10 6529 7 2
cam_10 6510 7 1
cam_10 6495 7 1
cam_10 6538 1 1
cam_10 6538 1 1
cam_10 6540 7 1
cam_10 6544 7 2
cam_10 6528 1 1
cam_10 6622 12 1
cam_10 6535 7 1
cam_10 6544 7 1
cam_10 6645 12 2
cam_10 6757 7 1
cam_10 726 1 1
cam_10 6595 12 2
cam_10 6592 7 1
cam_10 6664 1 1
cam_10 6562 1 1
cam_10 6598 7 1
cam_10 6597 1 2
cam_10 6559 7 1
cam_10 6601 7 1
cam_10 6616 7 2
cam_10 6661 1 1
cam_10 6618 7 1
cam_10 6577 7 1
cam_10 6669 2 3
cam_10 6645 12 1
cam_10 843 12 1
cam_10 6586 7 1
cam_10 6581 7 1
cam_10 6625 7 1
cam_10 6627 7 1
cam_10 763 1 1
cam_10 6675 1 1
cam_10 6678 1 1
cam_10 6658 12 1
cam_10 6663 7 1
cam_10 6738 2 2
cam_10 6645 1 1
cam_10 786 7 1
cam_10 6691 7 1
cam_10 6666 7 1
cam_10 6676 7 1
cam_10 6651 7 1
cam_10 6682 7 1
cam_10 6652 1 1
cam_10 6690 7 1
cam_10 766 1 1
cam_10 6679 7 1
cam_10 6720 7 1
cam_10 6783 7 1
cam_10 7191 12 1
cam_10 763 1 1
cam_10 6754 7 1
cam_10 6793 1 4
cam_10 6868 12 1
cam_10 6859 1 1
cam_10 6747 1 1
cam_10 6792 7 1
cam_10 6939 7 1
cam_10 6952 7 2
cam_10 784 7 1
cam_10 819 1 1
cam_10 7192 1 1
cam_10 7044 1 1
cam_10 7131 12 1
cam_10 7054 1 1
cam_10 7039 7 1
cam_10 7191 7 1
cam_10 7044 7 1
cam_10 7020 7 1
cam_10 765 7 3
cam_10 7042 7 1
cam_10 7018 1 1
cam_10 7044 1 1
cam_10 7029 7 1
cam_10 7051 1 1
cam_10 7084 7 1
cam_10 7065 7 1
cam_10 7033 7 1
cam_10 7057 1 1
cam_10 7078 7 1
cam_10 7054 1 1
cam_10 7063 1 1
cam_10 7072 7 1
cam_10 7063 1 1
cam_10 7077 1 1
cam_10 7060 7 1
cam_10 7086 7 1
cam_10 858 12 4
cam_10 7054 1 1
cam_10 7065 7 1
cam_10 7137 7 4
cam_10 7126 3 1
cam_10 825 1 1
cam_10 7084 7 1
cam_10 7089 7 1
cam_10 7045 7 1
cam_10 7104 1 1
cam_10 7083 1 1
cam_10 7063 1 1
cam_10 7107 7 1
cam_10 7096 1 1
cam_10 7099 1 1
cam_10 7074 7 1
cam_10 7111 7 1
cam_10 7105 1 1
cam_10 7071 7 1
cam_10 7129 7 1
cam_10 7095 7 1
cam_10 7111 7 1
cam_10 7119 1 1
cam_10 7108 1 1
cam_10 7162 1 1
cam_10 784 1 3
cam_10 7111 7 1
cam_10 7108 7 1
cam_10 7108 1 1
cam_10 7120 7 1
cam_10 7482 12 2
cam_10 7098 7 1
cam_10 7141 1 1
cam_10 7153 7 1
cam_10 7243 1 3
cam_10 7129 7 1
cam_10 7153 7 1
cam_10 7131 1 1
cam_10 7134 7 1
cam_10 7159 7 1
cam_10 7218 4 1
cam_10 7168 7 1
cam_10 7168 1 1
cam_10 7156 7 1
cam_10 7177 7 1
cam_10 7165 1 1
cam_10 7192 1 1
cam_10 7171 7 1
cam_10 7221 7 1
cam_10 7171 7 1
cam_10 7183 1 1
cam_10 7219 7 1
cam_10 7185 7 1
cam_10 807 12 1
cam_10 7317 2 2
cam_10 7189 7 1
cam_10 7213 7 1
cam_10 7221 7 1
cam_10 7216 7 1
cam_10 7177 7 1
cam_10 7213 1 1
cam_10 7222 7 1
cam_10 7192 7 1
cam_10 7245 7 1
cam_10 7207 7 1
cam_10 7215 1 1
cam_10 7242 7 1
cam_10 7218 7 1
cam_10 7221 1 1
cam_10 7273 2 1
cam_10 7251 7 1
cam_10 7221 7 1
cam_10 7261 7 1
cam_10 7260 7 1
cam_10 7272 7 1
cam_10 7279 7 1
cam_10 7246 7 1
cam_10 7282 1 1
cam_10 7281 7 1
cam_10 7248 7 1
cam_10 7464 12 1
cam_10 7482 3 1
cam_10 7326 4 1
cam_10 7258 1 4
cam_10 7260 7 1
cam_10 7296 1 1
cam_10 7605 4 1
cam_10 7282 7 1
cam_10 7294 1 1
cam_10 7267 7 1
cam_10 861 7 1
cam_10 7272 7 1
cam_10 7294 7 1
cam_10 7341 7 1
cam_10 7288 7 1
cam_10 7417 2 1
cam_10 7332 7 1
cam_10 7290 1 1
cam_10 7302 1 1
cam_10 7336 7 1
cam_10 7303 1 1
cam_10 7359 1 2
cam_10 7308 1 1
cam_10 7321 7 1
cam_10 7509 12 1
cam_10 7308 7 1
cam_10 7311 1 4
cam_10 7309 7 1
cam_10 7335 4 1
cam_10 7326 7 1
cam_10 7324 7 1
cam_10 7344 1 1
cam_10 7333 7 1
cam_10 7395 6 3
cam_10 7350 1 1
cam_10 7438 12 1
cam_10 7359 7 1
cam_10 7335 1 1
cam_10 7360 1 1
cam_10 7629 1 1
cam_10 7437 1 2
cam_10 7407 7 1
cam_10 7366 1 1
cam_10 7366 1 1
cam_10 7360 1 1
cam_10 7477 12 1
cam_10 7366 7 1
cam_10 7404 7 1
cam_10 7398 7 1
cam_10 868 12 1
cam_10 7668 5 1
cam_10 7396 7 1
cam_10 7396 7 1
cam_10 7411 7 1
cam_10 7414 1 3
cam_10 7443 1 1
cam_10 7432 7 1
cam_10 7441 12 1
cam_10 7408 7 1
cam_10 7411 7 1
cam_10 7416 1 1
cam_10 831 7 1
cam_10 817 1 4
cam_10 7513 1 1
cam_10 7537 1 1
cam_10 7476 7 1
cam_10 1009 4 1
cam_10 7614 4 1
cam_10 7486 7 1
cam_10 7611 3 2
cam_10 7602 4 1
cam_10 838 7 1
cam_10 7510 12 1
cam_10 7584 7 1
cam_10 7510 1 1
cam_10 7533 1 1
cam_10 810 7 1
cam_10 7519 1 1
cam_10 7543 1 1
cam_10 7554 7 1
cam_10 7527 1 1
cam_10 7536 7 1
cam_10 7546 2 1
cam_10 7555 1 1
cam_10 7560 1 1
cam_10 7626 11 2
cam_10 844 7 1
cam_10 7513 7 1
cam_10 7596 7 1
cam_10 919 2 1
cam_10 7612 7 1
cam_10 883 1 1
cam_10 7650 7 1
cam_10 7641 7 1
cam_10 835 7 1
cam_10 7791 4 1
cam_10 877 12 1
cam_10 7717 7 2
cam_10 7843 7 1
cam_10 1005 7 1
cam_10 7743 7 2
cam_10 7801 4 1
cam_10 7959 7 1
cam_10 7906 1 1
cam_10 8022 1 1
cam_10 7905 12 1
cam_10 7857 7 1
cam_10 7791 7 1
cam_10 7816 1 1
cam_10 876 1 1
cam_10 1006 7 1
cam_10 7863 7 1
cam_10 7888 7 1
cam_10 889 1 1
cam_10 7885 7 1
cam_10 7882 7 1
cam_10 7876 1 1
cam_10 7914 7 1
cam_10 7879 7 1
cam_10 7873 7 1
cam_10 7921 1 1
cam_10 7882 7 1
cam_10 7891 7 1
cam_10 7951 7 1
cam_10 8077 2 2
cam_10 7945 7 1
cam_10 7891 7 1
cam_10 7903 1 1
cam_10 7908 7 1
cam_10 7915 1 1
cam_10 7932 1 1
cam_10 7896 1 1
cam_10 7914 1 1
cam_10 7909 1 1
cam_10 7914 1 1
cam_10 7914 4 1
cam_10 7914 1 1
cam_10 7980 12 1
cam_10 7933 1 1
cam_10 7944 1 1
cam_10 7956 7 1
cam_10 7930 4 1
cam_10 7944 7 1
cam_10 7930 1 1
cam_10 7953 1 1
cam_10 8097 2 2
cam_10 7940 7 1
cam_10 7992 1 1
cam_10 7930 1 1
cam_10 7954 1 1
cam_10 7957 1 1
cam_10 7944 1 1
cam_10 7969 1 1
cam_10 7941 7 1
cam_10 7960 1 1
cam_10 7960 1 1
cam_10 7986 1 1
cam_10 8043 1 1
cam_10 8146 2 2
cam_10 7992 1 1
cam_10 7971 1 1
cam_10 8022 1 1
cam_10 7992 1 1
cam_10 8026 1 1
cam_10 8062 12 1
cam_10 8049 3 1
cam_10 8037 1 1
cam_10 8013 1 1
cam_10 8031 1 1
cam_10 8032 1 1
cam_10 999 1 1
cam_10 8091 12 4
cam_10 8325 4 1
cam_10 8022 1 1
cam_10 8038 1 1
cam_10 8022 1 1
cam_10 8104 1 1
cam_10 8037 1 1
cam_10 8118 1 1
cam_10 8103 4 1
cam_10 8137 2 2
cam_10 8085 1 1
cam_10 8095 4 1
cam_10 8104 1 1
cam_10 8089 1 1
cam_10 8139 1 1
cam_10 8097 7 1
cam_10 8214 2 4
cam_10 8091 7 1
cam_10 8184 12 1
cam_10 8209 7 3
cam_10 8149 1 1
cam_10 8131 1 1
cam_10 8112 1 1
cam_10 8125 1 1
cam_10 8124 1 1
cam_10 8131 1 1
cam_10 8133 1 1
cam_10 8134 1 1
cam_10 8163 12 1
cam_10 8148 1 1
cam_10 8145 1 1
cam_10 8311 4 1
cam_10 8142 1 1
cam_10 8121 7 1
cam_10 8163 7 1
cam_10 8179 7 1
cam_10 8158 7 1
cam_10 8148 7 1
cam_10 8145 7 1
cam_10 8149 7 1
cam_10 8160 7 1
cam_10 8175 7 1
cam_10 8253 12 1
cam_10 8182 7 1
cam_10 8178 7 1
cam_10 8169 7 1
cam_10 8197 7 1
cam_10 8232 1 1
cam_10 8184 1 1
cam_10 8199 7 1
cam_10 8215 7 1
cam_10 8232 7 2
cam_10 8205 7 1
cam_10 8214 7 1
cam_10 8221 7 1
cam_10 8226 7 1
cam_10 8197 12 3
cam_10 8232 11 1
cam_10 8227 7 1
cam_10 8221 7 1
cam_10 8232 1 1
cam_10 8274 7 1
cam_10 8280 1 1
cam_10 8466 2 2
cam_10 913 1 1
cam_10 8272 7 1
cam_10 8259 7 1
cam_10 8284 1 1
cam_10 8293 7 1
cam_10 8290 7 1
cam_10 8349 12 2
cam_10 8283 7 1
cam_10 8325 3 1
cam_10 8271 7 1
cam_10 8292 7 1
cam_10 8320 11 1
cam_10 8370 12 2
cam_10 8295 7 1
cam_10 8314 7 1
cam_10 8314 2 1
cam_10 8334 7 1
cam_10 8434 12 2
cam_10 8382 7 1
cam_10 8403 8 1
cam_10 8349 7 1
cam_10 8436 1 1
cam_10 8440 7 1
cam_10 8392 12 1
cam_10 8370 1 1
cam_10 8392 1 1
cam_10 975 7 1
cam_10 8461 7 1
cam_10 8404 1 3
cam_10 8436 1 1
cam_10 8398 1 1
cam_10 8422 8 1
cam_10 8464 1 1
cam_10 8412 1 1
cam_10 8664 3 1
cam_10 8445 1 1
cam_10 948 7 1
cam_10 8497 1 1
cam_10 8542 12 1
cam_10 8578 7 2
cam_10 8505 7 1
cam_10 8487 7 1
cam_10 8526 11 1
cam_10 8703 1 1
cam_10 8602 7 2
cam_10 964 7 1
cam_10 8676 1 1
cam_10 8719 1 1
cam_10 8716 7 1
cam_10 8733 4 1
cam_10 8734 7 1
cam_10 8661 7 1
cam_10 8697 7 1
cam_10 8731 7 1
cam_10 1045 7 1
cam_10 8725 12 1
cam_10 8704 7 1
cam_10 8731 1 1
cam_10 8745 7 1
cam_10 8746 1 1
cam_10 8731 7 1
cam_10 8724 1 1
cam_10 8757 1 1
cam_10 8766 1 1
cam_10 8812 12 2
cam_10 8749 7 1
cam_10 8731 7 1
cam_10 8742 1 1
cam_10 8749 1 1
cam_10 8797 1 1
cam_10 8760 1 1
cam_10 8751 7 1
cam_10 8767 1 1
cam_10 8730 7 1
cam_10 8838 2 2
cam_10 8779 7 1
cam_10 8769 7 1
cam_10 8785 7 1
cam_10 8842 1 1
cam_10 8772 7 1
cam_10 8775 7 1
cam_10 8755 1 1
cam_10 8766 7 1
cam_10 8758 7 1
cam_10 8805 7 1
cam_10 8865 2 2
cam_10 8842 1 1
cam_10 8821 7 1
cam_10 8800 1 1
cam_10 8812 7 1
cam_10 8817 12 1
cam_10 8812 7 1
cam_10 8821 7 1
cam_10 8832 1 1
cam_10 8845 7 1
cam_10 8812 7 2
cam_10 8856 7 1
cam_10 8859 1 1
cam_10 8845 7 1
cam_10 8862 7 1
cam_10 8850 7 1
cam_10 8866 7 1
cam_10 8850 7 1
cam_10 8889 7 1
cam_10 8878 7 1
cam_10 8962 1 1
cam_10 8890 1 1
cam_10 982 1 2
cam_10 8863 7 1
cam_10 8896 7 1
cam_10 8851 7 1
cam_10 8872 1 1
cam_10 8890 1 1
cam_10 8901 7 1
cam_10 8998 2 2
cam_10 8971 12 1
cam_10 8910 1 1
cam_10 9048 12 1
cam_10 8910 7 1
cam_10 8914 7 1
cam_10 8899 1 1
cam_10 8874 12 2
cam_10 8937 7 1
cam_10 9001 1 1
cam_10 8938 1 1
cam_10 9000 7 4
cam_10 8965 7 2
cam_10 8953 1 1
cam_10 8917 1 1
cam_10 8955 1 1
cam_10 8971 1 1
cam_10 8931 1 1
cam_10 8943 1 1
cam_10 8952 7 1
cam_10 9007 1 1
cam_10 8977 2 1
cam_10 9030 12 1
cam_10 9165 1 1
cam_10 8970 7 1
cam_10 8964 1 1
cam_10 8993 2 1
cam_10 8998 7 1
cam_10 9069 12 2
cam_10 9003 1 1
cam_10 9039 7 1
cam_10 9018 1 1
cam_10 9003 1 1
cam_10 9016 1 1
cam_10 9082 1 1
cam_10 9042 7 1
cam_10 9156 2 2
cam_10 9037 12 1
cam_10 9075 1 1
cam_10 9022 1 1
cam_10 9099 2 2
cam_10 9053 1 1
cam_10 9052 7 1
cam_10 9069 7 1
cam_10 9066 7 1
cam_10 9144 2 4
cam_10 9078 7 1
cam_10 9069 7 1
cam_10 9063 7 1
cam_10 9073 7 1
cam_10 9069 7 1
cam_10 9111 12 1
cam_10 9087 7 1
cam_10 9069 7 1
cam_10 9109 7 1
cam_10 9096 1 1
cam_10 9103 7 1
cam_10 9142 2 2
cam_10 9162 12 2
cam_10 9117 7 1
cam_10 9117 7 1
cam_10 9112 7 1
cam_10 9103 7 1
cam_10 9136 7 1
cam_10 9136 7 1
cam_10 9133 7 1
cam_10 9112 7 1
cam_10 9193 12 2
cam_10 9147 7 1
cam_10 9133 7 1
cam_10 9181 7 1
cam_10 9166 7 1
cam_10 9207 1 1
cam_10 9133 7 1
cam_10 9166 7 1
cam_10 9178 1 1
cam_10 9150 7 1
cam_10 9184 7 1
cam_10 9178 7 1
cam_10 9193 1 1
cam_10 9204 7 1
cam_10 9222 1 1
cam_10 9169 7 1
cam_10 9195 7 1
cam_10 9231 7 1
cam_10 9274 12 1
cam_10 1008 1 4
cam_10 9204 7 1
cam_10 9592 1 1
cam_10 9204 7 1
cam_10 9210 7 1
cam_10 9214 7 1
cam_10 9214 7 1
cam_10 9267 12 1
cam_10 9220 7 1
cam_10 9595 7 1
cam_10 9283 2 1
cam_10 9286 7 1
cam_10 9474 1 1
cam_10 9562 4 1
cam_10 9543 12 1
cam_10 9562 7 1
cam_10 9628 1 1
cam_10 9706 1 1
cam_10 9595 1 1
cam_10 9543 1 1
cam_10 9598 7 1
cam_10 9645 2 2
cam_10 9567 7 1
cam_10 9621 7 1
cam_10 9576 1 1
cam_10 9613 1 1
cam_10 9615 7 1
cam_10 9613 1 1
cam_10 9646 1 2
cam_10 9598 1 1
cam_10 9868 7 1
cam_10 9613 1 1
cam_10 9601 1 1
cam_10 9681 1 2
cam_10 9624 7 1
cam_10 9613 1 1
cam_10 9597 7 1
cam_10 9679 1 1
cam_10 9603 7 1
cam_10 9651 7 1
cam_10 9660 7 1
cam_10 9621 1 1
cam_10 1066 7 2
cam_10 9660 1 1
cam_10 9705 7 1
cam_10 9718 1 1
cam_10 9757 12 1
cam_10 9742 12 1
cam_10 9682 2 1
cam_10 9690 7 1
cam_10 9667 1 1
cam_10 9688 7 1
cam_10 9730 1 2
cam_10 9706 1 1
cam_10 9772 2 4
cam_10 9736 7 2
cam_10 9702 7 1
cam_10 9706 7 1
cam_10 9754 12 1
cam_10 9745 7 1
cam_10 9721 1 1
cam_10 9804 2 4
cam_10 9742 12 1
cam_10 9706 1 1
cam_10 9808 1 2
cam_10 9823 2 2
cam_10 9859 1 1
cam_10 9730 1 1
cam_10 9772 1 1
cam_10 9765 7 1
cam_10 9790 1 1
cam_10 9754 7 1
cam_10 9769 12 1
cam_10 9765 7 1
cam_10 9781 12 1
cam_10 9750 7 1
cam_10 9775 7 1
cam_10 9780 1 1
cam_10 9805 1 1
cam_10 9807 7 2
cam_10 9795 1 1
cam_10 9795 7 1
cam_10 9793 1 1
cam_10 9897 2 2
cam_10 9772 7 1
cam_10 9846 2 1
cam_10 9793 7 1
cam_10 9805 7 1
cam_10 9812 7 1
cam_10 9822 1 1
cam_10 9829 1 1
cam_10 9820 7 1
cam_10 9847 1 1
cam_10 9813 7 1
cam_10 9915 12 1
cam_10 9805 7 1
cam_10 9877 7 1
cam_10 9820 7 1
cam_10 9823 1 1
cam_10 9958 4 1
cam_10 9846 7 1
cam_10 9835 7 1
cam_10 9846 1 1
cam_10 9852 7 1
cam_10 9855 7 1
cam_10 9871 1 1
cam_10 9843 1 1
cam_10 9825 4 4
cam_10 9850 7 1
cam_10 9862 1 1
cam_10 9853 1 1
cam_10 9877 7 1
cam_10 9913 12 1
cam_10 1165 1 1
cam_10 9853 1 1
cam_10 9862 7 1
cam_10 9862 7 1
cam_10 9918 2 1
cam_10 9886 1 1
cam_10 9837 12 4
cam_10 9867 7 1
cam_10 9880 1 1
cam_10 9855 7 1
cam_10 1218 1 1
cam_10 9862 1 1
cam_10 9882 7 1
cam_10 9892 7 1
cam_10 9880 1 1
cam_10 9880 7 1
cam_10 9889 1 1
cam_10 1123 7 1
cam_10 9966 1 4
cam_10 9900 7 1
cam_10 1209 1 1
cam_10 9880 1 1
cam_10 9918 12 1
cam_10 9903 1 1
cam_10 9888 7 1
cam_10 9892 1 1
cam_10 9903 7 1
cam_10 9949 12 2
cam_10 9916 7 1
cam_10 9927 12 1
cam_10 9906 7 1
cam_10 1152 1 4
cam_10 9919 7 1
cam_10 9886 1 1
cam_10 9936 12 1
cam_10 9927 7 1
cam_10 9922 7 1
cam_10 9940 7 1
cam_10 9909 7 2
cam_10 9954 7 1
cam_10 1246 1 1
cam_10 9966 7 1
cam_10 9966 7 1
cam_10 9985 11 1
cam_10 9943 7 1
cam_10 9958 1 1
cam_10 1176 7 1
cam_10 9972 7 1
cam_10 10158 1 1
cam_10 9996 3 1
cam_10 9991 7 1
cam_10 10000 3 1
cam_10 9971 7 1
cam_10 9958 1 1
cam_10 9957 1 1
cam_10 9964 1 1
cam_10 9993 1 1
cam_10 9993 1 1
cam_10 9973 1 1
cam_10 10003 7 1
cam_10 9976 7 2
cam_10 9999 7 1
cam_10 10009 7 1
cam_10 1212 7 1
cam_10 10095 7 2
cam_10 10528 1 2
cam_10 1191 4 1
cam_10 10000 1 1
cam_10 10000 7 1
cam_10 10066 7 1
cam_10 10021 1 1
cam_10 10021 1 1
cam_10 10018 1 1
cam_10 10087 7 1
cam_10 10101 4 1
cam_10 10081 12 1
cam_10 57 12 1
cam_10 1225 12 1
cam_10 10141 7 1
cam_10 1236 7 1
cam_10 10170 12 1
cam_10 10276 7 1
cam_10 10203 7 1
cam_10 10107 1 1
cam_10 10122 7 1
cam_10 10122 7 1
cam_10 1236 12 1
cam_10 10198 7 2
cam_10 1227 7 1
cam_10 10203 7 1
cam_10 10174 7 1
cam_10 10168 7 1
cam_10 1261 7 1
cam_10 10200 1 1
cam_10 1230 7 1
cam_10 10192 1 1
cam_10 10386 1 1
cam_10 10207 7 2
cam_10 10281 7 2
cam_10 1242 7 1
cam_10 10266 7 1
cam_10 10378 1 1
cam_10 1249 1 1
cam_10 10441 1 1
cam_10 1219 7 1
cam_10 10365 7 1
cam_10 1240 1 1
cam_10 10608 1 1
cam_10 10410 7 1
cam_10 10447 1 1
cam_10 10378 1 1
cam_10 10416 12 1
cam_10 10462 1 1
cam_10 10423 7 1
cam_10 10398 7 2
cam_10 10425 12 1
cam_10 10434 7 1
cam_10 1249 7 1
cam_10 10440 7 1
cam_10 10507 1 1
cam_10 1261 7 1
cam_10 10470 1 1
cam_10 10476 1 1
cam_10 10456 1 1
cam_10 10456 7 1
cam_10 10455 7 1
cam_10 10434 1 1
cam_10 10596 1 1
cam_10 1248 1 1
cam_10 10576 7 1
cam_10 10482 1 1
cam_10 10423 1 1
cam_10 10447 1 1
cam_10 10456 1 1
cam_10 10456 1 1
cam_10 10449 1 1
cam_10 10467 1 1
cam_10 1386 12 2
cam_10 10492 1 1
cam_10 10600 3 1
cam_10 10498 1 1
cam_10 10489 1 1
cam_10 10507 7 1
cam_10 10500 1 1
cam_10 1245 1 1
cam_10 10497 1 1
cam_10 10510 1 1
cam_10 10500 1 1
cam_10 10522 7 1
cam_10 10500 1 1
cam_10 10524 1 1
cam_10 10626 1 2
cam_10 10557 1 1
cam_10 10540 1 1
cam_10 10672 1 4
cam_10 10693 4 4
cam_10 1234 7 1
cam_10 10566 1 1
cam_10 10527 1 1
cam_10 1290 7 1
cam_10 10569 1 1
cam_10 1282 7 1
cam_10 10582 1 1
cam_10 10537 1 1
cam_10 10581 1 1
cam_10 10596 1 1
cam_10 10591 7 1
cam_10 1258 1 1
cam_10 10555 1 1
cam_10 10545 1 1
cam_10 1273 1 1
cam_10 10570 1 1
cam_10 10570 4 1
cam_10 10570 1 1
cam_10 10590 1 1
cam_10 10570 1 1
cam_10 1269 1 1
cam_10 1249 1 1
cam_10 10599 1 1
cam_10 10603 1 1
cam_10 10590 1 1
cam_10 10618 7 1
cam_10 10603 1 1
cam_10 1428 1 1
cam_10 10632 1 1
cam_10 10623 1 1
cam_10 1248 7 1
cam_10 10645 1 1
cam_10 10645 1 1
cam_10 10628 7 1
cam_10 10623 7 1
cam_10 10651 1 1
cam_10 10669 7 4
cam_10 1299 1 1
cam_10 10645 1 1
cam_10 10644 7 1
cam_10 1267 7 1
cam_10 10645 7 1
cam_10 10684 1 1
cam_10 10647 1 4
cam_10 10659 7 1
cam_10 1270 1 1
cam_10 10651 7 1
cam_10 10771 4 1
cam_10 10681 1 1
cam_10 10716 1 1
cam_10 10797 1 4
cam_10 10707 1 1
cam_10 10755 1 1
cam_10 10704 1 1
cam_10 10821 1 1
cam_10 10723 1 1
cam_10 10722 1 1
cam_10 10696 1 1
cam_10 10701 1 1
cam_10 10720 7 1
cam_10 10701 1 1
cam_10 10731 1 1
cam_10 10725 7 1
cam_10 10732 1 1
cam_10 10729 1 1
cam_10 10710 7 1
cam_10 10732 1 1
cam_10 10750 7 1
cam_10 10729 1 1
cam_10 10755 1 1
cam_10 10732 7 1
cam_10 1281 1 1
cam_10 10755 7 1
cam_10 10885 12 1
cam_10 1270 1 1
cam_10 10893 12 1
cam_10 10732 7 1
cam_10 10788 7 1
cam_10 10765 1 1
cam_10 10744 7 1
cam_10 10753 1 1
cam_10 10797 7 1
cam_10 10777 1 1
cam_10 10786 1 1
cam_10 10789 7 1
cam_10 10896 3 1
cam_10 10791 7 1
cam_10 10791 1 1
cam_10 1368 1 1
cam_10 10795 7 1
cam_10 10804 1 1
cam_10 10786 1 1
cam_10 10786 7 1
cam_10 10810 1 1
cam_10 1282 1 1
cam_10 10794 7 1
cam_10 10822 1 1
cam_10 10930 2 1
cam_10 10799 7 1
cam_10 10786 1 1
cam_10 10800 4 1
cam_10 10804 12 1
cam_10 10813 7 1
cam_10 10791 7 1
cam_10 10825 7 1
cam_10 10899 4 1
cam_10 10831 7 1
cam_10 10902 7 1
cam_10 10821 1 1
cam_10 10821 7 1
cam_10 10824 7 1
cam_10 10917 2 4
cam_10 10833 1 1
cam_10 1291 1 1
cam_10 10852 7 1
cam_10 10960 12 1
cam_10 10840 7 1
cam_10 10851 7 1
cam_10 10847 7 1
cam_10 1264 7 1
cam_10 10855 1 4
cam_10 10899 4 1
cam_10 10882 7 1
cam_10 1274 7 1
cam_10 10870 7 1
cam_10 10891 7 1
cam_10 10890 7 1
cam_10 10896 7 1
cam_10 1296 7 1
cam_10 10905 12 1
cam_10 10968 1 1
cam_10 10896 7 1
cam_10 10890 7 1
cam_10 10900 12 1
cam_10 10909 7 1
cam_10 10888 7 1
cam_10 1294 1 1
cam_10 10899 7 1
cam_10 1270 1 1
cam_10 10906 3 1
cam_10 10927 7 1
cam_10 10971 7 1
cam_10 10962 7 1
cam_10 10968 12 1
cam_10 1296 1 1
cam_10 10905 1 1
cam_10 10981 12 1
cam_10 10974 7 1
cam_10 1270 1 1
cam_10 1309 7 1
cam_10 10993 8 1
cam_10 10986 1 1
