cam_21 6256 2 1
cam_21 6346 2 3
cam_21 6364 2 1
cam_21 6402 2 1
cam_21 613 1 4
cam_21 6511 2 1
cam_21 6559 2 1
cam_21 6615 2 1
cam_21 6771 2 1
cam_21 6936 2 1
cam_21 7138 2 1
cam_21 7036 2 1
cam_21 643 1 4
cam_21 7089 2 1
cam_21 777 2 1
cam_21 7159 2 1
cam_21 7164 2 2
cam_21 7216 2 1
cam_21 7197 2 4
cam_21 7216 2 4
cam_21 7255 2 2
cam_21 7246 2 1
cam_21 7255 2 1
cam_21 7311 2 1
cam_21 7353 2 4
cam_21 768 2 1
cam_21 7389 2 1
cam_21 7441 2 1
cam_21 7509 2 1
cam_21 7497 2 1
cam_21 7525 2 1
cam_21 922 2 1
cam_21 7770 2 1
cam_21 7753 2 1
cam_21 7779 2 1
cam_21 7825 2 1
cam_21 8029 2 4
cam_21 8043 2 2
cam_21 8043 2 1
cam_21 978 2 1
cam_21 8109 2 1
cam_21 8110 2 1
cam_21 8205 2 2
cam_21 1137 2 1
cam_21 8220 2 1
cam_21 8205 2 1
cam_21 8242 2 2
cam_21 8422 2 2
cam_21 1102 2 1
cam_21 8475 2 1
cam_21 8715 2 1
cam_21 8524 2 4
cam_21 8571 2 2
cam_21 8629 2 1
cam_21 8692 2 1
cam_21 8715 2 2
cam_21 8851 2 1
cam_21 8898 2 2
cam_21 8931 2 1
cam_21 9253 2 4
cam_21 9251 2 1
cam_21 9315 2 1
cam_21 9481 2 1
cam_21 9489 2 4
cam_21 9639 2 1
cam_21 9709 2 1
cam_21 9745 2 1
cam_21 9771 2 4
cam_21 9771 2 2
cam_21 9801 2 2
cam_21 9864 2 2
cam_21 9978 2 1
cam_21 9988 2 1
cam_21 10065 2 1
cam_21 10107 2 1
cam_21 10107 2 1
cam_21 10200 2 1
cam_21 10207 2 1
cam_21 10284 2 1
cam_21 10326 2 1
cam_21 10340 2 1
cam_21 10357 2 1
cam_21 10420 2 4
cam_21 10420 2 1
cam_21 1120 2 1
cam_21 10512 2 1
cam_21 10591 2 1
cam_21 10644 2 1
cam_21 10621 2 4
cam_21 10680 2 1
cam_21 10744 2 1
cam_21 10833 2 1
cam_21 10843 2 1
cam_21 10906 2 1
cam_21 10911 2 1
cam_21 10911 2 1
cam_21 11046 2 1
cam_21 11241 2 1
cam_21 11110 2 2
cam_21 11247 2 1
cam_21 11179 2 1
cam_21 11209 2 1
cam_21 11347 2 3
cam_21 11389 2 2
cam_21 11475 2 2
cam_21 11475 2 2
cam_21 11550 2 4
cam_21 11554 2 1
cam_21 11560 2 1
cam_21 11595 2 1
cam_21 11863 2 1
cam_21 11860 2 1
cam_21 11890 2 1
cam_21 11856 2 1
cam_21 11878 2 1
cam_21 11901 2 1
cam_21 12019 5 4
cam_21 12126 2 1
cam_21 12268 2 4
cam_21 12327 2 1
cam_21 12435 2 4
cam_21 12469 2 1
cam_21 12471 2 2
cam_21 1572 2 1
cam_21 12783 5 1
cam_21 1338 2 4
cam_21 12820 2 1
cam_21 12814 2 1
cam_21 12816 2 1
cam_21 12876 5 2
cam_21 13045 2 2
cam_21 1363 2 1
cam_21 13203 2 1
cam_21 1381 2 1
cam_21 13222 2 1
cam_21 13276 5 1
cam_21 13377 2 1
cam_21 13309 2 1
cam_21 13386 2 1
cam_21 13347 2 1
cam_21 13372 2 1
cam_21 13500 2 4
cam_21 1420 2 1
cam_21 1427 2 1
cam_21 1420 2 1
cam_21 1431 2 1
cam_21 1455 2 1
cam_21 1512 2 1
cam_21 1524 2 4
cam_21 1549 2 1
cam_21 1572 2 1
cam_21 1594 2 1
cam_21 1639 2 1
cam_21 1660 2 1
cam_21 1690 2 1
cam_21 1719 2 1
cam_21 1760 2 1
cam_21 1765 2 1
cam_21 1773 2 1
cam_21 1893 2 1
cam_21 1896 2 1
cam_21 1896 2 1
cam_21 1918 2 4
cam_21 1959 2 2
cam_21 1977 2 1
cam_21 2010 2 4
cam_21 2014 2 1
cam_21 2043 2 4
cam_21 2079 2 4
cam_21 2116 2 2
cam_21 2116 2 1
cam_21 2143 2 1
cam_21 258 2 1
cam_21 2247 2 1
cam_21 2260 2 1
cam_21 280 2 1
cam_21 2479 2 1
cam_21 2400 2 1
cam_21 2401 2 1
cam_21 2377 2 1
cam_21 2427 2 1
cam_21 2427 2 1
cam_21 2481 2 1
cam_21 292 2 1
cam_21 2617 2 1
cam_21 2670 2 1
cam_21 2656 2 1
cam_21 2737 2 1
cam_21 2779 2 1
cam_21 2779 2 1
cam_21 2827 2 1
cam_21 2863 2 1
cam_21 2896 2 1
cam_21 2898 2 4
cam_21 2898 2 1
cam_21 2898 2 1
cam_21 2928 2 1
cam_21 2973 2 1
cam_21 3001 2 2
cam_21 3037 2 2
cam_21 3040 2 1
cam_21 3069 2 1
cam_21 3099 2 1
cam_21 408 2 1
cam_21 3187 2 1
cam_21 3207 2 3
cam_21 3201 2 1
cam_21 4848 2 2
cam_21 3835 2 1
cam_21 3811 2 1
cam_21 3883 2 1
cam_21 3981 2 1
cam_21 408 2 1
cam_21 4276 2 4
cam_21 4233 2 1
cam_21 4269 2 1
cam_21 4294 2 1
cam_21 4354 2 1
cam_21 4477 2 1
cam_21 4450 2 1
cam_21 4555 2 1
cam_21 4555 2 1
cam_21 4597 2 1
cam_21 4708 5 2
cam_21 4708 2 2
cam_21 4768 2 2
cam_21 4776 2 1
cam_21 4842 2 4
cam_21 4851 1 4
cam_21 4876 2 2
cam_21 4876 2 1
cam_21 4903 2 1
cam_21 4963 2 1
cam_21 5032 3 4
cam_21 5346 1 1
cam_21 5079 2 4
cam_21 5136 2 1
cam_21 5151 2 1
cam_21 5143 2 1
cam_21 598 2 2
cam_21 102 2 1
cam_21 5346 2 4
cam_21 5607 2 1
cam_21 5635 4 2
cam_21 5634 2 1
cam_21 5640 2 1
cam_21 5604 2 1
cam_21 5637 2 1
cam_21 5640 2 1
cam_21 5719 2 4
cam_21 5746 2 4
cam_21 5736 2 2
cam_21 5743 2 2
cam_21 5805 2 2
cam_21 5848 2 4
cam_21 5848 2 4
cam_21 5862 2 1
cam_21 5862 2 1
cam_21 5886 2 1
cam_21 6112 2 1
cam_21 6117 2 4
cam_21 660 2 1
cam_21 6141 2 1
cam_21 6141 2 1
