cam_23 3063 2 1
cam_23 3123 2 1
cam_23 3034 2 1
cam_23 333 2 4
cam_23 3070 2 3
cam_23 3180 2 2
cam_23 3238 1 1
cam_23 3205 2 1
cam_23 3258 2 4
cam_23 3297 2 4
cam_23 3295 1 4
cam_23 3424 2 1
cam_23 3466 1 1
cam_23 3477 2 2
cam_23 3510 2 1
cam_23 3550 2 2
cam_23 3673 2 1
cam_23 3706 1 1
cam_23 3756 2 1
cam_23 3673 2 1
cam_23 3727 2 4
cam_23 3726 2 1
cam_23 3731 2 1
cam_23 342 2 1
cam_23 3832 2 4
cam_23 3825 2 4
cam_23 366 2 1
cam_23 3876 1 2
cam_23 3873 2 4
cam_23 3856 1 2
cam_23 3889 2 1
cam_23 4107 1 4
cam_23 3963 2 1
cam_23 417 2 4
cam_23 3951 2 1
cam_23 3993 2 1
cam_23 4122 2 1
cam_23 4171 1 1
cam_23 4209 2 1
cam_23 4233 2 2
cam_23 4230 2 1
cam_23 4281 2 4
cam_23 4251 2 1
cam_23 4287 2 1
cam_23 4500 2 1
cam_23 4330 1 1
cam_23 4362 2 2
cam_23 4564 1 4
cam_23 4434 2 1
cam_23 4441 1 1
cam_23 4467 2 1
cam_23 4515 2 2
cam_23 4581 2 2
cam_23 4549 2 4
cam_23 4590 2 1
cam_23 4636 2 1
cam_23 4780 2 2
cam_23 5025 2 4
cam_23 4831 2 1
cam_23 4846 2 1
cam_23 4938 2 1
cam_23 4971 2 1
cam_23 4968 2 1
cam_23 4986 2 1
cam_23 4981 2 1
cam_23 454 2 4
cam_23 5064 2 4
cam_23 5031 2 1
cam_23 5136 2 4
cam_23 456 2 1
cam_23 5284 2 1
cam_23 5461 2 1
cam_23 5244 2 4
cam_23 5248 2 1
cam_23 5265 2 1
cam_23 5260 2 4
cam_23 501 2 4
cam_23 5314 2 4
cam_23 5320 2 1
cam_23 439 2 1
cam_23 5292 2 1
cam_23 487 1 1
cam_23 5332 2 1
cam_23 5349 2 1
cam_23 5520 2 1
cam_23 5406 1 1
cam_23 5440 2 4
cam_23 5430 2 1
cam_23 457 2 1
cam_23 5440 2 1
cam_23 5440 2 1
cam_23 5514 2 1
cam_23 5784 2 1
cam_23 5647 2 4
cam_23 75 2 1
cam_23 5670 2 1
cam_23 5644 2 1
cam_23 5697 2 4
cam_23 5710 1 1
cam_23 5674 2 1
cam_23 5746 2 4
cam_23 5898 1 4
cam_23 5728 2 1
cam_23 5770 2 1
cam_23 5793 1 3
cam_23 5785 2 1
cam_23 5793 2 1
cam_23 5829 2 1
cam_23 5905 2 1
cam_23 6021 2 4
cam_23 6051 2 2
cam_23 6081 1 1
cam_23 5958 2 1
cam_23 5965 2 1
cam_23 5968 2 1
cam_23 127 1 2
cam_23 600 2 3
cam_23 6109 2 1
cam_23 6088 2 4
cam_23 6189 2 4
cam_23 6147 2 1
cam_23 492 1 1
cam_23 6184 2 4
cam_23 6160 2 1
cam_23 6162 2 1
cam_23 6249 2 4
cam_23 568 1 4
cam_23 667 1 4
cam_23 6235 2 1
cam_23 6229 2 1
cam_23 6276 2 1
cam_23 6333 2 1
cam_23 6402 1 1
cam_23 6288 2 1
cam_23 6447 2 2
cam_23 547 2 1
cam_23 6678 1 1
cam_23 6475 2 1
cam_23 6474 2 1
cam_23 6483 2 1
cam_23 6493 2 1
cam_23 6576 2 2
cam_23 6514 2 1
cam_23 6672 2 4
cam_23 6694 2 1
cam_23 6694 2 1
cam_23 6708 2 1
cam_23 6739 2 1
cam_23 8935 2 1
cam_23 6783 2 2
cam_23 6888 2 1
cam_23 6826 2 4
cam_23 6829 2 1
cam_23 679 2 1
cam_23 6858 2 1
cam_23 576 2 2
cam_23 6858 2 1
cam_23 6982 1 2
cam_23 6973 2 4
cam_23 7000 1 1
cam_23 7095 2 4
cam_23 7128 2 4
cam_23 7120 2 1
cam_23 709 2 1
cam_23 7159 2 1
cam_23 7206 1 4
cam_23 7261 1 4
cam_23 7246 2 4
cam_23 7350 2 1
cam_23 7428 2 1
cam_23 7501 2 1
cam_23 7528 2 1
cam_23 7515 2 1
cam_23 7551 2 1
cam_23 7596 2 1
cam_23 7633 2 4
cam_23 7669 2 4
cam_23 7639 2 3
cam_23 7707 2 3
cam_23 7734 2 2
cam_23 7759 2 3
cam_23 7767 2 1
cam_23 7839 2 1
cam_23 7930 2 1
cam_23 7845 2 1
cam_23 640 2 1
cam_23 7885 2 1
cam_23 7899 2 4
cam_23 7891 2 1
cam_23 8148 2 4
cam_23 7948 2 1
cam_23 7938 2 4
cam_23 8157 1 4
cam_23 7963 2 1
cam_23 7989 2 1
cam_23 8035 1 1
cam_23 8014 2 1
cam_23 7993 2 4
cam_23 8146 2 1
cam_23 8056 2 1
cam_23 8166 2 4
cam_23 8127 2 1
cam_23 8170 2 1
cam_23 8235 1 4
cam_23 8214 2 1
cam_23 8262 2 2
cam_23 8287 2 2
cam_23 8277 2 2
cam_23 8356 2 3
cam_23 8314 1 2
cam_23 8368 2 1
cam_23 8461 2 1
cam_23 8421 2 4
cam_23 8383 2 1
cam_23 8401 2 1
cam_23 657 2 1
cam_23 8406 2 1
cam_23 768 2 1
cam_23 8406 2 1
cam_23 8425 2 1
cam_23 8568 2 1
cam_23 8466 2 1
cam_23 8592 2 4
cam_23 8626 2 1
cam_23 8692 2 1
cam_23 8712 2 1
cam_23 8935 1 4
cam_23 8860 1 2
cam_23 8866 2 2
cam_23 8889 1 4
cam_23 8962 2 1
cam_23 9012 2 1
cam_23 8973 1 4
cam_23 8956 1 1
cam_23 8986 2 1
cam_23 9117 1 2
cam_23 9061 2 1
cam_23 9139 2 4
cam_23 9096 2 1
cam_23 9138 1 2
cam_23 9157 1 4
cam_23 9183 1 2
cam_23 9132 2 1
cam_23 9259 1 3
cam_23 9207 1 2
cam_23 9291 2 1
cam_23 9208 2 4
cam_23 9243 1 2
cam_23 730 2 1
cam_23 9298 2 1
cam_23 9292 2 1
cam_23 9357 2 4
cam_23 9435 2 1
cam_23 9441 2 2
cam_23 9493 2 4
cam_23 9498 1 1
cam_23 9484 2 1
cam_23 9522 2 4
cam_23 9559 2 4
cam_23 9568 2 1
cam_23 9606 2 4
cam_23 9616 2 1
cam_23 9585 1 4
cam_23 9655 2 4
cam_23 9585 2 1
cam_23 9588 1 4
cam_23 9591 2 4
cam_23 9615 2 4
cam_23 9666 1 4
cam_23 715 1 1
cam_23 9630 1 1
cam_23 9694 2 4
cam_23 9834 2 1
cam_23 9889 1 2
cam_23 9912 1 4
cam_23 9985 2 2
cam_23 10071 2 1
cam_23 10197 2 1
cam_23 10105 2 2
cam_23 10224 2 1
cam_23 10134 2 1
cam_23 10170 2 4
cam_23 10234 2 4
cam_23 10209 2 1
cam_23 10227 2 1
cam_23 751 2 1
cam_23 10498 2 2
cam_23 10407 1 2
cam_23 10405 2 1
cam_23 10411 2 1
cam_23 10552 1 2
cam_23 10504 1 1
cam_23 10455 2 2
cam_23 10516 1 1
cam_23 10608 2 1
cam_23 10590 1 2
cam_23 10573 2 1
cam_23 10689 1 2
cam_23 10677 2 1
cam_23 10692 1 1
cam_23 10731 2 1
cam_23 10911 1 4
cam_23 10938 2 2
cam_23 10957 2 2
cam_23 11097 2 1
cam_23 10957 2 1
cam_23 10986 2 1
cam_23 124 2 1
cam_23 747 2 1
cam_23 11005 2 1
cam_23 11037 2 1
cam_23 11071 2 1
cam_23 11160 2 1
cam_23 11193 2 4
cam_23 11344 2 4
cam_23 11322 2 4
cam_23 11376 2 4
cam_23 11343 2 1
cam_23 11368 2 1
cam_23 11419 1 1
cam_23 11368 2 1
cam_23 837 1 2
cam_23 11415 2 1
cam_23 11433 2 1
cam_23 11442 2 1
cam_23 11428 2 1
cam_23 11452 2 4
cam_23 11478 2 1
cam_23 11574 2 1
cam_23 11572 2 1
cam_23 11508 2 4
cam_23 11532 2 1
cam_23 11551 1 3
cam_23 11551 2 1
cam_23 11572 2 1
cam_23 11988 2 1
cam_23 12142 2 4
cam_23 11779 2 1
cam_23 11823 2 1
cam_23 11823 2 2
cam_23 11847 1 2
cam_23 11974 2 4
cam_23 11979 1 4
cam_23 11985 2 1
cam_23 12022 2 4
cam_23 916 1 4
cam_23 11991 2 1
cam_23 11997 2 1
cam_23 12241 2 1
cam_23 12361 2 1
cam_23 12517 2 1
cam_23 595 1 1
cam_23 12172 2 1
cam_23 12172 2 1
cam_23 12213 1 4
cam_23 835 2 1
cam_23 12255 2 1
cam_23 12416 2 1
cam_23 12409 2 1
cam_23 1024 1 4
cam_23 12537 2 1
cam_23 12511 2 1
cam_23 12609 2 4
cam_23 12640 2 4
cam_23 12567 1 4
cam_23 12663 2 1
cam_23 12630 2 1
cam_23 12646 2 1
cam_23 12778 2 4
cam_23 12780 2 1
cam_23 12756 2 4
cam_23 12840 2 1
cam_23 12778 2 1
cam_23 12826 2 4
cam_23 12828 2 1
cam_23 12828 2 1
cam_23 12909 1 4
cam_23 934 2 1
cam_23 13053 1 2
cam_23 12964 2 4
cam_23 12971 2 1
cam_23 13008 2 1
cam_23 12994 1 1
cam_23 1009 2 1
cam_23 13008 2 1
cam_23 13186 2 1
cam_23 13071 2 1
cam_23 13074 2 2
cam_23 13160 2 4
cam_23 13122 2 1
cam_23 1047 1 1
cam_23 13170 2 1
cam_23 13189 2 1
cam_23 13378 2 4
cam_23 1056 1 1
cam_23 13453 2 4
cam_23 13384 2 4
cam_23 1071 1 1
cam_23 13307 2 1
cam_23 13366 2 1
cam_23 1078 1 1
cam_23 1134 2 1
cam_23 13500 2 3
cam_23 1092 2 1
cam_23 1138 2 1
cam_23 1116 2 1
cam_23 1173 2 1
cam_23 1182 2 1
cam_23 1207 2 2
cam_23 1207 2 1
cam_23 1297 2 4
cam_23 1222 2 1
cam_23 1264 1 3
cam_23 135 2 1
cam_23 1257 2 1
cam_23 1272 2 4
cam_23 1303 2 4
cam_23 1284 2 4
cam_23 1303 1 4
cam_23 1329 2 4
cam_23 1329 2 4
cam_23 1423 2 2
cam_23 1639 1 3
cam_23 1597 2 4
cam_23 1395 2 4
cam_23 1525 2 1
cam_23 1501 2 4
cam_23 72 1 1
cam_23 1441 2 1
cam_23 1453 2 1
cam_23 1516 2 4
cam_23 1455 2 1
cam_23 1516 2 1
cam_23 1495 2 1
cam_23 1528 1 1
cam_23 1593 2 2
cam_23 1603 2 4
cam_23 1686 2 1
cam_23 1644 2 4
cam_23 1681 2 4
cam_23 1609 2 1
cam_23 1674 1 1
cam_23 1654 2 1
cam_23 1705 2 1
cam_23 1773 2 1
cam_23 1825 1 1
cam_23 1786 2 1
cam_23 1777 2 1
cam_23 102 2 1
cam_23 1807 2 1
cam_23 1887 1 2
cam_23 1823 2 1
cam_23 2086 1 1
cam_23 1906 1 4
cam_23 268 1 2
cam_23 1936 2 1
cam_23 1962 2 1
cam_23 2008 2 2
cam_23 2003 2 1
cam_23 1986 2 1
cam_23 2010 2 1
cam_23 2008 1 1
cam_23 2082 2 1
cam_23 2044 2 2
cam_23 2071 2 2
cam_23 2055 1 4
cam_23 2037 2 1
cam_23 2032 1 4
cam_23 2437 1 1
cam_23 2445 1 4
cam_23 2065 2 1
cam_23 306 2 1
cam_23 2100 2 1
cam_23 2112 1 2
cam_23 2208 1 3
cam_23 2157 2 1
cam_23 2143 2 1
cam_23 2176 2 1
cam_23 2157 1 1
cam_23 256 2 1
cam_23 2167 1 1
cam_23 2223 2 1
cam_23 2224 1 4
cam_23 2314 2 4
cam_23 238 2 1
cam_23 2313 2 1
cam_23 2323 2 1
cam_23 2392 1 1
cam_23 2527 2 1
cam_23 313 2 1
cam_23 2437 2 1
cam_23 2521 1 1
cam_23 2512 1 1
cam_23 2515 2 1
cam_23 2530 2 1
cam_23 2557 2 1
cam_23 2632 1 2
cam_23 2628 2 4
cam_23 285 2 1
cam_23 2605 2 1
cam_23 2638 2 1
cam_23 252 2 1
cam_23 2659 2 1
cam_23 2659 2 2
cam_23 2664 2 1
cam_23 346 2 1
cam_23 2725 2 2
cam_23 288 2 1
cam_23 2682 2 3
cam_23 2692 2 1
cam_23 2688 1 2
cam_23 2778 1 4
cam_23 2716 2 1
cam_23 2716 2 1
cam_23 2867 2 3
cam_23 2739 2 4
cam_23 2871 2 1
