cam_19 1609 2 1
cam_19 1618 2 1
cam_19 1623 2 1
cam_19 1630 2 1
cam_19 1638 2 1
cam_19 1654 2 1
cam_19 1662 1 2
cam_19 1629 2 1
cam_19 1662 2 1
cam_19 1693 2 1
cam_19 1650 2 2
cam_19 138 2 1
cam_19 1650 2 1
cam_19 1653 2 1
cam_19 1672 1 3
cam_19 1681 2 1
cam_19 1773 2 1
cam_19 1701 2 1
cam_19 1714 2 1
cam_19 1756 2 1
cam_19 1816 2 1
cam_19 1813 2 1
cam_19 1825 2 1
cam_19 1831 2 1
cam_19 1849 2 1
cam_19 1900 2 1
cam_19 1929 2 1
cam_19 1924 2 1
cam_19 1941 2 1
cam_19 1926 2 1
cam_19 1936 2 1
cam_19 1950 2 1
cam_19 1978 1 2
cam_19 1998 1 2
cam_19 145 2 1
cam_19 2022 2 1
cam_19 2068 2 1
cam_19 2073 2 1
cam_19 2073 2 1
cam_19 2092 2 1
cam_19 2077 2 1
cam_19 2098 1 1
cam_19 2091 2 1
cam_19 2145 2 1
cam_19 2194 2 1
cam_19 2212 2 1
cam_19 2214 2 1
cam_19 2223 2 1
cam_19 2238 2 1
cam_19 2265 2 1
cam_19 2292 2 1
cam_19 2304 2 1
cam_19 2304 2 1
cam_19 2323 2 1
cam_19 2334 2 1
cam_19 2362 2 1
cam_19 2464 1 1
cam_19 2379 2 1
cam_19 151 2 1
cam_19 2397 1 2
cam_19 2401 2 1
cam_19 2376 2 4
cam_19 2401 2 1
cam_19 2445 2 1
cam_19 160 2 1
cam_19 2458 2 1
cam_19 2451 2 1
cam_19 2503 1 1
cam_19 2509 2 1
cam_19 2595 1 1
cam_19 2539 2 1
cam_19 2563 2 1
cam_19 2611 2 1
cam_19 2611 2 1
cam_19 157 2 1
cam_19 2629 2 1
cam_19 2631 2 1
cam_19 2634 2 1
cam_19 157 2 1
cam_19 2680 2 1
cam_19 2730 1 1
cam_19 2698 2 1
cam_19 2700 2 1
cam_19 2715 2 1
cam_19 2728 2 1
cam_19 2736 2 1
cam_19 2724 2 1
cam_19 2748 2 1
cam_19 2746 2 1
cam_19 2751 2 1
cam_19 181 2 1
cam_19 202 2 2
cam_19 2776 2 1
cam_19 2796 2 1
cam_19 2773 2 1
cam_19 2800 1 1
cam_19 2841 2 1
cam_19 249 1 2
cam_19 2839 2 1
cam_19 2854 2 1
cam_19 2865 2 1
cam_19 2922 2 1
cam_19 2865 2 1
cam_19 2893 2 1
cam_19 2869 2 1
cam_19 2884 2 1
cam_19 2913 2 1
cam_19 2902 2 1
cam_19 2904 1 2
cam_19 2914 2 1
cam_19 2979 2 1
cam_19 2976 1 2
cam_19 3000 2 1
cam_19 3010 2 1
cam_19 268 2 1
cam_19 3016 2 1
cam_19 3043 2 1
cam_19 292 2 1
cam_19 3063 2 1
cam_19 3057 2 1
cam_19 3106 2 1
cam_19 3088 2 1
cam_19 345 2 1
cam_19 3184 2 1
cam_19 3216 2 1
cam_19 3231 2 1
cam_19 3232 2 1
cam_19 3232 2 1
cam_19 3228 2 1
cam_19 3270 2 1
cam_19 3255 2 3
cam_19 3265 2 2
cam_19 3289 1 1
cam_19 3283 2 1
cam_19 328 2 1
cam_19 3352 2 1
cam_19 3312 2 1
cam_19 3318 2 1
cam_19 3325 2 1
cam_19 370 1 2
cam_19 3364 2 1
cam_19 3370 2 1
cam_19 369 2 1
cam_19 3435 2 1
cam_19 3454 2 1
cam_19 3520 2 1
cam_19 3496 2 2
cam_19 3523 2 1
cam_19 3535 2 1
cam_19 3555 2 1
cam_19 3595 2 1
cam_19 3618 2 1
cam_19 3651 2 1
cam_19 3636 2 1
cam_19 3653 2 1
cam_19 3741 2 1
cam_19 367 2 1
cam_19 3813 2 1
cam_19 3832 2 1
cam_19 3874 2 1
cam_19 3888 2 1
cam_19 3919 1 1
cam_19 3886 2 1
cam_19 3919 2 1
cam_19 3894 2 1
cam_19 3913 2 1
cam_19 3904 2 1
cam_19 3937 2 1
cam_19 3912 2 1
cam_19 3936 2 1
cam_19 3951 2 1
cam_19 3972 2 1
cam_19 3997 2 1
cam_19 4030 2 1
cam_19 4042 2 1
cam_19 4021 2 1
cam_19 4042 2 1
cam_19 376 2 1
cam_19 4071 2 1
cam_19 4072 2 1
cam_19 4125 1 1
cam_19 426 2 1
cam_19 4149 2 1
cam_19 4210 2 1
cam_19 4155 2 4
cam_19 4174 2 4
cam_19 4231 1 1
cam_19 4204 2 1
cam_19 4213 2 1
cam_19 4249 2 1
cam_19 4281 2 1
cam_19 4330 2 1
cam_19 4316 2 1
cam_19 4575 1 2
cam_19 4374 2 1
cam_19 4380 2 1
cam_19 4371 2 1
cam_19 4495 1 1
cam_19 4416 2 1
cam_19 4444 2 1
cam_19 4468 2 2
cam_19 481 2 2
cam_19 4516 2 1
cam_19 4479 2 1
cam_19 484 2 1
cam_19 4492 2 1
cam_19 4503 1 2
cam_19 4500 2 1
cam_19 4501 2 1
cam_19 4510 2 1
cam_19 4537 2 1
cam_19 4585 1 1
cam_19 4572 2 1
cam_19 4588 1 1
cam_19 501 2 1
cam_19 4638 2 1
cam_19 4632 2 1
cam_19 4654 2 1
cam_19 4678 2 1
cam_19 516 2 1
cam_19 4689 2 1
cam_19 4686 2 1
cam_19 4687 2 1
cam_19 4698 2 1
cam_19 4707 2 1
cam_19 4708 2 1
cam_19 4698 2 1
cam_19 4732 2 1
cam_19 4776 2 1
cam_19 4759 2 1
cam_19 4768 2 1
cam_19 4821 1 1
cam_19 4818 1 1
cam_19 4821 2 1
cam_19 4851 1 1
cam_19 4866 2 1
cam_19 516 2 1
cam_19 4904 2 1
cam_19 4956 2 1
cam_19 4954 2 1
cam_19 4977 2 1
cam_19 4987 2 1
cam_19 4968 2 1
cam_19 4974 2 1
cam_19 4992 2 1
cam_19 4998 2 1
cam_19 5011 2 1
cam_19 507 2 1
cam_19 5043 2 1
cam_19 5043 1 2
cam_19 5052 2 1
cam_19 5065 2 1
cam_19 5088 2 1
cam_19 5113 2 1
cam_19 5074 1 1
cam_19 5134 2 1
cam_19 5109 2 1
cam_19 5130 2 1
cam_19 549 2 1
cam_19 5196 2 1
cam_19 5187 2 1
cam_19 5218 2 1
cam_19 5236 2 1
cam_19 5248 2 1
cam_19 5248 2 1
cam_19 5277 2 1
cam_19 5260 2 1
cam_19 5268 2 1
cam_19 5285 2 1
cam_19 5287 2 1
cam_19 577 2 1
cam_19 5295 2 1
cam_19 5328 2 1
cam_19 5310 2 1
cam_19 5332 2 1
cam_19 5332 2 1
cam_19 5349 1 2
cam_19 5347 2 1
cam_19 5329 2 1
cam_19 5410 2 1
cam_19 5437 1 2
cam_19 5419 2 3
cam_19 5479 2 1
cam_19 5502 2 1
cam_19 66 2 1
cam_19 562 2 1
cam_19 5527 2 1
cam_19 5559 2 1
cam_19 5623 2 1
cam_19 691 2 1
cam_19 5598 2 1
cam_19 5608 2 1
cam_19 5616 2 1
cam_19 5655 2 1
cam_19 5661 1 1
cam_19 5677 2 1
cam_19 5673 2 1
cam_19 5659 2 2
cam_19 5683 1 2
cam_19 5700 2 1
cam_19 5688 2 1
cam_19 5746 1 1
cam_19 51 2 1
cam_19 5779 2 1
cam_19 630 2 1
cam_19 5863 1 1
cam_19 5817 2 1
cam_19 5835 2 1
cam_19 643 2 1
cam_19 5827 2 1
cam_19 5860 1 1
cam_19 5893 2 1
cam_19 5880 1 2
cam_19 5868 2 1
cam_19 5892 2 1
cam_19 5886 2 1
cam_19 5902 2 1
cam_19 5891 2 1
cam_19 5913 2 1
cam_19 5896 2 1
cam_19 5913 2 1
cam_19 5926 2 1
cam_19 5931 2 1
cam_19 5943 2 1
cam_19 6039 2 1
cam_19 6006 2 1
cam_19 6034 2 1
cam_19 5995 2 1
cam_19 6007 2 1
cam_19 6024 2 1
cam_19 6064 1 2
cam_19 6198 2 1
cam_19 673 2 1
cam_19 6150 2 1
cam_19 6160 2 1
cam_19 6162 2 1
cam_19 6181 2 1
cam_19 6219 2 1
cam_19 6229 2 1
cam_19 6231 1 1
cam_19 6274 1 1
cam_19 6294 1 2
cam_19 6301 2 1
cam_19 6315 2 1
cam_19 693 2 1
cam_19 6321 2 1
cam_19 6346 2 1
cam_19 6369 2 1
cam_19 6381 2 1
cam_19 6388 2 1
cam_19 6411 2 1
cam_19 6412 2 1
cam_19 6408 1 2
cam_19 687 2 1
cam_19 6466 1 1
cam_19 6415 2 1
cam_19 697 2 1
cam_19 6430 2 1
cam_19 6444 2 1
cam_19 750 2 2
cam_19 6460 2 1
cam_19 6485 2 1
cam_19 6493 2 1
cam_19 6541 1 2
cam_19 6600 1 1
cam_19 6624 2 1
cam_19 762 1 2
cam_19 6625 2 1
cam_19 6679 2 1
cam_19 6628 2 1
cam_19 6661 2 1
cam_19 6763 2 1
cam_19 6684 1 1
cam_19 6675 2 1
cam_19 6681 2 1
cam_19 6709 2 1
cam_19 6777 2 1
cam_19 796 2 1
cam_19 6787 2 1
cam_19 6793 2 1
cam_19 6907 1 1
cam_19 6856 2 1
cam_19 867 1 2
cam_19 6891 2 1
cam_19 6898 2 1
cam_19 6916 2 1
cam_19 7062 2 1
cam_19 7069 2 1
cam_19 7075 2 1
cam_19 7069 2 1
cam_19 7083 2 1
cam_19 7093 2 1
cam_19 7119 2 1
cam_19 7089 2 1
cam_19 7108 2 1
cam_19 7137 2 1
cam_19 7116 2 1
cam_19 7152 2 1
cam_19 7170 2 1
cam_19 7177 2 1
cam_19 7192 2 1
cam_19 7199 2 1
cam_19 7212 2 1
cam_19 7212 2 1
cam_19 795 2 1
cam_19 7222 2 1
cam_19 7257 2 1
cam_19 777 2 1
cam_19 7324 2 1
cam_19 7321 2 1
cam_19 7333 2 1
cam_19 781 2 1
cam_19 7393 1 2
cam_19 7569 2 1
cam_19 7447 1 2
cam_19 807 2 1
cam_19 7441 2 1
cam_19 7486 2 1
cam_19 7471 2 1
cam_19 7486 2 1
cam_19 7545 2 1
cam_19 7563 2 1
cam_19 7587 2 1
cam_19 7620 2 1
cam_19 7669 1 1
cam_19 7663 2 1
cam_19 7672 2 1
cam_19 7770 2 1
cam_19 7843 2 1
cam_19 7801 1 1
cam_19 7788 2 1
cam_19 7815 2 1
cam_19 7846 2 1
cam_19 7819 2 1
cam_19 7819 2 1
cam_19 7858 2 1
cam_19 7827 2 1
cam_19 7827 2 1
cam_19 7899 2 1
cam_19 7924 1 2
cam_19 7957 2 1
cam_19 7996 2 1
cam_19 8049 2 1
cam_19 8025 2 2
cam_19 838 2 1
cam_19 8043 2 1
cam_19 8095 1 1
cam_19 8103 2 1
cam_19 8086 2 1
cam_19 8115 2 1
cam_19 8115 2 1
cam_19 8134 2 1
cam_19 8178 2 1
cam_19 8272 1 2
cam_19 849 2 1
cam_19 8199 2 1
cam_19 8230 1 2
cam_19 8217 2 1
cam_19 8252 2 2
cam_19 844 2 1
cam_19 8266 1 2
cam_19 891 1 1
cam_19 8316 2 1
cam_19 1134 2 2
cam_19 8371 2 1
cam_19 8376 2 1
cam_19 8383 2 1
cam_19 8395 2 1
cam_19 8410 2 1
cam_19 8589 1 1
cam_19 8418 2 1
cam_19 8430 2 1
cam_19 8463 2 1
cam_19 8547 1 1
cam_19 8479 2 1
cam_19 8464 2 1
cam_19 903 1 1
cam_19 8481 2 1
cam_19 8478 2 1
cam_19 8503 2 1
cam_19 8644 2 1
cam_19 8542 1 1
cam_19 8517 2 1
cam_19 8533 2 1
cam_19 8547 2 1
cam_19 8578 2 1
cam_19 885 2 1
cam_19 8607 2 4
cam_19 8622 2 1
cam_19 865 2 1
cam_19 8713 2 1
cam_19 8751 2 1
cam_19 8790 2 1
cam_19 8878 1 1
cam_19 8893 1 1
cam_19 8827 2 1
cam_19 906 2 1
cam_19 8826 2 1
cam_19 8836 2 1
cam_19 879 2 1
cam_19 8851 2 1
cam_19 916 1 1
cam_19 8889 2 1
cam_19 8911 2 1
cam_19 8947 2 1
cam_19 8967 2 1
cam_19 73 2 1
cam_19 9000 2 1
cam_19 919 2 1
cam_19 8977 2 1
cam_19 9036 1 1
cam_19 9003 2 1
cam_19 9012 2 2
cam_19 9013 2 1
cam_19 9016 2 1
cam_19 903 2 1
cam_19 9034 2 1
cam_19 9072 2 1
cam_19 9066 2 1
cam_19 9054 2 1
cam_19 9082 2 1
cam_19 9090 2 1
cam_19 916 1 1
cam_19 9123 2 1
cam_19 9128 2 1
cam_19 9122 2 1
cam_19 9159 2 1
cam_19 922 1 1
cam_19 9135 2 1
cam_19 9181 2 1
cam_19 933 1 1
cam_19 9181 2 1
cam_19 9214 2 2
cam_19 9216 2 1
cam_19 9216 2 1
cam_19 9240 2 1
cam_19 9258 2 1
cam_19 9294 2 1
cam_19 942 1 1
cam_19 9363 2 1
cam_19 9427 2 1
cam_19 9454 2 1
cam_19 9469 1 2
cam_19 9513 2 1
cam_19 9547 2 1
cam_19 9558 2 1
cam_19 9646 2 1
cam_19 9648 2 1
cam_19 9669 2 1
cam_19 954 2 1
cam_19 9699 2 1
cam_19 9732 2 1
cam_19 9841 2 1
cam_19 9864 2 1
cam_19 9957 1 1
cam_19 9865 2 1
cam_19 957 2 1
cam_19 9895 1 1
cam_19 963 2 1
cam_19 9921 2 1
cam_19 9943 1 1
cam_19 9957 1 2
cam_19 9958 2 1
cam_19 10006 1 1
cam_19 9969 2 1
cam_19 10083 2 1
cam_19 10123 2 1
cam_19 34 2 1
cam_19 10188 2 1
cam_19 10165 2 1
cam_19 10186 2 1
cam_19 10221 2 1
cam_19 10347 2 1
cam_19 10306 2 1
cam_19 979 2 1
cam_19 10287 2 1
cam_19 10299 2 1
cam_19 10336 2 1
cam_19 10372 1 1
cam_19 10330 2 1
cam_19 10353 2 1
cam_19 958 2 1
cam_19 10351 2 1
cam_19 10375 2 1
cam_19 10402 2 1
cam_19 10411 2 1
cam_19 10395 2 1
cam_19 10414 2 1
cam_19 981 2 1
cam_19 10408 2 1
cam_19 10446 2 1
cam_19 10513 2 1
cam_19 988 2 1
cam_19 10564 2 1
cam_19 10624 2 1
cam_19 10647 2 1
cam_19 1000 2 1
cam_19 10696 1 2
cam_19 10692 2 1
cam_19 10701 2 2
cam_19 10750 2 1
cam_19 10726 2 1
cam_19 10734 1 2
cam_19 10746 2 1
cam_19 10768 1 1
cam_19 10801 1 1
cam_19 10801 2 1
cam_19 10833 2 1
cam_19 10842 2 1
cam_19 10888 1 2
cam_19 10899 2 1
cam_19 10956 2 1
cam_19 10978 1 1
cam_19 10975 2 1
cam_19 10975 2 1
cam_19 10998 2 1
cam_19 11002 2 1
cam_19 11004 2 1
cam_19 11016 2 1
cam_19 11020 2 2
cam_19 11044 2 1
cam_19 1027 2 1
cam_19 11052 1 2
cam_19 11124 2 1
cam_19 11095 2 1
cam_19 11113 2 1
cam_19 11119 2 1
cam_19 11142 2 1
cam_19 11203 1 2
cam_19 11188 2 1
cam_19 11220 2 1
cam_19 1036 2 1
cam_19 11289 2 1
cam_19 1030 2 1
cam_19 11299 2 1
cam_19 11313 2 1
cam_19 11347 2 1
cam_19 11362 2 1
cam_19 11365 1 2
cam_19 11389 2 1
cam_19 11400 1 1
cam_19 11428 2 1
cam_19 11449 1 1
cam_19 11427 2 1
cam_19 11446 2 1
cam_19 1047 2 1
cam_19 1060 1 2
cam_19 11506 2 1
cam_19 11489 2 2
cam_19 81 2 1
cam_19 11509 1 2
cam_19 11523 2 1
cam_19 1065 2 1
cam_19 11571 2 1
cam_19 11617 2 1
cam_19 11631 2 1
cam_19 1041 2 1
cam_19 11638 2 1
cam_19 11625 2 1
cam_19 11667 2 1
cam_19 1075 2 1
cam_19 11728 2 1
cam_19 1078 2 1
cam_19 11817 2 1
cam_19 1116 2 1
cam_19 11802 2 1
cam_19 11823 2 1
cam_19 11841 2 1
cam_19 11830 2 1
cam_19 11845 2 1
cam_19 11889 2 1
cam_19 11925 2 1
cam_19 11950 2 1
cam_19 12004 1 1
cam_19 11979 2 1
cam_19 12006 2 1
cam_19 12034 2 1
cam_19 12045 2 1
cam_19 12055 2 1
cam_19 12073 2 1
cam_19 12088 1 1
cam_19 12106 2 1
cam_19 12084 2 1
cam_19 12114 2 1
cam_19 12139 2 1
cam_19 12142 2 1
cam_19 12166 2 1
cam_19 12154 2 1
cam_19 12183 2 1
cam_19 12228 1 1
cam_19 12219 2 1
cam_19 12214 2 1
cam_19 12232 2 1
cam_19 93 2 1
cam_19 12250 2 1
cam_19 1086 2 1
cam_19 12224 2 1
cam_19 12246 2 1
cam_19 12243 2 1
cam_19 12271 2 1
cam_19 12270 2 1
cam_19 12285 2 1
cam_19 12304 2 1
cam_19 12327 2 1
cam_19 12358 2 1
cam_19 12376 2 1
cam_19 12369 2 1
cam_19 12447 2 1
cam_19 12456 2 1
cam_19 1116 2 1
cam_19 12544 2 1
cam_19 12517 2 1
cam_19 12502 2 1
cam_19 12496 2 1
cam_19 12537 2 1
cam_19 12574 2 2
cam_19 12604 2 1
cam_19 12621 2 1
cam_19 1137 2 1
cam_19 12724 2 1
cam_19 12716 2 1
cam_19 12741 2 1
cam_19 12757 2 1
cam_19 12721 2 1
cam_19 12759 2 1
cam_19 12775 2 1
cam_19 12785 2 1
cam_19 12787 2 1
cam_19 12826 2 1
cam_19 1165 1 1
cam_19 12772 2 1
cam_19 12805 2 1
cam_19 12807 2 1
cam_19 12825 2 1
cam_19 12880 2 1
cam_19 12876 2 1
cam_19 12880 2 1
cam_19 12901 2 1
cam_19 12873 2 1
cam_19 12912 2 1
cam_19 1179 2 1
cam_19 12900 2 1
cam_19 12895 2 1
cam_19 12879 2 1
cam_19 12928 2 1
cam_19 12918 2 1
cam_19 12948 2 1
cam_19 12948 2 1
cam_19 12939 2 1
cam_19 12961 2 1
cam_19 12982 2 1
cam_19 12985 2 1
cam_19 13003 2 1
cam_19 13035 2 1
cam_19 13051 2 1
cam_19 13032 2 1
cam_19 13041 2 1
cam_19 13030 2 1
cam_19 13110 1 2
cam_19 13144 2 1
cam_19 13174 1 1
cam_19 13162 2 1
cam_19 13192 2 1
cam_19 13218 2 1
cam_19 13200 2 1
cam_19 13267 1 1
cam_19 13296 2 1
cam_19 13329 2 1
cam_19 13330 2 1
cam_19 13434 1 2
cam_19 13426 2 1
cam_19 13500 2 1
cam_19 13498 2 1
cam_19 13500 1 1
cam_19 13460 2 1
cam_19 13482 1 2
cam_19 13486 2 1
cam_19 13500 2 1
cam_19 1242 2 1
cam_19 1257 1 2
cam_19 1252 2 1
cam_19 1357 1 2
cam_19 1368 2 1
cam_19 1347 2 1
cam_19 1345 2 2
cam_19 1371 1 2
cam_19 1364 2 1
cam_19 1381 2 1
cam_19 121 2 1
cam_19 1368 2 1
cam_19 1390 2 1
cam_19 1389 2 1
cam_19 1419 2 1
cam_19 1432 2 1
cam_19 99 2 1
cam_19 1485 1 2
cam_19 153 2 1
cam_19 1486 2 1
cam_19 1491 2 1
cam_19 1542 2 1
cam_19 1549 2 1
cam_19 1564 2 1
cam_19 1573 1 1
cam_19 1614 1 1
