cam_25 2290 2 1
cam_25 2248 2 1
cam_25 2245 2 2
cam_25 2346 1 1
cam_25 2284 2 1
cam_25 2271 2 1
cam_25 2292 2 1
cam_25 2478 2 1
cam_25 2334 2 1
cam_25 2424 2 1
cam_25 2410 2 1
cam_25 232 2 1
cam_25 2388 2 1
cam_25 2427 2 1
cam_25 2541 2 1
cam_25 2469 2 1
cam_25 2554 1 1
cam_25 2529 2 1
cam_25 2578 2 1
cam_25 2961 2 1
cam_25 2845 2 1
cam_25 2644 2 1
cam_25 2857 2 1
cam_25 2643 2 1
cam_25 2652 2 1
cam_25 2685 2 1
cam_25 2725 2 1
cam_25 2737 2 1
cam_25 315 2 4
cam_25 2781 1 1
cam_25 2790 2 1
cam_25 2823 1 1
cam_25 2812 2 1
cam_25 2832 2 1
cam_25 2862 2 1
cam_25 2994 1 4
cam_25 2944 2 1
cam_25 309 2 4
cam_25 3042 2 1
cam_25 3004 2 4
cam_25 2973 2 1
cam_25 3061 1 1
cam_25 2940 1 4
cam_25 3060 1 1
cam_25 3024 2 1
cam_25 3037 1 1
cam_25 72 2 1
cam_25 3012 2 1
cam_25 3073 2 1
cam_25 3123 2 1
cam_25 3243 2 1
cam_25 3276 2 1
cam_25 3282 1 1
cam_25 3229 2 1
cam_25 3271 2 1
cam_25 3273 2 1
cam_25 328 2 4
cam_25 3307 2 1
cam_25 3321 2 1
cam_25 3367 1 1
cam_25 3370 2 1
cam_25 3417 1 4
cam_25 3490 2 1
cam_25 3456 2 1
cam_25 3552 2 1
cam_25 57 2 1
cam_25 3532 2 1
cam_25 3547 2 1
cam_25 3559 2 1
cam_25 3861 2 1
cam_25 3595 2 1
cam_25 3672 2 1
cam_25 3826 2 1
cam_25 3814 2 1
cam_25 3758 1 2
cam_25 375 2 1
cam_25 3805 2 1
cam_25 3758 2 1
cam_25 81 2 2
cam_25 3817 2 1
cam_25 3891 2 1
cam_25 3835 1 1
cam_25 339 2 1
cam_25 3810 2 1
cam_25 346 2 1
cam_25 3973 2 1
cam_25 4012 2 1
cam_25 348 1 4
cam_25 4039 2 1
cam_25 4048 2 2
cam_25 4033 2 1
cam_25 373 2 1
cam_25 4057 2 1
cam_25 4054 2 1
cam_25 88 2 1
cam_25 4060 2 1
cam_25 4099 2 1
cam_25 4102 1 4
cam_25 4135 2 1
cam_25 4161 2 1
cam_25 4196 1 1
cam_25 4174 2 1
cam_25 4198 1 1
cam_25 4192 2 1
cam_25 4293 2 1
cam_25 4194 2 1
cam_25 4227 2 1
cam_25 4243 2 1
cam_25 4308 2 2
cam_25 4285 1 1
cam_25 4393 2 1
cam_25 4603 1 1
cam_25 4426 2 1
cam_25 4425 2 4
cam_25 4473 2 4
cam_25 4446 2 1
cam_25 4483 2 1
cam_25 4519 2 1
cam_25 4518 2 1
cam_25 4527 2 1
cam_25 4534 2 2
cam_25 126 2 1
cam_25 4575 2 2
cam_25 4591 2 1
cam_25 4696 2 1
cam_25 4669 2 1
cam_25 4657 2 1
cam_25 429 2 1
cam_25 4692 2 1
cam_25 498 2 1
cam_25 4705 2 1
cam_25 4717 2 1
cam_25 4795 2 1
cam_25 4815 1 1
cam_25 4804 2 1
cam_25 4800 2 1
cam_25 4864 2 1
cam_25 4825 2 1
cam_25 4900 1 1
cam_25 4819 2 1
cam_25 4876 1 2
cam_25 4879 2 1
cam_25 462 2 1
cam_25 4917 1 4
cam_25 4909 2 4
cam_25 4920 2 1
cam_25 4936 1 1
cam_25 5148 2 1
cam_25 4987 2 1
cam_25 5062 2 1
cam_25 5142 2 1
cam_25 5160 2 4
cam_25 5167 2 1
cam_25 5193 2 1
cam_25 474 2 1
cam_25 5193 2 1
cam_25 5241 2 1
cam_25 5364 1 1
cam_25 5316 2 1
cam_25 5326 2 1
cam_25 5352 2 1
cam_25 5359 2 1
cam_25 5446 1 2
cam_25 5562 2 1
cam_25 5569 2 1
cam_25 5665 2 1
cam_25 5512 2 1
cam_25 5532 2 1
cam_25 499 2 1
cam_25 5646 1 4
cam_25 5658 2 4
cam_25 5668 2 1
cam_25 5622 2 1
cam_25 5635 2 1
cam_25 5647 2 1
cam_25 5701 2 1
cam_25 5676 2 1
cam_25 516 2 1
cam_25 5752 2 1
cam_25 5778 2 1
cam_25 5898 2 1
cam_25 517 2 1
cam_25 5992 2 1
cam_25 5925 1 1
cam_25 523 2 1
cam_25 5998 2 1
cam_25 6102 2 2
cam_25 6117 1 2
cam_25 6165 1 1
cam_25 6184 2 1
cam_25 6167 1 1
cam_25 6456 2 1
cam_25 531 2 1
cam_25 6180 2 1
cam_25 571 1 1
cam_25 6183 2 1
cam_25 522 2 1
cam_25 6220 2 1
cam_25 567 1 1
cam_25 6285 2 1
cam_25 6325 2 1
cam_25 6342 2 1
cam_25 6370 2 1
cam_25 6639 2 1
cam_25 6480 2 1
cam_25 6588 1 1
cam_25 6565 2 1
cam_25 6577 2 1
cam_25 6756 2 1
cam_25 6733 1 1
cam_25 6690 2 1
cam_25 6687 2 1
cam_25 6643 2 1
cam_25 6675 2 1
cam_25 6783 2 1
cam_25 6762 2 1
cam_25 6808 2 1
cam_25 6804 2 1
cam_25 6844 2 1
cam_25 556 2 1
cam_25 6834 2 1
cam_25 6826 1 2
cam_25 6855 2 2
cam_25 6835 2 1
cam_25 6898 2 1
cam_25 6964 2 1
cam_25 7005 2 1
cam_25 7164 2 1
cam_25 7087 2 1
cam_25 583 2 1
cam_25 7176 2 1
cam_25 7339 2 1
cam_25 7554 2 1
cam_25 7399 2 1
cam_25 7504 1 1
cam_25 7581 2 1
cam_25 7491 1 2
cam_25 7683 2 1
cam_25 7515 2 2
cam_25 7767 2 1
cam_25 7551 2 1
cam_25 7623 2 1
cam_25 7567 2 1
cam_25 7591 2 1
cam_25 7588 2 1
cam_25 7624 2 1
cam_25 7659 2 1
cam_25 7987 2 1
cam_25 7657 2 2
cam_25 7664 2 4
cam_25 7713 2 4
cam_25 702 2 1
cam_25 7669 2 1
cam_25 7714 2 1
cam_25 631 2 1
cam_25 7770 2 3
cam_25 7743 2 3
cam_25 7760 2 2
cam_25 7771 2 1
cam_25 7795 2 1
cam_25 7837 2 1
cam_25 7828 2 1
cam_25 7843 2 1
cam_25 7872 2 1
cam_25 627 2 1
cam_25 7905 2 1
cam_25 7904 2 2
cam_25 7944 1 1
cam_25 7968 1 2
cam_25 7942 1 4
cam_25 8038 2 1
cam_25 7987 2 1
cam_25 8012 1 1
cam_25 8044 2 1
cam_25 8038 2 1
cam_25 8007 2 1
cam_25 8046 1 2
cam_25 8035 2 1
cam_25 8034 2 1
cam_25 8071 2 1
cam_25 8133 2 2
cam_25 8152 2 1
cam_25 651 2 1
cam_25 8158 2 1
cam_25 8142 2 1
cam_25 8158 2 1
cam_25 8152 1 2
cam_25 94 2 1
cam_25 682 2 1
cam_25 8185 2 1
cam_25 8235 1 1
cam_25 8245 2 1
cam_25 705 2 1
cam_25 8224 2 1
cam_25 8244 2 1
cam_25 8274 2 1
cam_25 8391 2 1
cam_25 8478 1 1
cam_25 8569 2 1
cam_25 8499 2 1
cam_25 8523 2 1
cam_25 792 2 4
cam_25 8653 2 1
cam_25 8712 2 1
cam_25 8617 2 1
cam_25 8711 2 1
cam_25 8712 2 1
cam_25 8700 2 1
cam_25 8665 2 1
cam_25 8712 2 1
cam_25 8707 2 2
cam_25 8710 2 1
cam_25 8740 2 1
cam_25 8751 2 1
cam_25 8782 2 1
cam_25 8850 1 1
cam_25 8788 2 1
cam_25 8893 2 1
cam_25 8889 2 1
cam_25 8920 2 1
cam_25 8881 2 2
cam_25 8922 1 1
cam_25 9003 2 1
cam_25 8965 2 1
cam_25 9004 2 1
cam_25 9057 2 1
cam_25 9052 2 4
cam_25 9060 2 4
cam_25 9050 2 4
cam_25 9084 2 1
cam_25 9226 1 1
cam_25 9295 1 1
cam_25 9229 1 1
cam_25 9213 2 1
cam_25 9243 2 1
cam_25 9286 2 4
cam_25 9283 2 1
cam_25 9279 2 1
cam_25 9277 1 4
cam_25 9304 2 1
cam_25 9334 2 1
cam_25 9331 2 1
cam_25 9412 2 1
cam_25 9421 1 1
cam_25 9418 2 1
cam_25 9576 2 1
cam_25 9415 2 1
cam_25 9501 2 1
cam_25 9531 1 1
cam_25 9555 2 2
cam_25 9583 2 1
cam_25 9592 2 1
cam_25 9541 2 2
cam_25 9591 2 1
cam_25 9549 2 1
cam_25 9829 2 1
cam_25 9672 2 1
cam_25 834 2 1
cam_25 9838 2 1
cam_25 9699 2 1
cam_25 9700 2 1
cam_25 9717 2 1
cam_25 9750 2 1
cam_25 9763 2 1
cam_25 9789 2 1
cam_25 9805 1 4
cam_25 9829 2 1
cam_25 9834 2 1
cam_25 9829 2 1
cam_25 9882 2 1
cam_25 852 2 1
cam_25 9876 2 1
cam_25 148 2 1
cam_25 9840 2 4
cam_25 10002 2 1
cam_25 10005 2 1
cam_25 10089 2 1
cam_25 10308 1 4
cam_25 10096 2 4
cam_25 10287 2 1
cam_25 10245 2 1
cam_25 10252 1 1
cam_25 10310 2 1
cam_25 10263 2 2
cam_25 853 2 1
cam_25 883 2 1
cam_25 10312 2 1
cam_25 10405 2 1
cam_25 868 2 1
cam_25 10455 2 1
cam_25 10479 2 1
cam_25 10528 1 4
cam_25 10588 2 1
cam_25 10609 1 2
cam_25 10639 2 1
cam_25 10623 1 2
cam_25 10611 2 1
cam_25 10663 1 4
cam_25 10738 2 4
cam_25 10666 2 2
cam_25 10662 2 1
cam_25 10687 2 1
cam_25 10650 2 2
cam_25 10786 1 1
cam_25 10851 2 1
cam_25 10849 2 1
cam_25 10921 2 1
cam_25 11001 1 1
cam_25 10942 2 1
cam_25 1041 2 1
cam_25 11019 2 1
cam_25 10995 2 1
cam_25 11001 2 1
cam_25 11061 2 2
cam_25 1018 2 1
cam_25 11046 2 1
cam_25 11219 1 1
cam_25 11233 2 1
cam_25 11215 2 1
cam_25 11511 2 1
cam_25 11289 2 1
cam_25 11302 2 1
cam_25 11313 2 1
cam_25 11367 2 4
cam_25 11440 2 4
cam_25 11431 1 2
cam_25 11454 1 4
cam_25 11454 1 1
cam_25 11518 2 1
cam_25 11499 2 1
cam_25 11704 2 1
cam_25 11667 2 1
cam_25 11644 2 1
cam_25 11698 2 1
cam_25 11700 2 1
cam_25 11749 2 1
cam_25 11899 2 1
cam_25 11941 2 1
cam_25 11946 1 4
cam_25 11938 2 1
cam_25 12025 2 1
cam_25 1213 2 1
cam_25 12130 2 1
cam_25 1221 2 1
cam_25 12285 1 1
cam_25 12262 1 4
cam_25 12267 2 1
cam_25 12243 2 1
cam_25 12229 1 2
cam_25 12231 2 1
cam_25 12456 1 1
cam_25 12432 1 1
cam_25 12477 2 1
cam_25 12512 2 1
cam_25 12550 2 4
cam_25 12505 1 2
cam_25 12522 2 1
cam_25 12517 2 2
cam_25 12499 2 2
cam_25 12540 2 1
cam_25 12529 2 2
cam_25 12558 2 1
cam_25 12543 2 1
cam_25 12552 2 1
cam_25 12567 2 1
cam_25 12603 2 1
cam_25 12693 2 4
cam_25 12634 2 2
cam_25 12715 1 4
cam_25 12640 2 2
cam_25 12660 2 2
cam_25 1072 2 1
cam_25 12762 1 1
cam_25 12786 1 2
cam_25 12813 2 1
cam_25 12804 2 1
cam_25 12850 2 1
cam_25 12842 2 1
cam_25 12964 2 1
cam_25 12885 2 1
cam_25 12915 2 2
cam_25 12903 2 1
cam_25 12917 2 2
cam_25 12952 2 1
cam_25 12955 2 1
cam_25 13102 2 1
cam_25 13099 2 1
cam_25 13113 2 1
cam_25 13102 2 1
cam_25 13117 2 4
cam_25 13231 2 1
cam_25 1135 2 1
cam_25 13228 1 4
cam_25 13248 2 4
cam_25 13203 2 1
cam_25 13225 1 4
cam_25 13211 2 4
cam_25 13263 2 1
cam_25 13260 2 1
cam_25 13453 2 1
cam_25 13363 2 1
cam_25 13342 2 1
cam_25 13366 2 1
cam_25 1165 2 1
cam_25 121 2 2
cam_25 1150 2 1
cam_25 13399 2 1
cam_25 13450 2 2
cam_25 13462 2 1
cam_25 13498 2 2
cam_25 1189 2 1
cam_25 1173 2 1
cam_25 1210 2 1
cam_25 1231 2 1
cam_25 1333 2 1
cam_25 1377 2 1
cam_25 123 2 1
cam_25 1359 2 1
cam_25 1368 2 1
cam_25 1403 2 1
cam_25 250 2 1
cam_25 1453 2 1
cam_25 1591 2 1
cam_25 1533 2 1
cam_25 1654 1 1
cam_25 1516 1 1
cam_25 1771 2 1
cam_25 1543 1 1
cam_25 1672 2 1
cam_25 130 1 2
cam_25 1785 2 1
cam_25 1639 2 1
cam_25 1788 2 1
cam_25 1681 2 1
cam_25 1732 2 1
cam_25 1696 2 1
cam_25 1677 2 1
cam_25 138 2 1
cam_25 1726 2 1
cam_25 1759 2 1
cam_25 1800 2 2
cam_25 1855 1 2
cam_25 1965 2 1
cam_25 1818 2 1
cam_25 2005 2 1
cam_25 1840 2 1
cam_25 1879 1 1
cam_25 1873 2 1
cam_25 1905 2 4
cam_25 1891 2 4
cam_25 1911 2 1
cam_25 1903 2 4
cam_25 2257 2 1
cam_25 2035 2 1
cam_25 1975 2 1
cam_25 1993 2 1
cam_25 2029 2 1
cam_25 2016 2 1
cam_25 69 2 1
cam_25 2024 2 1
cam_25 2120 2 1
cam_25 2028 2 1
cam_25 2061 2 1
cam_25 190 2 1
cam_25 438 2 1
cam_25 187 2 1
cam_25 2125 2 1
cam_25 2077 2 1
cam_25 2092 2 1
cam_25 2121 2 1
cam_25 2233 2 1
cam_25 2218 2 1
