cam_14 381 1 2
cam_14 3136 1 1
cam_14 3175 1 1
cam_14 3153 1 1
cam_14 3165 1 1
cam_14 3273 5 4
cam_14 3226 1 1
cam_14 3268 5 3
cam_14 3247 1 1
cam_14 3261 1 1
cam_14 309 1 1
cam_14 3445 5 1
cam_14 3277 5 4
cam_14 3357 5 4
cam_14 3331 1 1
cam_14 316 1 3
cam_14 3375 1 1
cam_14 3376 1 2
cam_14 3399 1 1
cam_14 3403 1 1
cam_14 3394 1 1
cam_14 3439 6 1
cam_14 3402 1 1
cam_14 3426 1 2
cam_14 3457 5 1
cam_14 3445 5 3
cam_14 3504 1 4
cam_14 3688 6 1
cam_14 3597 5 3
cam_14 3517 1 4
cam_14 346 1 1
cam_14 420 1 4
cam_14 339 1 1
cam_14 3619 1 4
cam_14 3654 1 1
cam_14 3637 1 2
cam_14 3642 1 1
cam_14 325 1 1
cam_14 3729 1 1
cam_14 3639 1 1
cam_14 3670 1 2
cam_14 3690 1 1
cam_14 3667 1 1
cam_14 3801 1 4
cam_14 399 1 1
cam_14 454 5 3
cam_14 3846 1 4
cam_14 3778 1 2
cam_14 3910 6 2
cam_14 3835 1 4
cam_14 3774 1 1
cam_14 3810 1 4
cam_14 3876 1 2
cam_14 3825 1 1
cam_14 3879 1 2
cam_14 4096 1 3
cam_14 3910 1 4
cam_14 3858 1 1
cam_14 3864 1 1
cam_14 3849 1 1
cam_14 3850 1 2
cam_14 3931 5 4
cam_14 3957 1 2
cam_14 3997 1 4
cam_14 435 1 1
cam_14 3910 1 1
cam_14 3975 1 1
cam_14 4041 1 1
cam_14 4089 5 1
cam_14 4050 5 1
cam_14 4245 1 4
cam_14 4098 5 1
cam_14 4098 1 1
cam_14 4127 1 2
cam_14 4113 1 1
cam_14 4044 1 1
cam_14 4044 1 1
cam_14 4072 5 1
cam_14 4099 5 1
cam_14 4132 1 1
cam_14 4143 1 1
cam_14 4083 1 2
cam_14 441 1 1
cam_14 4129 1 1
cam_14 4129 5 1
cam_14 4144 5 4
cam_14 4276 6 4
cam_14 4518 3 2
cam_14 4162 5 2
cam_14 4318 5 1
cam_14 4216 5 3
cam_14 4267 5 1
cam_14 4327 1 4
cam_14 4315 5 1
cam_14 4254 1 1
cam_14 4354 1 2
cam_14 4312 5 1
cam_14 4299 5 1
cam_14 4272 5 1
cam_14 4312 1 4
cam_14 4290 5 1
cam_14 4410 5 3
cam_14 4321 5 1
cam_14 4531 5 1
cam_14 4429 1 1
cam_14 4546 5 1
cam_14 4618 1 3
cam_14 4518 5 1
cam_14 4518 1 1
cam_14 4555 1 3
cam_14 4533 1 2
cam_14 4542 1 1
cam_14 4545 1 1
cam_14 4639 1 2
cam_14 16 4 1
cam_14 580 1 1
cam_14 4636 1 1
cam_14 4700 1 4
cam_14 4663 1 2
cam_14 4674 5 1
cam_14 4635 5 1
cam_14 4684 4 1
cam_14 4677 5 1
cam_14 465 1 1
cam_14 4779 1 2
cam_14 4749 1 2
cam_14 4704 1 4
cam_14 4711 1 4
cam_14 4737 1 2
cam_14 4743 1 1
cam_14 520 1 2
cam_14 4752 5 1
cam_14 535 1 2
cam_14 4770 5 1
cam_14 4812 1 1
cam_14 4813 1 2
cam_14 4840 1 1
cam_14 4915 5 4
cam_14 4822 1 1
cam_14 4893 1 1
cam_14 4899 1 1
cam_14 5022 5 1
cam_14 4959 1 1
cam_14 4959 1 3
cam_14 4983 1 2
cam_14 4992 1 1
cam_14 540 5 4
cam_14 5001 1 4
cam_14 5005 1 3
cam_14 5064 1 3
cam_14 5005 1 4
cam_14 520 5 4
cam_14 5016 1 1
cam_14 5068 1 2
cam_14 573 1 1
cam_14 5137 1 1
cam_14 5229 1 4
cam_14 5139 5 4
cam_14 5184 1 2
cam_14 5247 5 1
cam_14 5398 6 4
cam_14 5218 5 1
cam_14 5170 5 4
cam_14 5218 1 1
cam_14 5196 5 4
cam_14 5394 5 1
cam_14 5261 5 1
cam_14 5248 1 4
cam_14 5292 1 1
cam_14 5424 1 4
cam_14 5452 5 4
cam_14 5337 5 4
cam_14 5292 1 1
cam_14 5292 5 1
cam_14 5304 5 1
cam_14 5329 5 1
cam_14 5418 1 1
cam_14 5467 1 2
cam_14 6177 1 4
cam_14 654 1 1
cam_14 5430 5 1
cam_14 5427 5 1
cam_14 5506 1 1
cam_14 5548 1 1
cam_14 5529 1 1
cam_14 5473 1 2
cam_14 5476 5 4
cam_14 5485 5 4
cam_14 5559 1 1
cam_14 5587 1 2
cam_14 5581 1 1
cam_14 5601 1 1
cam_14 5556 1 1
cam_14 5628 5 1
cam_14 5989 5 1
cam_14 5710 5 4
cam_14 5712 1 2
cam_14 5728 1 1
cam_14 5713 1 1
cam_14 5700 1 1
cam_14 5668 1 3
cam_14 5760 1 4
cam_14 5791 1 1
cam_14 5781 1 2
cam_14 5815 1 4
cam_14 5848 1 4
cam_14 42 5 1
cam_14 5893 1 4
cam_14 5910 1 2
cam_14 5878 1 1
cam_14 6127 1 3
cam_14 5998 1 2
cam_14 5994 1 4
cam_14 6057 1 4
cam_14 5946 5 3
cam_14 6045 1 2
cam_14 6043 5 1
cam_14 6034 1 4
cam_14 6013 1 1
cam_14 5998 1 4
cam_14 6157 5 1
cam_14 670 5 1
cam_14 6093 1 2
cam_14 6073 1 2
cam_14 6201 1 4
cam_14 6144 1 1
cam_14 6081 5 4
cam_14 6196 1 4
cam_14 6162 1 1
cam_14 6189 1 1
cam_14 6219 1 1
cam_14 6199 5 1
cam_14 6147 1 4
cam_14 6201 1 1
cam_14 6253 2 2
cam_14 6225 1 4
cam_14 6217 1 1
cam_14 6312 1 1
cam_14 6300 1 1
cam_14 6331 1 2
cam_14 6301 1 1
cam_14 6343 1 1
cam_14 6343 1 4
cam_14 6402 1 4
cam_14 6318 1 1
cam_14 6306 1 1
cam_14 6385 5 1
cam_14 6444 5 1
cam_14 6445 5 4
cam_14 6415 1 1
cam_14 6466 5 4
cam_14 6433 1 1
cam_14 6433 1 1
cam_14 6526 1 1
cam_14 6643 1 1
cam_14 972 6 4
cam_14 6628 1 4
cam_14 6576 5 2
cam_14 6661 1 2
cam_14 718 1 1
cam_14 6687 5 1
cam_14 6688 1 1
cam_14 6634 1 4
cam_14 6699 1 1
cam_14 771 5 4
cam_14 6649 1 1
cam_14 6700 1 1
cam_14 6802 5 2
cam_14 6700 1 1
cam_14 6745 1 1
cam_14 6720 1 1
cam_14 6795 1 2
cam_14 6730 1 1
cam_14 7227 1 2
cam_14 6843 5 4
cam_14 900 5 2
cam_14 6835 1 4
cam_14 6870 1 1
cam_14 6976 6 1
cam_14 6919 1 4
cam_14 6870 1 1
cam_14 7228 4 1
cam_14 6889 1 1
cam_14 6963 1 4
cam_14 7009 5 4
cam_14 6991 1 2
cam_14 7017 1 2
cam_14 7014 1 1
cam_14 7017 1 1
cam_14 7038 1 2
cam_14 7177 6 1
cam_14 7023 1 1
cam_14 7119 1 4
cam_14 7033 5 1
cam_14 51 5 1
cam_14 780 1 2
cam_14 7182 1 2
cam_14 7189 5 1
cam_14 7194 1 1
cam_14 7134 1 2
cam_14 7173 1 3
cam_14 7260 1 1
cam_14 7510 1 1
cam_14 7249 1 4
cam_14 7201 1 1
cam_14 7186 1 1
cam_14 7179 1 1
cam_14 7188 4 1
cam_14 7320 1 2
cam_14 7269 1 1
cam_14 7354 1 3
cam_14 7282 1 1
cam_14 7423 1 4
cam_14 7278 5 1
cam_14 7357 5 1
cam_14 7387 1 1
cam_14 7332 5 1
cam_14 7351 5 4
cam_14 7519 1 1
cam_14 7471 1 2
cam_14 7426 5 3
cam_14 7618 1 3
cam_14 7486 1 1
cam_14 7545 1 1
cam_14 7510 5 1
cam_14 7575 5 1
cam_14 804 1 4
cam_14 7495 5 1
cam_14 7561 1 1
cam_14 7501 5 1
cam_14 7585 5 2
cam_14 7603 5 1
cam_14 7704 5 4
cam_14 7663 1 1
cam_14 7653 1 1
cam_14 7723 1 1
cam_14 7755 1 1
cam_14 7797 1 4
cam_14 7765 1 1
cam_14 7854 1 2
cam_14 7818 1 1
cam_14 7953 5 4
cam_14 7867 1 1
cam_14 7831 1 2
cam_14 7884 1 2
cam_14 7899 1 1
cam_14 7896 1 2
cam_14 7956 1 1
cam_14 8013 1 1
cam_14 8058 1 4
cam_14 8206 5 4
cam_14 8145 1 3
cam_14 8146 5 1
cam_14 8026 1 1
cam_14 8154 5 1
cam_14 8243 5 1
cam_14 8074 1 1
cam_14 8110 1 1
cam_14 8140 1 1
cam_14 8103 5 1
cam_14 8160 1 1
cam_14 8143 5 1
cam_14 8640 1 1
cam_14 8202 1 4
cam_14 8184 1 1
cam_14 8278 1 4
cam_14 8617 1 2
cam_14 8316 5 4
cam_14 8338 1 2
cam_14 8310 1 4
cam_14 8298 1 4
cam_14 8664 1 1
cam_14 8370 1 4
cam_14 8364 1 4
cam_14 8296 1 4
cam_14 796 1 1
cam_14 8316 1 1
cam_14 8325 5 1
cam_14 8376 5 1
cam_14 8401 1 4
cam_14 8424 1 4
cam_14 8383 1 4
cam_14 8457 1 4
cam_14 8431 1 1
cam_14 8476 5 4
cam_14 8422 1 1
cam_14 8505 5 4
cam_14 8563 1 2
cam_14 8640 6 4
cam_14 8475 5 4
cam_14 8472 5 1
cam_14 8544 5 4
cam_14 8511 5 1
cam_14 8578 1 4
cam_14 8521 1 2
cam_14 8649 1 1
cam_14 8595 5 1
cam_14 8706 2 2
cam_14 8673 1 1
cam_14 8628 4 1
cam_14 8622 5 1
cam_14 8737 5 1
cam_14 8683 5 1
cam_14 8776 5 1
cam_14 8746 5 2
cam_14 8824 1 1
cam_14 8886 1 4
cam_14 8847 1 1
cam_14 8907 1 1
cam_14 8847 1 1
cam_14 8877 1 1
cam_14 870 1 1
cam_14 8838 1 1
cam_14 8881 5 2
cam_14 8877 1 2
cam_14 8842 1 1
cam_14 8877 1 1
cam_14 8953 2 2
cam_14 8856 1 1
cam_14 8989 2 2
cam_14 8935 1 1
cam_14 49 5 4
cam_14 8947 1 1
cam_14 8968 6 4
cam_14 8962 1 2
cam_14 8935 5 4
cam_14 8890 1 1
cam_14 8884 1 1
cam_14 9000 1 2
cam_14 9076 1 4
cam_14 9040 1 2
cam_14 9064 1 4
cam_14 9090 1 2
cam_14 9036 5 4
cam_14 9165 1 1
cam_14 9186 1 1
cam_14 9187 1 1
cam_14 9126 5 4
cam_14 9151 1 1
cam_14 9211 1 4
cam_14 949 1 1
cam_14 9318 1 2
cam_14 9307 1 1
cam_14 9324 1 4
cam_14 9283 1 1
cam_14 939 1 1
cam_14 9348 1 4
cam_14 1057 6 4
cam_14 9310 1 1
cam_14 9381 1 1
cam_14 9366 1 3
cam_14 9393 1 1
cam_14 9484 5 4
cam_14 9582 5 4
cam_14 9492 1 1
cam_14 10297 4 1
cam_14 9567 1 2
cam_14 9514 5 1
cam_14 10075 5 1
cam_14 9588 1 1
cam_14 9634 1 1
cam_14 9727 1 1
cam_14 9693 5 4
cam_14 9634 1 1
cam_14 9906 1 2
cam_14 9646 1 1
cam_14 9687 1 1
cam_14 9711 1 1
cam_14 9819 1 1
cam_14 9723 1 1
cam_14 993 1 4
cam_14 9699 1 1
cam_14 9798 5 4
cam_14 9709 1 1
cam_14 9856 1 1
cam_14 9915 5 3
cam_14 9832 1 1
cam_14 9844 1 1
cam_14 9870 1 4
cam_14 9858 5 1
cam_14 9924 1 1
cam_14 9931 1 1
cam_14 9945 1 1
cam_14 9957 5 4
cam_14 9945 1 1
cam_14 9912 5 1
cam_14 9916 5 1
cam_14 9996 1 1
cam_14 10045 5 4
cam_14 9984 1 1
cam_14 9951 1 1
cam_14 10044 1 2
cam_14 10017 1 1
cam_14 10071 4 1
cam_14 1167 5 1
cam_14 1017 1 4
cam_14 10056 1 1
cam_14 10390 4 1
cam_14 10030 1 1
cam_14 1104 1 2
cam_14 10087 1 3
cam_14 10149 1 2
cam_14 10162 1 2
cam_14 10278 1 3
cam_14 10126 5 1
cam_14 10207 1 2
cam_14 10239 1 4
cam_14 10154 1 2
cam_14 10219 5 1
cam_14 10300 6 4
cam_14 10390 1 4
cam_14 10227 5 2
cam_14 10449 5 3
cam_14 10239 5 2
cam_14 10239 5 1
cam_14 10317 1 2
cam_14 10312 5 1
cam_14 10351 5 1
cam_14 10500 1 2
cam_14 10522 1 2
cam_14 10803 6 1
cam_14 10347 1 1
cam_14 10435 1 4
cam_14 10393 1 2
cam_14 10344 5 1
cam_14 10464 1 1
cam_14 10339 1 2
cam_14 10377 1 1
cam_14 10379 1 1
cam_14 10374 1 1
cam_14 10633 1 4
cam_14 10401 1 1
cam_14 10387 1 1
cam_14 10401 1 2
cam_14 10420 1 4
cam_14 10503 1 1
cam_14 10542 1 1
cam_14 10560 1 4
cam_14 10753 1 1
cam_14 10515 1 1
cam_14 10449 1 4
cam_14 10533 5 4
cam_14 10696 4 1
cam_14 10765 1 1
cam_14 10527 1 1
cam_14 10558 1 4
cam_14 10800 1 4
cam_14 10663 1 2
cam_14 10539 1 1
cam_14 10549 1 1
cam_14 10548 1 1
cam_14 10681 1 4
cam_14 10581 1 4
cam_14 10597 1 2
cam_14 10626 1 1
cam_14 10582 1 1
cam_14 10629 1 1
cam_14 10611 1 2
cam_14 10665 5 1
cam_14 10684 1 3
cam_14 10795 1 4
cam_14 10618 1 2
cam_14 10630 5 1
cam_14 10642 1 4
cam_14 10645 1 1
cam_14 10638 5 1
cam_14 10687 1 1
cam_14 10666 1 2
cam_14 10735 1 2
cam_14 10767 1 2
cam_14 10750 1 4
cam_14 10699 1 1
cam_14 10773 1 4
cam_14 10732 1 2
cam_14 10780 1 2
cam_14 10741 1 1
cam_14 10876 1 2
cam_14 10848 1 2
cam_14 10792 1 1
cam_14 160 1 1
cam_14 10876 5 1
cam_14 10854 4 1
cam_14 10857 1 1
cam_14 1126 1 1
cam_14 10876 6 1
cam_14 10876 5 1
cam_14 10863 1 1
cam_14 10848 1 1
cam_14 10855 1 1
cam_14 10935 1 1
cam_14 10866 1 1
cam_14 10876 1 1
cam_14 10915 1 1
cam_14 10914 1 1
cam_14 10923 5 3
cam_14 11022 1 3
cam_14 11013 1 1
cam_14 10984 5 1
cam_14 10987 5 1
cam_14 11151 5 4
cam_14 11080 1 1
cam_14 11185 5 2
cam_14 11136 1 4
cam_14 11286 1 1
cam_14 11280 1 1
cam_14 11359 1 4
cam_14 11352 1 2
cam_14 11455 6 1
cam_14 11529 1 1
cam_14 11410 1 2
cam_14 11392 1 1
cam_14 11374 1 4
cam_14 11436 1 1
cam_14 11472 1 2
cam_14 11452 1 2
cam_14 11833 6 1
cam_14 11496 1 1
cam_14 11520 1 2
cam_14 11499 1 1
cam_14 11509 1 1
cam_14 11943 1 1
cam_14 11509 1 1
cam_14 11604 1 4
cam_14 1171 1 1
cam_14 11586 1 1
cam_14 11578 1 1
cam_14 136 5 4
cam_14 11646 5 1
cam_14 1159 1 1
cam_14 11608 1 4
cam_14 1284 1 1
cam_14 11784 5 4
cam_14 11778 1 1
cam_14 11821 5 4
cam_14 11842 1 1
cam_14 11928 6 1
cam_14 11892 1 4
cam_14 11917 1 4
cam_14 11992 1 1
cam_14 12066 1 4
cam_14 12025 1 1
cam_14 12070 1 2
cam_14 12069 1 1
cam_14 12207 5 1
cam_14 12196 5 1
cam_14 12070 1 4
cam_14 12171 5 4
cam_14 12142 1 1
cam_14 12199 1 2
cam_14 12205 5 1
cam_14 12202 1 1
cam_14 12231 1 4
cam_14 12292 5 4
cam_14 12231 1 1
cam_14 12291 1 1
cam_14 12367 2 4
cam_14 12240 1 1
cam_14 12291 1 1
cam_14 12336 5 2
cam_14 12298 1 1
cam_14 1269 6 2
cam_14 12337 1 1
cam_14 12393 1 1
cam_14 12450 5 1
cam_14 12492 1 4
cam_14 12471 1 1
cam_14 12568 1 4
cam_14 1210 1 1
cam_14 12667 1 2
cam_14 1239 1 1
cam_14 12553 1 1
cam_14 12607 1 2
cam_14 12648 5 1
cam_14 1437 1 2
cam_14 12610 5 1
cam_14 12613 5 1
cam_14 1312 5 1
cam_14 12628 1 1
cam_14 12730 1 4
cam_14 12727 1 1
cam_14 12751 1 2
cam_14 1395 5 1
cam_14 12783 1 1
cam_14 12771 1 1
cam_14 1317 1 1
cam_14 12849 1 4
cam_14 12870 1 2
cam_14 1342 1 1
cam_14 12973 1 1
cam_14 12973 6 1
cam_14 12970 6 1
cam_14 12988 6 1
cam_14 13008 1 1
cam_14 13023 1 1
cam_14 1423 1 1
cam_14 12978 1 1
cam_14 13041 1 1
cam_14 12994 1 1
cam_14 13117 1 3
cam_14 13137 1 4
cam_14 13036 5 1
cam_14 13075 6 1
cam_14 1387 5 3
cam_14 13246 5 4
cam_14 13176 1 2
cam_14 1332 1 1
cam_14 13209 1 1
cam_14 13192 6 1
cam_14 13146 1 3
cam_14 13131 1 3
cam_14 13146 1 1
cam_14 13177 4 1
cam_14 13218 1 1
cam_14 13233 5 1
cam_14 13287 1 1
cam_14 13228 1 1
cam_14 13302 5 1
cam_14 13296 5 1
cam_14 13320 5 4
cam_14 13363 5 1
cam_14 13387 1 1
cam_14 13419 5 1
cam_14 1401 5 1
cam_14 13411 5 1
cam_14 13428 1 1
cam_14 1452 5 4
cam_14 1525 1 1
cam_14 1485 1 4
cam_14 1537 6 1
cam_14 1458 1 1
cam_14 1485 1 2
cam_14 1528 5 1
cam_14 1510 1 1
cam_14 1552 1 2
cam_14 1746 5 4
cam_14 1849 1 1
cam_14 1642 1 1
cam_14 1776 1 4
cam_14 1701 1 4
cam_14 1708 1 2
cam_14 1731 1 4
cam_14 1794 1 2
cam_14 1819 1 2
cam_14 1731 5 4
cam_14 1785 1 3
cam_14 1762 1 3
cam_14 1833 5 1
cam_14 1926 1 4
cam_14 1828 1 2
cam_14 1774 1 2
cam_14 1785 1 2
cam_14 1999 5 1
cam_14 1875 1 3
cam_14 1954 1 4
cam_14 1945 1 4
cam_14 1968 1 1
cam_14 2002 1 4
cam_14 2049 1 1
cam_14 2025 5 4
cam_14 2091 1 1
cam_14 2097 6 1
cam_14 2205 1 1
cam_14 2097 1 1
cam_14 2161 5 1
cam_14 2151 1 1
cam_14 2220 1 1
cam_14 2115 1 1
cam_14 2151 1 1
cam_14 2188 5 1
cam_14 217 1 1
cam_14 2542 1 3
cam_14 2308 1 1
cam_14 2307 1 1
cam_14 2343 1 2
cam_14 2325 1 1
cam_14 135 1 1
cam_14 2388 1 1
cam_14 2331 1 1
cam_14 2500 6 4
cam_14 2554 5 1
cam_14 2377 1 1
cam_14 2340 1 1
cam_14 2341 1 1
cam_14 2388 1 4
cam_14 2400 1 1
cam_14 2388 1 1
cam_14 2412 1 1
cam_14 2541 6 2
cam_14 2427 1 2
cam_14 2466 1 4
cam_14 2481 5 4
cam_14 2488 5 4
cam_14 2599 1 4
cam_14 2507 1 4
cam_14 2533 5 1
cam_14 2641 5 1
cam_14 2662 1 4
cam_14 2581 1 1
cam_14 2667 5 1
cam_14 2638 1 1
cam_14 2703 2 2
cam_14 2674 1 1
cam_14 2983 1 1
cam_14 2692 5 1
cam_14 2703 5 1
cam_14 2727 1 2
cam_14 2727 5 1
cam_14 2727 5 1
cam_14 2737 1 2
cam_14 2763 5 1
cam_14 2788 1 3
cam_14 231 1 3
cam_14 2827 1 3
cam_14 285 1 1
cam_14 286 1 2
cam_14 2814 1 1
cam_14 295 1 1
cam_14 2824 1 1
cam_14 2865 1 1
cam_14 2853 5 4
cam_14 3139 1 2
cam_14 3141 5 1
cam_14 2925 1 4
cam_14 3129 6 1
cam_14 2911 1 1
cam_14 2937 1 1
cam_14 2988 5 1
cam_14 2967 5 1
cam_14 2952 1 1
cam_14 2968 1 1
cam_14 2941 1 2
cam_14 2983 5 1
cam_14 3028 1 4
cam_14 3025 1 2
cam_14 3126 6 1
cam_14 2994 1 1
cam_14 243 1 3
cam_14 3066 5 4
cam_14 3061 1 4
cam_14 3066 1 4
cam_14 3073 1 4
