cam_17 22 1 1
cam_17 12625 1 1
cam_17 12738 1 1
cam_17 12784 3 1
cam_17 12844 1 1
cam_17 12846 3 1
cam_17 13224 3 1
cam_17 12888 3 1
cam_17 12936 1 1
cam_17 13005 3 1
cam_17 13065 2 1
cam_17 13134 2 2
cam_17 13099 3 1
cam_17 13174 2 4
cam_17 13200 3 1
cam_17 13282 3 1
cam_17 13345 2 1
cam_17 13303 2 1
cam_17 13336 2 1
cam_17 13356 3 1
cam_17 13429 3 1
cam_17 1117 1 1
cam_17 1132 3 1
cam_17 1138 3 1
cam_17 1162 3 1
cam_17 85 3 1
cam_17 1285 3 1
cam_17 1281 3 1
cam_17 1294 3 1
cam_17 1333 1 1
cam_17 1380 3 1
cam_17 1428 2 4
cam_17 1401 1 1
cam_17 1441 3 1
cam_17 1510 1 1
cam_17 217 1 1
cam_17 1528 1 1
cam_17 1558 1 1
cam_17 1527 3 1
cam_17 154 1 1
cam_17 1564 3 1
cam_17 1602 2 2
cam_17 1561 2 1
cam_17 1581 3 1
cam_17 142 3 1
cam_17 1582 3 1
cam_17 1591 1 1
cam_17 9 2 2
cam_17 193 2 2
cam_17 1588 3 1
cam_17 1633 2 4
cam_17 1876 1 1
cam_17 1701 2 1
cam_17 1764 3 1
cam_17 1888 2 2
cam_17 1872 3 1
cam_17 1885 1 1
cam_17 9 3 1
cam_17 1917 1 1
cam_17 1921 1 1
cam_17 1920 2 1
cam_17 1927 2 1
cam_17 1969 1 1
cam_17 2179 3 1
cam_17 250 1 1
cam_17 2080 3 1
cam_17 2199 3 1
cam_17 2131 2 4
cam_17 54 3 1
cam_17 2179 3 1
cam_17 2197 3 1
cam_17 2244 3 1
cam_17 2278 3 1
cam_17 2260 3 1
cam_17 2277 3 2
cam_17 2265 3 1
cam_17 2283 3 2
cam_17 2310 2 4
cam_17 2322 1 1
cam_17 2341 2 1
cam_17 2347 3 1
cam_17 2370 2 1
cam_17 2460 2 2
cam_17 2452 2 1
cam_17 2494 1 1
cam_17 2470 2 1
cam_17 2526 2 3
cam_17 2595 2 4
cam_17 2569 2 2
cam_17 2560 2 4
cam_17 2571 3 1
cam_17 2644 3 1
cam_17 2730 2 2
cam_17 2653 2 2
cam_17 2671 1 1
cam_17 2667 2 1
cam_17 33 1 1
cam_17 2719 3 1
cam_17 2768 2 4
cam_17 2799 3 1
cam_17 2899 1 1
cam_17 3030 2 2
cam_17 3109 1 1
cam_17 343 1 1
cam_17 3192 1 1
cam_17 462 1 1
cam_17 3270 2 2
cam_17 321 2 4
cam_17 3262 1 1
cam_17 3405 1 1
cam_17 3436 1 1
cam_17 3367 1 1
cam_17 3394 1 1
cam_17 3412 2 1
cam_17 3432 3 1
cam_17 3441 2 2
cam_17 3450 1 1
cam_17 3471 2 4
cam_17 3466 1 1
cam_17 3501 2 3
cam_17 3532 1 1
cam_17 10 3 1
cam_17 3535 3 1
cam_17 349 1 1
cam_17 3616 1 1
cam_17 3628 2 2
cam_17 3631 1 1
cam_17 3648 3 2
cam_17 3712 1 1
cam_17 3762 1 1
cam_17 3736 2 4
cam_17 3757 3 1
cam_17 3996 2 4
cam_17 370 1 1
cam_17 3916 1 1
cam_17 3943 1 1
cam_17 4141 1 1
cam_17 3939 2 1
cam_17 346 3 1
cam_17 4057 3 1
cam_17 3958 2 1
cam_17 4053 3 1
cam_17 4062 3 1
cam_17 3994 3 1
cam_17 4093 1 1
cam_17 4086 2 4
cam_17 4111 1 1
cam_17 4129 3 1
cam_17 13 3 1
cam_17 4147 2 2
cam_17 4213 1 1
cam_17 4240 3 1
cam_17 4294 3 1
cam_17 4381 1 1
cam_17 4365 1 1
cam_17 379 3 1
cam_17 4396 3 1
cam_17 4420 1 1
cam_17 4497 2 4
cam_17 4467 3 1
cam_17 4507 1 1
cam_17 4510 1 1
cam_17 4579 1 1
cam_17 4660 1 1
cam_17 4732 3 3
cam_17 4687 3 1
cam_17 498 3 1
cam_17 4735 2 2
cam_17 4735 3 3
cam_17 4821 2 1
cam_17 4858 1 1
cam_17 4872 2 2
cam_17 4894 2 2
cam_17 4899 1 1
cam_17 4876 3 1
cam_17 439 1 1
cam_17 5004 3 2
cam_17 5034 2 2
cam_17 5052 2 1
cam_17 5095 3 1
cam_17 5200 1 1
cam_17 5278 3 2
cam_17 5278 2 4
cam_17 5353 3 1
cam_17 5358 3 1
cam_17 5362 3 1
cam_17 5371 3 1
cam_17 450 2 2
cam_17 5473 1 1
cam_17 5476 2 4
cam_17 5557 1 1
cam_17 5575 1 1
cam_17 5595 2 2
cam_17 5616 1 1
cam_17 5628 2 1
cam_17 5676 2 1
cam_17 5688 2 2
cam_17 5716 2 1
cam_17 5715 2 1
cam_17 5790 1 1
cam_17 5760 2 2
cam_17 5791 1 1
cam_17 5761 2 1
cam_17 5815 1 1
cam_17 5868 1 1
cam_17 5895 3 2
cam_17 5857 1 1
cam_17 5904 3 2
cam_17 460 3 1
cam_17 5905 3 1
cam_17 5932 1 1
cam_17 5905 3 2
cam_17 5970 2 4
cam_17 484 1 1
cam_17 34 2 2
cam_17 6031 2 4
cam_17 5994 3 1
cam_17 562 1 1
cam_17 660 3 1
cam_17 6213 3 1
cam_17 6222 3 1
cam_17 6226 3 1
cam_17 6232 3 1
cam_17 6279 2 2
cam_17 6358 2 2
cam_17 6364 2 2
cam_17 6396 2 4
cam_17 6460 2 1
cam_17 6475 2 4
cam_17 6571 3 1
cam_17 6594 3 1
cam_17 492 3 1
cam_17 6666 3 1
cam_17 6681 1 1
cam_17 514 2 1
cam_17 6844 2 2
cam_17 6837 3 2
cam_17 6910 2 1
cam_17 6925 2 2
cam_17 6916 3 1
cam_17 6921 3 1
cam_17 7059 2 4
cam_17 7137 2 1
cam_17 7105 2 1
cam_17 37 3 1
cam_17 7213 1 1
cam_17 7185 2 1
cam_17 7236 3 1
cam_17 7231 2 1
cam_17 7273 2 1
cam_17 630 1 1
cam_17 627 3 1
cam_17 7294 2 1
cam_17 7369 1 1
cam_17 7360 1 1
cam_17 7387 1 1
cam_17 7365 2 2
cam_17 7396 3 1
cam_17 7444 1 1
cam_17 7426 1 1
cam_17 7416 3 2
cam_17 7434 2 4
cam_17 7456 1 1
cam_17 7443 2 2
cam_17 7482 2 2
cam_17 7527 2 4
cam_17 7671 3 1
cam_17 7653 1 1
cam_17 7653 1 1
cam_17 7674 1 1
cam_17 585 3 1
cam_17 7728 2 2
cam_17 7812 2 4
cam_17 7801 1 1
cam_17 7818 2 2
cam_17 7957 3 1
cam_17 7891 1 1
cam_17 7888 2 4
cam_17 8019 3 1
cam_17 7903 1 1
cam_17 7890 3 1
cam_17 625 3 1
cam_17 7945 2 2
cam_17 7993 1 1
cam_17 7984 1 1
cam_17 8013 2 2
cam_17 631 1 1
cam_17 8053 3 2
cam_17 8149 2 1
cam_17 624 3 1
cam_17 8194 2 2
cam_17 8209 1 1
cam_17 8203 3 1
cam_17 8262 1 1
cam_17 8217 3 2
cam_17 8254 1 1
cam_17 8269 1 1
cam_17 8300 2 4
cam_17 651 3 1
cam_17 8397 3 1
cam_17 8337 2 2
cam_17 8397 2 2
cam_17 8364 3 1
cam_17 8403 1 1
cam_17 8415 2 4
cam_17 8470 1 1
cam_17 8463 2 2
cam_17 8458 2 4
cam_17 8445 2 3
cam_17 8472 3 1
cam_17 8459 2 4
cam_17 8488 1 1
cam_17 8494 3 1
cam_17 8505 3 1
cam_17 8536 1 1
cam_17 8517 3 1
cam_17 8865 1 1
cam_17 8703 3 1
cam_17 8652 2 1
cam_17 8620 2 1
cam_17 8659 1 1
cam_17 8667 3 1
cam_17 8667 2 1
cam_17 8704 2 2
cam_17 682 1 1
cam_17 8704 2 4
cam_17 8812 3 1
cam_17 8848 1 1
cam_17 8821 2 4
cam_17 661 2 4
cam_17 654 3 2
cam_17 8916 2 2
cam_17 654 2 1
cam_17 8934 2 1
cam_17 9043 1 1
cam_17 9069 2 1
cam_17 9097 1 1
cam_17 9115 1 1
cam_17 9184 1 1
cam_17 9219 3 2
cam_17 9231 2 1
cam_17 9289 1 1
cam_17 9459 3 1
cam_17 711 1 1
cam_17 9625 1 1
cam_17 9504 3 1
cam_17 9561 2 2
cam_17 9682 1 1
cam_17 9615 2 2
cam_17 9562 1 1
cam_17 9612 3 1
cam_17 9574 1 1
cam_17 9634 1 1
cam_17 9607 3 1
cam_17 9621 2 2
cam_17 9700 2 1
cam_17 9721 1 1
cam_17 9766 2 2
cam_17 9771 1 1
cam_17 9790 1 1
cam_17 9787 1 1
cam_17 9783 1 1
cam_17 9789 2 2
cam_17 9862 2 1
cam_17 9916 1 1
cam_17 9924 1 1
cam_17 10060 2 4
cam_17 9996 3 1
cam_17 10398 3 1
cam_17 10083 2 1
cam_17 10123 2 1
cam_17 10215 1 1
cam_17 781 3 1
cam_17 10287 2 2
cam_17 10252 1 1
cam_17 10225 2 2
cam_17 10273 1 1
cam_17 10275 2 4
cam_17 10492 3 1
cam_17 79 1 1
cam_17 10377 2 4
cam_17 10533 2 2
cam_17 10609 1 1
cam_17 10618 1 1
cam_17 10695 2 2
cam_17 10704 3 1
cam_17 10701 2 2
cam_17 10708 2 2
cam_17 10716 2 1
cam_17 10759 2 2
cam_17 10780 2 2
cam_17 10815 2 4
cam_17 813 3 1
cam_17 10920 1 1
cam_17 10888 2 2
cam_17 10908 3 1
cam_17 10936 1 1
cam_17 10996 1 1
cam_17 11049 3 1
cam_17 11067 3 2
cam_17 11104 1 1
cam_17 11098 2 1
cam_17 11178 1 1
cam_17 13500 3 2
cam_17 11373 3 1
cam_17 11179 3 1
cam_17 865 1 1
cam_17 11220 2 1
cam_17 11581 3 1
cam_17 11389 1 1
cam_17 11457 2 1
cam_17 11449 1 1
cam_17 11460 1 1
cam_17 11455 3 1
cam_17 895 1 1
cam_17 11496 2 4
cam_17 11526 2 4
cam_17 12268 2 1
cam_17 11559 3 1
cam_17 11584 1 1
cam_17 11611 1 1
cam_17 12117 3 1
cam_17 11755 1 1
cam_17 11734 2 1
cam_17 11788 1 1
cam_17 11934 3 1
cam_17 11857 1 1
cam_17 11937 1 1
cam_17 12031 3 2
cam_17 13182 3 1
cam_17 12214 1 1
cam_17 12064 1 1
cam_17 12078 3 1
cam_17 12126 3 1
cam_17 12139 3 1
cam_17 937 3 2
cam_17 12211 1 1
cam_17 946 3 2
cam_17 12322 1 1
cam_17 12342 3 1
cam_17 12354 1 1
cam_17 12471 3 2
cam_17 12519 3 1
