cam_15 43 1 1
cam_15 3145 1 1
cam_15 2874 5 1
cam_15 2883 5 1
cam_15 3036 1 1
cam_15 3037 1 2
cam_15 3012 1 1
cam_15 484 1 1
cam_15 3027 1 1
cam_15 2971 1 1
cam_15 2965 5 1
cam_15 2979 5 1
cam_15 3001 5 1
cam_15 699 1 2
cam_15 3064 5 1
cam_15 3088 1 2
cam_15 3184 1 1
cam_15 3153 4 1
cam_15 3058 5 1
cam_15 3033 1 1
cam_15 3564 1 1
cam_15 3195 1 1
cam_15 3196 5 1
cam_15 3174 1 1
cam_15 3186 1 1
cam_15 3234 1 1
cam_15 3346 1 1
cam_15 3196 1 1
cam_15 3267 1 1
cam_15 3324 1 1
cam_15 3190 1 1
cam_15 3313 1 1
cam_15 3609 1 3
cam_15 3325 1 1
cam_15 3339 1 1
cam_15 3372 5 1
cam_15 3456 1 1
cam_15 3450 1 1
cam_15 3516 1 1
cam_15 3444 5 1
cam_15 3441 5 1
cam_15 54 1 4
cam_15 462 5 1
cam_15 3516 5 1
cam_15 3564 1 1
cam_15 529 1 1
cam_15 3564 1 2
cam_15 493 1 1
cam_15 3525 1 3
cam_15 3609 1 2
cam_15 3525 1 1
cam_15 3525 1 1
cam_15 3564 1 2
cam_15 3550 1 1
cam_15 3525 1 1
cam_15 3537 1 2
cam_15 3520 1 1
cam_15 3595 1 2
cam_15 3634 1 2
cam_15 3549 1 1
cam_15 3528 1 1
cam_15 3564 1 1
cam_15 3588 1 1
cam_15 3564 1 1
cam_15 3543 1 1
cam_15 3564 1 1
cam_15 3561 1 1
cam_15 595 1 1
cam_15 3633 1 2
cam_15 3553 1 1
cam_15 595 1 1
cam_15 3564 1 1
cam_15 108 5 3
cam_15 3579 1 1
cam_15 3583 1 1
cam_15 3601 1 1
cam_15 3570 1 2
cam_15 3568 1 1
cam_15 3603 1 1
cam_15 3622 1 1
cam_15 3582 1 1
cam_15 634 1 1
cam_15 3592 1 1
cam_15 3609 1 1
cam_15 3661 1 1
cam_15 3660 1 2
cam_15 3654 1 1
cam_15 3631 1 1
cam_15 4758 5 2
cam_15 3639 1 1
cam_15 3676 1 2
cam_15 3657 1 1
cam_15 3706 1 1
cam_15 3730 1 1
cam_15 3757 1 4
cam_15 3717 1 1
cam_15 3723 5 3
cam_15 3741 1 1
cam_15 3745 1 1
cam_15 3801 1 1
cam_15 3823 1 2
cam_15 60 1 1
cam_15 3835 1 1
cam_15 3778 1 1
cam_15 3832 1 1
cam_15 3820 1 1
cam_15 3840 1 2
cam_15 3780 1 1
cam_15 3832 1 1
cam_15 3796 1 1
cam_15 3789 1 1
cam_15 3880 1 2
cam_15 3877 1 1
cam_15 3861 1 1
cam_15 3885 1 1
cam_15 3900 1 3
cam_15 3900 1 1
cam_15 3888 1 1
cam_15 3897 1 1
cam_15 3859 1 1
cam_15 3951 1 2
cam_15 628 1 1
cam_15 3958 1 1
cam_15 4153 1 4
cam_15 628 1 1
cam_15 3907 1 1
cam_15 598 1 1
cam_15 4045 1 2
cam_15 4072 1 1
cam_15 4089 1 2
cam_15 4056 1 1
cam_15 94 1 1
cam_15 606 1 1
cam_15 4089 1 1
cam_15 4101 1 2
cam_15 4122 1 1
cam_15 4089 1 1
cam_15 4134 1 2
cam_15 4074 1 1
cam_15 4129 1 1
cam_15 4150 1 2
cam_15 4101 1 1
cam_15 4188 1 1
cam_15 4174 1 1
cam_15 4959 1 2
cam_15 4236 5 2
cam_15 4204 1 1
cam_15 4209 1 1
cam_15 4221 1 1
cam_15 4243 1 1
cam_15 4221 5 1
cam_15 624 1 1
cam_15 4221 1 1
cam_15 4260 6 1
cam_15 4260 6 1
cam_15 4221 1 1
cam_15 4248 5 1
cam_15 4260 1 1
cam_15 616 1 1
cam_15 4242 1 1
cam_15 4227 1 1
cam_15 4308 1 1
cam_15 4264 5 3
cam_15 6 1 1
cam_15 4365 1 3
cam_15 4260 5 1
cam_15 4332 1 1
cam_15 4260 1 1
cam_15 4269 1 1
cam_15 4285 1 1
cam_15 4290 1 1
cam_15 4266 1 1
cam_15 4317 6 1
cam_15 4381 5 1
cam_15 4390 1 3
cam_15 4269 5 2
cam_15 4345 1 1
cam_15 6219 5 2
cam_15 4420 1 1
cam_15 4374 1 1
cam_15 4356 5 1
cam_15 4356 5 1
cam_15 4476 1 4
cam_15 4426 5 1
cam_15 4425 5 1
cam_15 4473 1 1
cam_15 4512 1 1
cam_15 4594 1 1
cam_15 4893 1 1
cam_15 4495 5 1
cam_15 4499 1 1
cam_15 4548 1 1
cam_15 4902 1 1
cam_15 4936 1 1
cam_15 4711 6 1
cam_15 4714 1 1
cam_15 4725 1 1
cam_15 4788 5 1
cam_15 5061 1 2
cam_15 4819 5 1
cam_15 4854 1 1
cam_15 4866 1 1
cam_15 4882 1 1
cam_15 4924 1 1
cam_15 4938 2 2
cam_15 4993 1 1
cam_15 4960 1 1
cam_15 4981 1 2
cam_15 4975 1 1
cam_15 4936 1 1
cam_15 4924 1 1
cam_15 4936 1 1
cam_15 4990 1 1
cam_15 4920 1 1
cam_15 4912 1 1
cam_15 4959 1 1
cam_15 4944 5 1
cam_15 727 1 4
cam_15 4971 1 1
cam_15 4948 1 1
cam_15 4957 1 1
cam_15 4965 1 1
cam_15 5026 1 2
cam_15 4945 1 1
cam_15 4983 1 1
cam_15 4993 1 1
cam_15 4951 1 1
cam_15 4960 1 1
cam_15 4995 5 1
cam_15 721 1 3
cam_15 4995 1 1
cam_15 5052 1 1
cam_15 4993 1 1
cam_15 5088 1 2
cam_15 4960 1 1
cam_15 4995 1 1
cam_15 4995 1 1
cam_15 5013 1 1
cam_15 732 2 2
cam_15 5038 1 1
cam_15 5095 1 2
cam_15 4993 1 1
cam_15 4993 1 1
cam_15 672 5 1
cam_15 5008 1 1
cam_15 738 5 1
cam_15 5046 1 1
cam_15 5010 1 1
cam_15 5004 1 1
cam_15 5008 1 1
cam_15 5004 1 1
cam_15 5007 1 1
cam_15 5017 1 1
cam_15 5008 1 1
cam_15 5122 1 2
cam_15 5050 1 1
cam_15 5050 1 1
cam_15 5028 1 1
cam_15 5026 1 1
cam_15 5106 1 2
cam_15 5028 1 1
cam_15 745 5 1
cam_15 5101 1 1
cam_15 5164 1 2
cam_15 5148 1 2
cam_15 5050 1 1
cam_15 705 1 1
cam_15 5070 1 1
cam_15 5053 1 1
cam_15 5079 1 1
cam_15 5094 1 1
cam_15 5178 1 2
cam_15 5116 1 1
cam_15 5187 1 2
cam_15 5182 1 1
cam_15 5136 5 2
cam_15 5206 1 2
cam_15 5200 1 2
cam_15 5311 1 4
cam_15 5190 1 1
cam_15 805 5 1
cam_15 5188 1 1
cam_15 5188 1 1
cam_15 5230 1 1
cam_15 5266 1 2
cam_15 5233 1 1
cam_15 5247 1 2
cam_15 5251 2 2
cam_15 5211 1 1
cam_15 5200 1 1
cam_15 5248 1 1
cam_15 5248 1 1
cam_15 5274 1 2
cam_15 5278 1 1
cam_15 5293 5 3
cam_15 5218 1 3
cam_15 5226 1 1
cam_15 5244 1 3
cam_15 5242 1 1
cam_15 5265 1 1
cam_15 5395 1 4
cam_15 5362 1 2
cam_15 5416 1 4
cam_15 5334 1 2
cam_15 720 1 1
cam_15 5374 1 2
cam_15 5340 1 1
cam_15 5356 1 2
cam_15 5332 1 1
cam_15 5335 1 1
cam_15 5340 1 1
cam_15 5314 1 1
cam_15 5356 1 1
cam_15 5326 1 1
cam_15 733 1 1
cam_15 5436 1 3
cam_15 5436 1 3
cam_15 5407 1 2
cam_15 5454 1 1
cam_15 5460 1 2
cam_15 5613 1 4
cam_15 5485 1 2
cam_15 5493 1 1
cam_15 774 1 2
cam_15 5488 1 3
cam_15 5511 1 2
cam_15 5526 1 2
cam_15 5535 1 2
cam_15 766 1 1
cam_15 5554 1 2
cam_15 5508 1 1
cam_15 5577 1 3
cam_15 5517 1 1
cam_15 5653 1 3
cam_15 5689 1 1
cam_15 37 1 1
cam_15 744 1 1
cam_15 5593 1 2
cam_15 5632 1 2
cam_15 6163 5 2
cam_15 5644 1 2
cam_15 826 5 2
cam_15 5599 1 1
cam_15 5610 1 1
cam_15 5628 1 1
cam_15 5676 1 1
cam_15 5596 1 1
cam_15 5628 1 1
cam_15 5644 1 1
cam_15 5629 1 1
cam_15 5592 5 1
cam_15 5599 1 1
cam_15 5611 1 1
cam_15 5605 1 1
cam_15 5736 1 1
cam_15 5662 1 1
cam_15 5620 1 1
cam_15 799 1 2
cam_15 5703 1 1
cam_15 5751 1 1
cam_15 5712 1 1
cam_15 5685 1 1
cam_15 5731 6 1
cam_15 5650 1 1
cam_15 5722 1 1
cam_15 5787 5 1
cam_15 5791 1 4
cam_15 5670 1 1
cam_15 5748 1 1
cam_15 5689 1 1
cam_15 5794 1 1
cam_15 5746 1 1
cam_15 5797 1 1
cam_15 5808 6 1
cam_15 5809 5 1
cam_15 5733 5 1
cam_15 5854 5 3
cam_15 5743 5 1
cam_15 5767 1 4
cam_15 6256 5 4
cam_15 5824 1 1
cam_15 5778 5 1
cam_15 5821 1 1
cam_15 5848 1 1
cam_15 5890 1 1
cam_15 5824 5 1
cam_15 5865 1 1
cam_15 5937 1 1
cam_15 5883 1 1
cam_15 5877 1 1
cam_15 5907 1 1
cam_15 5961 1 1
cam_15 5944 1 1
cam_15 5908 5 1
cam_15 5940 1 1
cam_15 750 1 1
cam_15 5967 1 1
cam_15 6210 5 1
cam_15 5905 5 1
cam_15 5992 1 1
cam_15 5944 1 1
cam_15 5983 1 1
cam_15 783 1 1
cam_15 5953 5 1
cam_15 5967 1 1
cam_15 5979 5 1
cam_15 5959 5 1
cam_15 5998 6 1
cam_15 5971 1 1
cam_15 6102 1 1
cam_15 6126 1 1
cam_15 6148 1 1
cam_15 6045 5 1
cam_15 837 1 2
cam_15 6112 6 1
cam_15 6067 5 1
cam_15 6427 1 2
cam_15 6163 1 1
cam_15 6163 1 1
cam_15 6135 5 1
cam_15 6166 1 1
cam_15 6163 1 1
cam_15 6163 1 1
cam_15 6147 4 1
cam_15 6220 1 1
cam_15 783 1 1
cam_15 6213 1 1
cam_15 6160 4 1
cam_15 6163 5 1
cam_15 6186 1 1
cam_15 6195 1 1
cam_15 6246 1 1
cam_15 6184 1 1
cam_15 807 1 1
cam_15 6237 1 1
cam_15 6229 1 1
cam_15 6229 1 1
cam_15 6249 1 1
cam_15 6241 1 1
cam_15 6358 6 1
cam_15 10788 5 2
cam_15 6321 1 1
cam_15 6364 1 1
cam_15 6381 1 1
cam_15 6336 1 1
cam_15 6357 1 1
cam_15 6364 1 1
cam_15 6383 5 1
cam_15 801 1 1
cam_15 6388 1 2
cam_15 6430 1 1
cam_15 6435 1 1
cam_15 6397 1 1
cam_15 6417 1 1
cam_15 793 1 1
cam_15 7168 5 1
cam_15 6445 5 1
cam_15 6445 1 2
cam_15 6454 1 1
cam_15 6481 5 1
cam_15 6534 1 2
cam_15 6469 1 1
cam_15 6444 1 1
cam_15 6547 5 2
cam_15 6544 1 2
cam_15 759 1 1
cam_15 6583 5 1
cam_15 799 1 1
cam_15 6579 1 2
cam_15 6585 5 2
cam_15 6555 1 1
cam_15 6540 1 1
cam_15 6522 1 1
cam_15 6609 1 2
cam_15 6613 1 3
cam_15 826 1 1
cam_15 6628 1 1
cam_15 6637 1 1
cam_15 6645 1 1
cam_15 6651 1 2
cam_15 6684 1 4
cam_15 894 1 2
cam_15 6702 1 2
cam_15 6720 1 2
cam_15 6681 5 1
cam_15 6676 1 2
cam_15 6759 1 4
cam_15 6775 1 1
cam_15 864 1 2
cam_15 6796 1 2
cam_15 6796 1 1
cam_15 7042 1 2
cam_15 6850 1 4
cam_15 6805 1 2
cam_15 6777 1 1
cam_15 6793 1 1
cam_15 6762 1 4
cam_15 6798 1 4
cam_15 6817 5 4
cam_15 6862 1 2
cam_15 6883 1 2
cam_15 7837 1 4
cam_15 7582 5 4
cam_15 7092 1 1
cam_15 6957 1 1
cam_15 6993 1 4
cam_15 819 1 1
cam_15 7216 1 1
cam_15 7041 1 2
cam_15 7060 1 2
cam_15 7017 1 2
cam_15 7042 1 1
cam_15 7056 1 1
cam_15 7165 1 1
cam_15 7078 1 2
cam_15 7152 1 1
cam_15 7150 1 1
cam_15 7174 1 1
cam_15 813 1 1
cam_15 7179 1 1
cam_15 7137 1 2
cam_15 7105 5 1
cam_15 7218 1 1
cam_15 7207 1 1
cam_15 7179 6 1
cam_15 7123 5 2
cam_15 7201 6 1
cam_15 7159 1 1
cam_15 7237 6 2
cam_15 7167 1 1
cam_15 7191 1 1
cam_15 7317 5 3
cam_15 7201 1 1
cam_15 7818 1 1
cam_15 7205 1 1
cam_15 7204 1 1
cam_15 7227 1 1
cam_15 7312 6 1
cam_15 843 1 1
cam_15 7269 1 1
cam_15 7224 1 1
cam_15 7296 1 1
cam_15 7312 1 1
cam_15 7270 1 4
cam_15 7246 1 2
cam_15 114 1 1
cam_15 7252 1 2
cam_15 7264 5 1
cam_15 7269 5 1
cam_15 7353 1 2
cam_15 7288 5 1
cam_15 7387 1 1
cam_15 786 5 1
cam_15 7312 5 2
cam_15 7366 1 1
cam_15 7380 1 2
cam_15 7350 4 1
cam_15 7327 1 1
cam_15 7326 1 1
cam_15 7867 1 1
cam_15 7420 1 1
cam_15 7393 5 1
cam_15 7492 5 1
cam_15 7531 5 1
cam_15 802 5 1
cam_15 7792 1 1
cam_15 8595 1 1
cam_15 897 1 2
cam_15 852 1 1
cam_15 7806 1 2
cam_15 7954 1 1
cam_15 838 1 1
cam_15 7812 1 1
cam_15 7822 1 2
cam_15 7801 5 1
cam_15 7825 1 1
cam_15 7861 1 2
cam_15 109 1 1
cam_15 864 1 1
cam_15 7804 1 1
cam_15 7872 1 2
cam_15 7854 1 1
cam_15 7878 2 2
cam_15 898 1 2
cam_15 7990 1 1
cam_15 7834 1 1
cam_15 870 1 1
cam_15 7896 2 2
cam_15 7911 1 2
cam_15 7867 1 1
cam_15 918 1 2
cam_15 7867 1 1
cam_15 877 1 1
cam_15 7896 1 1
cam_15 7859 1 1
cam_15 4263 5 2
cam_15 7879 1 1
cam_15 7933 1 2
cam_15 7951 1 1
cam_15 7885 1 1
cam_15 8052 1 4
cam_15 888 1 1
cam_15 7947 1 1
cam_15 7890 1 1
cam_15 939 1 2
cam_15 7971 1 1
cam_15 8050 1 1
cam_15 7926 1 1
cam_15 7950 1 2
cam_15 7917 1 1
cam_15 7989 1 1
cam_15 7930 1 1
cam_15 7954 1 1
cam_15 7984 1 1
cam_15 70 1 1
cam_15 8095 1 1
cam_15 7977 1 1
cam_15 7954 1 1
cam_15 919 1 1
cam_15 7954 1 1
cam_15 7954 1 1
cam_15 7981 1 1
cam_15 957 1 2
cam_15 7992 1 1
cam_15 7963 1 1
cam_15 7960 1 1
cam_15 930 5 4
cam_15 7981 1 1
cam_15 7972 1 1
cam_15 8046 1 4
cam_15 8001 1 1
cam_15 8014 1 1
cam_15 8014 1 1
cam_15 8014 1 1
cam_15 8025 1 1
cam_15 8076 1 1
cam_15 8068 1 1
cam_15 8053 1 1
cam_15 1009 1 4
cam_15 8028 1 1
cam_15 8034 5 1
cam_15 8154 1 3
cam_15 8080 1 1
cam_15 8151 1 3
cam_15 8074 1 1
cam_15 8103 1 1
cam_15 8091 1 1
cam_15 8038 1 1
cam_15 8088 1 1
cam_15 8062 1 1
cam_15 8064 1 1
cam_15 8109 1 1
cam_15 225 5 3
cam_15 8127 1 1
cam_15 8185 1 1
cam_15 8172 1 4
cam_15 8172 1 1
cam_15 8125 1 1
cam_15 8356 1 1
cam_15 8225 1 2
cam_15 8191 1 1
cam_15 8196 1 2
cam_15 8265 1 2
cam_15 8155 1 3
cam_15 8229 1 1
cam_15 8155 1 1
cam_15 8217 1 1
cam_15 8226 1 1
cam_15 8245 1 1
cam_15 8275 1 2
cam_15 8247 1 1
cam_15 8259 1 1
cam_15 8208 1 1
cam_15 8223 1 1
cam_15 901 1 1
cam_15 8293 1 4
cam_15 8463 1 2
cam_15 8403 1 1
cam_15 8370 1 2
cam_15 8319 1 1
cam_15 8332 1 1
cam_15 8335 1 4
cam_15 951 1 1
cam_15 8365 1 1
cam_15 8388 1 1
cam_15 8388 1 2
cam_15 658 1 2
cam_15 964 1 1
cam_15 8419 1 1
cam_15 8406 1 2
cam_15 8379 1 1
cam_15 8442 5 4
cam_15 8430 1 2
cam_15 8415 1 1
cam_15 8439 1 1
cam_15 8428 1 1
cam_15 8404 1 1
cam_15 8449 1 1
cam_15 8452 1 2
cam_15 8461 1 1
cam_15 8448 1 1
cam_15 8487 1 2
cam_15 8464 1 2
cam_15 9289 1 2
cam_15 8544 1 1
cam_15 8580 1 1
cam_15 8508 5 2
cam_15 8590 1 1
cam_15 8491 5 1
cam_15 8556 6 1
cam_15 8647 1 1
cam_15 8556 5 1
cam_15 8505 5 1
cam_15 8556 5 1
cam_15 8556 6 1
cam_15 8554 5 1
cam_15 8589 5 4
cam_15 984 1 1
cam_15 8595 1 1
cam_15 8569 1 1
cam_15 8589 1 1
cam_15 8569 1 1
cam_15 8911 5 1
cam_15 8574 1 1
cam_15 8673 1 4
cam_15 8577 1 1
cam_15 8608 1 1
cam_15 8601 1 1
cam_15 8956 1 4
cam_15 8631 5 1
cam_15 8623 1 1
cam_15 8770 5 1
cam_15 8724 1 1
cam_15 8811 1 3
cam_15 8634 1 1
cam_15 9147 5 1
cam_15 8740 6 1
cam_15 970 1 1
cam_15 8669 5 1
cam_15 8734 5 1
cam_15 8764 1 1
cam_15 8689 5 2
cam_15 8773 5 1
cam_15 8782 6 2
cam_15 8815 6 4
cam_15 8746 5 1
cam_15 8758 5 1
cam_15 8937 5 1
cam_15 8788 5 1
cam_15 979 1 1
cam_15 9270 1 1
cam_15 8916 1 3
cam_15 9327 1 1
cam_15 8821 5 1
cam_15 8931 1 1
cam_15 8947 5 1
cam_15 8875 5 2
cam_15 9006 4 1
cam_15 9058 5 1
cam_15 9025 5 1
cam_15 9109 1 1
cam_15 9352 1 2
cam_15 9100 1 1
cam_15 9120 1 1
cam_15 9304 1 2
cam_15 9321 1 1
cam_15 9258 1 1
cam_15 9252 1 1
cam_15 9280 1 1
cam_15 9354 1 2
cam_15 9271 1 1
cam_15 9288 1 1
cam_15 9313 1 1
cam_15 9310 1 1
cam_15 9403 5 4
cam_15 9303 5 1
cam_15 9324 1 1
cam_15 9393 2 2
cam_15 9327 1 1
cam_15 9364 1 1
cam_15 9336 1 1
cam_15 9363 1 1
cam_15 9379 1 2
cam_15 9379 1 1
cam_15 9372 1 1
cam_15 9484 1 4
cam_15 9420 1 4
cam_15 9394 1 1
cam_15 9361 1 1
cam_15 9346 1 1
cam_15 9339 1 1
cam_15 9469 1 1
cam_15 9366 1 1
cam_15 9403 1 1
cam_15 9393 1 1
cam_15 9367 1 1
cam_15 9381 1 1
cam_15 9394 1 1
cam_15 9462 2 2
cam_15 9394 1 1
cam_15 9394 1 1
cam_15 9633 5 1
cam_15 9424 5 1
cam_15 9399 1 4
cam_15 9397 1 1
cam_15 9403 1 1
cam_15 9661 4 1
cam_15 9397 1 1
cam_15 9468 1 1
cam_15 9463 1 1
cam_15 991 1 1
cam_15 9459 1 1
cam_15 9483 1 1
cam_15 9439 1 1
cam_15 9495 1 1
cam_15 9552 1 2
cam_15 9456 1 1
cam_15 9697 1 2
cam_15 9610 1 2
cam_15 9603 1 2
cam_15 1038 1 3
cam_15 1059 1 2
cam_15 9633 1 2
cam_15 9958 4 1
cam_15 9726 1 3
cam_15 9666 1 2
cam_15 298 1 4
cam_15 9694 1 2
cam_15 9664 1 1
cam_15 9802 1 4
cam_15 9762 1 4
cam_15 1094 1 3
cam_15 9667 1 1
cam_15 9900 1 4
cam_15 1086 1 2
cam_15 9765 1 1
cam_15 9781 1 1
cam_15 9859 1 2
cam_15 9871 1 3
cam_15 9775 1 1
cam_15 9873 1 1
cam_15 1053 1 1
cam_15 9828 1 1
cam_15 9952 1 1
cam_15 9825 1 1
cam_15 9799 1 2
cam_15 9786 1 1
cam_15 9784 1 1
cam_15 9787 1 1
cam_15 9805 1 1
cam_15 9882 1 1
cam_15 9789 1 4
cam_15 9867 1 2
cam_15 9811 1 1
cam_15 1059 1 1
cam_15 9888 1 2
cam_15 9888 1 1
cam_15 10678 1 1
cam_15 9930 1 1
cam_15 9853 1 1
cam_15 10251 1 1
cam_15 9898 1 1
cam_15 9886 1 1
cam_15 9975 1 3
cam_15 9943 1 1
cam_15 9900 1 1
cam_15 9909 1 1
cam_15 9915 1 1
cam_15 10038 6 1
cam_15 10786 1 2
cam_15 9948 1 1
cam_15 9952 1 1
cam_15 9964 1 1
cam_15 10699 1 1
cam_15 1114 1 3
cam_15 10114 1 4
cam_15 9999 1 3
cam_15 9996 1 1
cam_15 10035 1 1
cam_15 10066 1 1
cam_15 10198 1 3
cam_15 10777 1 4
cam_15 10077 4 1
cam_15 10138 5 1
cam_15 1110 1 1
cam_15 10111 5 1
cam_15 10821 1 1
cam_15 1143 1 2
cam_15 10354 6 3
cam_15 10126 5 1
cam_15 1048 1 1
cam_15 10377 5 1
cam_15 10246 5 1
cam_15 10273 6 4
cam_15 10219 6 1
cam_15 10320 1 1
cam_15 151 1 1
cam_15 1327 1 4
cam_15 10209 5 1
cam_15 10321 1 1
cam_15 10291 1 1
cam_15 10404 1 4
cam_15 10467 1 4
cam_15 10486 1 2
cam_15 10390 5 1
cam_15 10609 1 1
cam_15 10419 5 1
cam_15 1110 1 1
cam_15 10494 1 1
cam_15 10519 5 1
cam_15 1182 1 3
cam_15 10536 4 1
cam_15 10590 1 1
cam_15 10608 1 1
cam_15 1137 5 1
cam_15 10816 1 3
cam_15 10581 1 1
cam_15 10522 1 1
cam_15 1099 1 1
cam_15 10699 1 1
cam_15 10696 1 1
cam_15 1125 1 2
cam_15 10692 1 1
cam_15 10876 1 1
cam_15 10711 1 1
cam_15 10621 1 1
cam_15 1110 1 1
cam_15 10768 1 1
cam_15 10761 1 1
cam_15 1134 1 1
cam_15 10819 1 1
cam_15 10708 1 1
cam_15 10711 1 1
cam_15 10711 1 1
cam_15 1138 1 1
cam_15 10959 1 1
cam_15 10741 1 2
cam_15 1129 1 1
cam_15 10711 1 1
cam_15 10876 1 1
cam_15 10711 1 1
cam_15 10711 1 1
cam_15 10792 1 3
cam_15 10711 1 1
cam_15 10711 1 1
cam_15 271 1 3
cam_15 165 1 1
cam_15 1167 1 1
cam_15 10744 1 1
cam_15 10731 1 1
cam_15 1113 1 1
cam_15 10719 1 2
cam_15 10714 1 1
cam_15 10726 1 1
cam_15 10720 1 1
cam_15 10741 1 1
cam_15 1125 1 1
cam_15 10731 1 1
cam_15 10737 1 1
cam_15 10755 1 1
cam_15 10738 1 1
cam_15 10722 1 1
cam_15 10725 5 1
cam_15 10726 1 1
cam_15 10747 1 1
cam_15 10774 5 2
cam_15 13209 5 2
cam_15 10740 1 1
cam_15 10771 1 1
cam_15 10846 1 3
cam_15 1149 1 1
cam_15 10771 1 1
cam_15 10813 5 1
cam_15 10876 1 1
cam_15 10801 1 1
cam_15 10786 1 1
cam_15 1510 5 1
cam_15 10942 1 4
cam_15 10954 4 1
cam_15 10807 5 2
cam_15 11038 1 1
cam_15 1182 5 2
cam_15 10872 1 1
cam_15 10861 1 1
cam_15 10839 1 1
cam_15 1251 1 4
cam_15 10836 1 2
cam_15 10831 1 1
cam_15 10884 1 1
cam_15 10846 1 2
cam_15 10951 5 1
cam_15 10876 1 1
cam_15 11098 1 4
cam_15 10884 1 1
cam_15 10884 1 1
cam_15 10927 1 1
cam_15 10884 1 1
cam_15 10890 1 1
cam_15 10890 1 1
cam_15 10887 1 1
cam_15 10890 1 1
cam_15 10890 1 1
cam_15 10900 1 1
cam_15 10899 1 1
cam_15 10899 1 1
cam_15 10908 1 1
cam_15 10914 1 1
cam_15 10944 1 2
cam_15 169 1 1
cam_15 10921 1 1
cam_15 10962 1 1
cam_15 10941 1 1
cam_15 1389 1 1
cam_15 11001 1 4
cam_15 11032 1 2
cam_15 11017 1 2
cam_15 11031 1 1
cam_15 11010 1 1
cam_15 1236 5 2
cam_15 11059 1 3
cam_15 10990 1 1
cam_15 11076 1 2
cam_15 11163 1 2
cam_15 1240 1 1
cam_15 11077 1 1
cam_15 11374 5 1
cam_15 11254 1 2
cam_15 11074 1 1
cam_15 1234 1 2
cam_15 11146 1 1
cam_15 11191 1 1
cam_15 11173 2 2
cam_15 11286 1 3
cam_15 11215 1 2
cam_15 11194 1 1
cam_15 11158 1 1
cam_15 11329 1 2
cam_15 1321 1 2
cam_15 11247 5 4
cam_15 11653 1 4
cam_15 11236 1 1
cam_15 11262 1 1
cam_15 11275 5 1
cam_15 11317 1 2
cam_15 11334 1 1
cam_15 11308 1 1
cam_15 11355 1 2
cam_15 11299 5 1
cam_15 11293 1 3
cam_15 11296 5 1
cam_15 11298 1 1
cam_15 1341 1 2
cam_15 11350 1 1
cam_15 1273 1 2
cam_15 11376 1 1
cam_15 11376 1 1
cam_15 1255 1 1
cam_15 11544 1 1
cam_15 11416 5 1
cam_15 1284 1 2
cam_15 11398 1 1
cam_15 11416 1 1
cam_15 11482 6 1
cam_15 11529 1 1
cam_15 11425 5 1
cam_15 11425 5 1
cam_15 11451 5 1
cam_15 11425 1 1
cam_15 11425 1 1
cam_15 11420 5 1
cam_15 11478 1 1
cam_15 11512 1 1
cam_15 11494 1 1
cam_15 11500 6 1
cam_15 11464 5 1
cam_15 11442 1 1
cam_15 11490 6 1
cam_15 321 1 2
cam_15 2136 1 2
cam_15 11506 6 1
cam_15 11488 1 1
cam_15 11454 5 1
cam_15 11611 1 1
cam_15 11463 5 2
cam_15 11484 5 1
cam_15 11527 6 1
cam_15 11484 5 1
cam_15 11536 6 1
cam_15 11590 6 1
cam_15 11536 5 1
cam_15 11619 1 1
cam_15 11641 6 2
cam_15 11739 1 1
cam_15 2184 1 4
cam_15 11790 1 1
cam_15 11803 1 1
cam_15 11728 5 1
cam_15 11766 1 1
cam_15 11761 1 1
cam_15 11799 6 1
cam_15 11805 6 1
cam_15 12292 1 1
cam_15 1396 1 1
cam_15 11916 5 1
cam_15 12255 1 1
cam_15 11920 5 1
cam_15 1315 5 1
cam_15 11968 6 1
cam_15 11953 5 1
cam_15 12271 1 2
cam_15 12216 1 1
cam_15 12000 5 3
cam_15 12183 1 1
cam_15 11983 1 1
cam_15 11977 5 1
cam_15 13218 5 4
cam_15 12001 5 1
cam_15 12009 5 3
cam_15 1321 5 1
cam_15 12252 1 1
cam_15 1386 6 1
cam_15 12168 5 1
cam_15 12304 1 1
cam_15 12160 5 2
cam_15 12163 5 2
cam_15 12265 1 1
cam_15 12417 1 1
cam_15 1386 1 1
cam_15 1351 5 1
cam_15 12289 1 1
cam_15 1453 1 1
cam_15 1342 5 1
cam_15 12355 1 2
cam_15 12307 1 1
cam_15 12286 5 1
cam_15 12319 1 2
cam_15 1806 1 1
cam_15 12309 5 4
cam_15 12270 5 1
cam_15 12355 1 1
cam_15 1351 5 1
cam_15 12394 1 1
cam_15 12385 1 2
cam_15 12414 1 2
cam_15 12403 1 1
cam_15 1422 6 1
cam_15 1479 1 2
cam_15 12447 1 1
cam_15 1413 1 1
cam_15 12438 1 1
cam_15 12444 1 1
cam_15 12430 1 2
cam_15 1525 1 1
cam_15 12420 1 1
cam_15 12447 1 2
cam_15 12573 1 3
cam_15 12468 1 1
cam_15 12447 1 1
cam_15 12477 1 1
cam_15 12414 1 1
cam_15 1420 1 1
cam_15 12454 1 1
cam_15 12460 1 1
cam_15 12519 5 4
cam_15 12471 1 1
cam_15 190 1 1
cam_15 1452 6 1
cam_15 12547 1 1
cam_15 12513 1 2
cam_15 12535 1 1
cam_15 12474 1 3
cam_15 12556 5 4
cam_15 12604 1 4
cam_15 1447 1 1
cam_15 12511 1 1
cam_15 12528 1 1
cam_15 12546 1 1
cam_15 1470 1 1
cam_15 1410 5 1
cam_15 12547 1 1
cam_15 1414 1 1
cam_15 12547 1 1
cam_15 12763 1 1
cam_15 12627 1 1
cam_15 12591 1 1
cam_15 12628 1 1
cam_15 1386 5 1
cam_15 1497 6 2
cam_15 12622 5 1
cam_15 12673 5 4
cam_15 12681 5 4
cam_15 12639 1 1
cam_15 12732 1 4
cam_15 1405 1 1
cam_15 12637 5 2
cam_15 12762 2 2
cam_15 12694 1 1
cam_15 12829 1 4
cam_15 1401 1 1
cam_15 12694 1 1
cam_15 1507 5 1
cam_15 12708 1 1
cam_15 1531 1 1
cam_15 12790 1 1
cam_15 1491 1 1
cam_15 12907 5 4
cam_15 1525 6 2
cam_15 12867 1 1
cam_15 12847 5 1
cam_15 12939 1 1
cam_15 12895 1 2
cam_15 12871 1 4
cam_15 12853 1 1
cam_15 13486 1 2
cam_15 12867 1 1
cam_15 12901 1 1
cam_15 1423 5 2
cam_15 12867 1 1
cam_15 12847 5 2
cam_15 457 5 2
cam_15 192 1 1
cam_15 12951 1 1
cam_15 12994 1 1
cam_15 12895 1 1
cam_15 12876 1 1
cam_15 12966 6 1
cam_15 12918 5 3
cam_15 13027 1 1
cam_15 13068 1 4
cam_15 13026 1 2
cam_15 13045 1 1
cam_15 13027 6 1
cam_15 1546 1 2
cam_15 13113 1 3
cam_15 13044 5 1
cam_15 13269 1 1
cam_15 1527 5 1
cam_15 13150 1 3
cam_15 13071 5 1
cam_15 13039 5 2
cam_15 13102 5 1
cam_15 13053 5 1
cam_15 1503 1 1
cam_15 13197 1 3
cam_15 13437 1 1
cam_15 1470 1 1
cam_15 13101 5 1
cam_15 13134 1 1
cam_15 13251 1 4
cam_15 1536 1 1
cam_15 13155 1 1
cam_15 13204 5 1
cam_15 153 5 1
cam_15 1632 1 2
cam_15 13443 1 1
cam_15 13299 5 1
cam_15 13455 1 1
cam_15 13209 5 1
cam_15 1564 1 1
cam_15 13198 5 1
cam_15 13212 5 1
cam_15 13455 1 1
cam_15 13226 5 1
cam_15 13219 5 1
cam_15 13233 5 1
cam_15 13287 1 1
cam_15 1522 5 2
cam_15 13317 1 1
cam_15 1587 1 1
cam_15 13447 1 1
cam_15 13500 1 1
cam_15 13455 1 1
cam_15 13476 1 1
cam_15 13458 1 1
cam_15 1657 1 2
cam_15 13500 1 1
cam_15 13437 5 1
cam_15 13498 1 1
cam_15 1605 1 1
cam_15 13500 1 1
cam_15 13455 5 1
cam_15 13458 1 1
cam_15 13467 1 1
cam_15 13500 1 1
cam_15 1659 5 1
cam_15 168 5 1
cam_15 1642 1 1
cam_15 1635 5 1
cam_15 1671 1 1
cam_15 1690 1 1
cam_15 1678 1 1
cam_15 1716 1 1
cam_15 1680 1 1
cam_15 1717 5 1
cam_15 1936 1 1
cam_15 1680 5 1
cam_15 1728 1 1
cam_15 1741 1 1
cam_15 220 1 1
cam_15 1711 1 1
cam_15 1756 6 1
cam_15 336 6 2
cam_15 1762 6 1
cam_15 1737 5 1
cam_15 1795 1 1
cam_15 247 5 1
cam_15 1806 1 1
cam_15 1831 1 1
cam_15 1824 5 1
cam_15 1821 1 1
cam_15 238 1 1
cam_15 1911 1 1
cam_15 238 1 1
cam_15 1923 1 1
cam_15 1932 1 1
cam_15 1971 1 1
cam_15 1971 1 1
cam_15 2053 1 1
cam_15 1989 1 1
cam_15 1992 1 1
cam_15 61 6 1
cam_15 289 1 1
cam_15 2035 1 1
cam_15 2056 1 1
cam_15 2086 1 1
cam_15 2097 1 1
cam_15 2071 1 1
cam_15 2067 1 1
cam_15 2071 1 1
cam_15 2116 1 1
cam_15 252 1 1
cam_15 2109 1 1
cam_15 2152 1 2
cam_15 2089 1 1
cam_15 2079 1 1
cam_15 2089 1 1
cam_15 2107 1 1
cam_15 2122 1 1
cam_15 2118 1 1
cam_15 2122 1 1
cam_15 2124 1 1
cam_15 274 1 1
cam_15 2136 1 1
cam_15 2151 1 1
cam_15 240 5 1
cam_15 2170 1 2
cam_15 2160 1 1
cam_15 2122 1 1
cam_15 2172 1 1
cam_15 2133 1 1
cam_15 2164 1 1
cam_15 231 1 1
cam_15 2178 1 1
cam_15 2193 1 1
cam_15 2143 1 1
cam_15 2139 1 1
cam_15 2185 1 1
cam_15 2217 1 4
cam_15 2187 1 1
cam_15 2238 2 2
cam_15 2202 1 1
cam_15 2200 1 1
cam_15 250 4 1
cam_15 2238 1 2
cam_15 2295 1 1
cam_15 2242 1 1
cam_15 2205 1 1
cam_15 2242 1 1
cam_15 2259 1 1
cam_15 2250 1 1
cam_15 2266 1 4
cam_15 2224 1 1
cam_15 2229 1 1
cam_15 2275 1 4
cam_15 2277 1 1
cam_15 2308 1 3
cam_15 2307 1 2
cam_15 2289 1 1
cam_15 2266 1 1
cam_15 2331 5 3
cam_15 2301 5 2
cam_15 2316 1 1
cam_15 2347 1 4
cam_15 2326 1 2
cam_15 2325 1 1
cam_15 2320 1 1
cam_15 262 4 1
cam_15 2335 1 1
cam_15 2344 1 2
cam_15 2335 1 1
cam_15 2376 5 4
cam_15 2331 1 1
cam_15 2380 1 3
cam_15 262 5 1
cam_15 2346 1 1
cam_15 327 5 1
cam_15 2406 1 1
cam_15 2377 1 1
cam_15 2476 1 4
cam_15 2398 1 2
cam_15 2409 1 1
cam_15 2425 1 1
cam_15 2496 1 1
cam_15 2451 1 1
cam_15 2451 1 1
cam_15 2398 1 1
cam_15 2406 1 1
cam_15 2476 1 1
cam_15 2536 1 4
cam_15 339 1 1
cam_15 2496 1 1
cam_15 304 5 1
cam_15 2491 1 1
cam_15 2518 1 1
cam_15 2490 1 1
cam_15 2538 1 1
cam_15 346 5 1
cam_15 2499 1 1
cam_15 2530 1 4
cam_15 2506 1 1
cam_15 2893 1 4
cam_15 348 1 1
cam_15 2526 1 4
cam_15 2535 1 4
cam_15 2571 1 4
cam_15 2631 1 2
cam_15 2647 1 2
cam_15 2605 1 2
cam_15 2617 1 1
cam_15 2611 1 2
cam_15 2671 1 2
cam_15 2599 1 1
cam_15 2691 1 2
cam_15 2629 1 1
cam_15 2580 1 4
cam_15 2680 1 1
cam_15 2583 1 1
cam_15 2638 1 1
cam_15 2698 1 2
cam_15 2754 1 4
cam_15 2604 1 1
cam_15 2610 1 1
cam_15 2616 1 1
cam_15 2743 1 3
cam_15 2755 1 1
cam_15 2832 1 4
cam_15 2719 1 1
cam_15 2767 1 1
cam_15 2770 1 1
cam_15 2829 1 1
cam_15 2839 1 1
cam_15 958 1 4
cam_15 2800 1 2
cam_15 2818 5 1
cam_15 2790 5 1
cam_15 2949 5 1
cam_15 696 1 3
cam_15 2892 1 1
cam_15 2868 1 1
cam_15 2905 1 1
cam_15 3051 1 1
cam_15 382 5 1
cam_15 2910 1 1
cam_15 2821 1 1
cam_15 2826 5 1
cam_15 415 5 1
cam_15 2892 1 1
cam_15 2926 1 1
cam_15 2934 1 1
cam_15 2962 5 1
cam_15 2914 6 1
cam_15 3009 1 3
cam_15 2965 1 1
cam_15 2884 1 1
