cam_24 51 2 1
cam_24 48 1 1
cam_24 1008 2 1
cam_24 13074 2 1
cam_24 13147 1 1
cam_24 13065 2 1
cam_24 13113 2 1
cam_24 13092 2 1
cam_24 13104 2 1
cam_24 13109 2 1
cam_24 13117 2 2
cam_24 13165 2 4
cam_24 13156 2 1
cam_24 13150 1 1
cam_24 13140 2 1
cam_24 13500 2 1
cam_24 13219 1 2
cam_24 13227 2 1
cam_24 13210 2 1
cam_24 13218 2 1
cam_24 13207 2 1
cam_24 13218 2 2
cam_24 13298 2 1
cam_24 13236 2 1
cam_24 13335 2 1
cam_24 13357 2 1
cam_24 13260 2 1
cam_24 13240 2 1
cam_24 13240 2 1
cam_24 13288 2 1
cam_24 13272 2 1
cam_24 13498 2 1
cam_24 13270 2 1
cam_24 13345 2 1
cam_24 13447 2 1
cam_24 13437 2 1
cam_24 13377 1 1
cam_24 13314 2 1
cam_24 13354 2 1
cam_24 1042 2 1
cam_24 13327 2 1
cam_24 13500 2 4
cam_24 13339 2 1
cam_24 13380 2 1
cam_24 13500 2 1
cam_24 13426 2 1
cam_24 13451 2 1
cam_24 13500 2 1
cam_24 13500 2 1
cam_24 13500 2 1
cam_24 1398 2 1
cam_24 1272 2 1
cam_24 1110 2 4
cam_24 1072 2 1
cam_24 1167 2 1
cam_24 1191 2 1
cam_24 1396 2 1
cam_24 1122 1 1
cam_24 1428 1 1
cam_24 10 2 1
cam_24 85 2 1
cam_24 1369 2 1
cam_24 1144 2 1
cam_24 126 2 1
cam_24 1168 2 1
cam_24 1164 2 1
cam_24 1126 2 1
cam_24 1168 2 1
cam_24 1364 2 1
cam_24 1302 2 1
cam_24 145 1 1
cam_24 1312 2 1
cam_24 1165 2 1
cam_24 1395 2 1
cam_24 1405 2 1
cam_24 154 1 1
cam_24 1606 1 1
cam_24 1207 2 1
cam_24 23 2 1
cam_24 1200 2 1
cam_24 313 2 1
cam_24 1195 2 1
cam_24 1234 2 1
cam_24 1225 2 1
cam_24 1326 2 1
cam_24 1219 2 1
cam_24 1411 2 1
cam_24 1254 2 1
cam_24 1257 1 1
cam_24 1476 2 1
cam_24 1297 2 1
cam_24 1719 2 1
cam_24 1521 2 1
cam_24 1672 2 1
cam_24 1665 2 4
cam_24 1371 2 1
cam_24 1636 2 3
cam_24 1366 2 1
cam_24 1383 2 1
cam_24 129 2 1
cam_24 1387 2 1
cam_24 1390 2 1
cam_24 1662 2 1
cam_24 1401 2 1
cam_24 1543 2 1
cam_24 1477 2 4
cam_24 1597 1 1
cam_24 1396 2 1
cam_24 1407 2 1
cam_24 1453 2 1
cam_24 1448 2 1
cam_24 172 2 1
cam_24 1537 2 1
cam_24 1698 2 1
cam_24 1762 2 1
cam_24 1527 2 1
cam_24 1780 1 1
cam_24 1675 2 1
cam_24 1557 2 1
cam_24 1564 1 1
cam_24 156 2 1
cam_24 1765 2 4
cam_24 144 2 1
cam_24 1564 2 1
cam_24 171 2 1
cam_24 1572 2 1
cam_24 1605 2 1
cam_24 1669 2 1
cam_24 1572 2 1
cam_24 1597 2 1
cam_24 1624 2 1
cam_24 1654 2 1
cam_24 1665 2 1
cam_24 1723 1 4
cam_24 2797 2 4
cam_24 1698 2 1
cam_24 1698 2 1
cam_24 1744 2 1
cam_24 1714 2 1
cam_24 1840 2 4
cam_24 1743 2 1
cam_24 1743 1 1
cam_24 1753 2 1
cam_24 1764 1 1
cam_24 1743 2 1
cam_24 1768 1 1
cam_24 1758 2 1
cam_24 184 2 1
cam_24 1777 2 1
cam_24 1789 1 1
cam_24 1926 2 1
cam_24 1842 1 1
cam_24 1803 2 1
cam_24 1839 1 1
cam_24 1869 2 1
cam_24 1827 2 1
cam_24 1833 1 1
cam_24 1858 2 1
cam_24 1875 2 1
cam_24 2673 2 2
cam_24 1911 2 1
cam_24 1878 2 1
cam_24 2094 2 1
cam_24 1885 2 1
cam_24 2155 2 1
cam_24 1929 2 1
cam_24 84 1 1
cam_24 1950 2 1
cam_24 1918 2 1
cam_24 2034 1 4
cam_24 2043 2 1
cam_24 1963 2 1
cam_24 1941 2 1
cam_24 2178 2 1
cam_24 2136 1 1
cam_24 2167 2 1
cam_24 2182 2 1
cam_24 2503 2 2
cam_24 1996 2 1
cam_24 2017 2 1
cam_24 1987 1 1
cam_24 1978 1 1
cam_24 2014 2 2
cam_24 198 1 1
cam_24 2206 2 1
cam_24 2239 2 1
cam_24 2059 2 1
cam_24 2059 2 1
cam_24 295 1 1
cam_24 2079 2 1
cam_24 2310 1 1
cam_24 2146 2 1
cam_24 2079 2 1
cam_24 2082 2 1
cam_24 2073 2 1
cam_24 2280 2 1
cam_24 2127 2 1
cam_24 2097 2 1
cam_24 2134 2 1
cam_24 2367 2 1
cam_24 169 2 1
cam_24 2136 2 1
cam_24 2185 2 1
cam_24 2161 2 1
cam_24 2160 2 1
cam_24 2248 2 1
cam_24 2275 1 1
cam_24 2205 2 1
cam_24 183 2 1
cam_24 2326 2 1
cam_24 2221 2 1
cam_24 180 2 1
cam_24 2311 2 1
cam_24 226 1 1
cam_24 2229 2 1
cam_24 2254 2 1
cam_24 2519 2 1
cam_24 2245 2 1
cam_24 2326 2 1
cam_24 2301 2 1
cam_24 2259 2 1
cam_24 2307 2 1
cam_24 2310 2 1
cam_24 2332 2 1
cam_24 2326 2 1
cam_24 2373 2 1
cam_24 2373 2 1
cam_24 2454 2 4
cam_24 2401 2 1
cam_24 2415 2 1
cam_24 2412 2 1
cam_24 2697 2 1
cam_24 2395 2 1
cam_24 213 2 1
cam_24 2382 1 4
cam_24 2440 1 1
cam_24 2458 2 1
cam_24 2407 2 1
cam_24 2518 2 1
cam_24 2451 1 1
cam_24 2436 1 1
cam_24 2415 2 1
cam_24 2460 2 1
cam_24 2616 2 4
cam_24 2548 2 1
cam_24 2547 2 1
cam_24 2461 1 1
cam_24 2464 1 1
cam_24 2472 1 1
cam_24 58 1 1
cam_24 2479 1 1
cam_24 2766 2 2
cam_24 195 2 1
cam_24 2484 1 1
cam_24 2485 2 1
cam_24 2515 2 1
cam_24 2488 2 1
cam_24 2605 2 1
cam_24 2547 2 1
cam_24 2496 2 1
cam_24 2547 2 1
cam_24 2520 1 1
cam_24 2542 1 1
cam_24 2524 1 1
cam_24 184 2 1
cam_24 2578 1 1
cam_24 2530 2 1
cam_24 2596 1 2
cam_24 175 2 1
cam_24 2596 2 1
cam_24 2854 2 1
cam_24 2572 1 1
cam_24 2610 1 1
cam_24 2628 2 1
cam_24 2647 2 1
cam_24 2676 2 1
cam_24 2676 2 1
cam_24 2733 2 1
cam_24 2692 2 1
cam_24 2673 2 1
cam_24 2781 2 1
cam_24 2734 2 1
cam_24 2721 2 1
cam_24 2718 2 1
cam_24 2809 2 4
cam_24 2742 2 1
cam_24 2764 2 1
cam_24 2727 2 1
cam_24 2791 2 1
cam_24 3126 2 4
cam_24 2742 2 1
cam_24 2742 2 1
cam_24 2785 2 1
cam_24 2754 2 1
cam_24 3001 1 1
cam_24 2785 2 1
cam_24 2794 2 1
cam_24 2785 1 1
cam_24 2801 1 1
cam_24 2829 1 1
cam_24 190 2 1
cam_24 2790 2 4
cam_24 2986 2 1
cam_24 2812 2 4
cam_24 2850 2 1
cam_24 2842 2 1
cam_24 2851 2 1
cam_24 2835 2 1
cam_24 2865 2 1
cam_24 2871 2 1
cam_24 2952 1 1
cam_24 3045 2 1
cam_24 3142 2 1
cam_24 2920 2 1
cam_24 2871 1 2
cam_24 204 1 1
cam_24 2872 2 1
cam_24 3016 1 1
cam_24 2923 2 1
cam_24 2995 1 1
cam_24 2953 1 1
cam_24 3193 2 1
cam_24 3082 1 1
cam_24 3420 2 1
cam_24 2991 2 1
cam_24 3120 2 1
cam_24 236 1 1
cam_24 2980 1 1
cam_24 3010 1 2
cam_24 2980 2 1
cam_24 3241 2 1
cam_24 298 2 1
cam_24 3024 2 1
cam_24 3832 2 4
cam_24 3048 2 1
cam_24 3181 2 1
cam_24 3087 2 1
cam_24 3106 2 1
cam_24 3118 2 1
cam_24 202 2 1
cam_24 3150 2 1
cam_24 3262 2 1
cam_24 3147 1 1
cam_24 3174 1 1
cam_24 3181 1 1
cam_24 3183 1 1
cam_24 3939 1 1
cam_24 3202 2 1
cam_24 3894 2 4
cam_24 3232 2 1
cam_24 3247 2 1
cam_24 51 1 1
cam_24 3502 2 1
cam_24 3372 1 1
cam_24 3283 2 1
cam_24 3279 2 1
cam_24 3291 2 1
cam_24 3324 2 1
cam_24 3306 2 1
cam_24 208 2 1
cam_24 3345 1 1
cam_24 3321 2 1
cam_24 4000 2 2
cam_24 3324 2 1
cam_24 3360 1 1
cam_24 3345 2 1
cam_24 454 2 1
cam_24 3354 2 1
cam_24 3367 1 1
cam_24 3414 2 1
cam_24 231 2 1
cam_24 3373 2 1
cam_24 3393 1 1
cam_24 3387 2 1
cam_24 3384 2 1
cam_24 3400 2 1
cam_24 57 1 1
cam_24 234 2 1
cam_24 3388 1 1
cam_24 3417 2 1
cam_24 3412 1 1
cam_24 277 1 1
cam_24 3411 2 1
cam_24 3463 1 1
cam_24 3417 1 1
cam_24 3465 2 1
cam_24 3492 1 1
cam_24 3655 1 1
cam_24 285 2 1
cam_24 3646 1 1
cam_24 3465 2 1
cam_24 3568 1 1
cam_24 3802 2 1
cam_24 3489 2 1
cam_24 3498 1 1
cam_24 3484 1 1
cam_24 3510 1 1
cam_24 259 1 1
cam_24 3495 2 1
cam_24 3648 1 1
cam_24 3645 2 1
cam_24 3486 2 1
cam_24 3763 2 1
cam_24 318 1 1
cam_24 3551 2 1
cam_24 3561 2 1
cam_24 3967 2 2
cam_24 3588 1 1
cam_24 3888 2 1
cam_24 3646 2 1
cam_24 3625 1 1
cam_24 3592 1 1
cam_24 3697 2 1
cam_24 3630 1 1
cam_24 3589 2 1
cam_24 3892 2 1
cam_24 3598 2 1
cam_24 3633 2 1
cam_24 3577 2 1
cam_24 3615 2 1
cam_24 4119 1 1
cam_24 3633 2 1
cam_24 3660 2 1
cam_24 3637 2 1
cam_24 510 2 1
cam_24 3625 1 1
cam_24 3943 1 4
cam_24 3921 2 1
cam_24 3691 2 1
cam_24 3678 2 1
cam_24 3721 2 1
cam_24 3832 2 1
cam_24 3721 2 1
cam_24 3795 2 1
cam_24 3748 2 1
cam_24 3768 2 1
cam_24 292 2 1
cam_24 3775 2 1
cam_24 3766 2 1
cam_24 3792 2 1
cam_24 3790 2 1
cam_24 3790 2 1
cam_24 3793 2 1
cam_24 3796 2 1
cam_24 3832 2 1
cam_24 3840 2 1
cam_24 3891 2 1
cam_24 3834 2 1
cam_24 3862 2 1
cam_24 3864 2 1
cam_24 3873 2 1
cam_24 3916 2 1
cam_24 3873 2 1
cam_24 3901 2 1
cam_24 4023 2 2
cam_24 3939 2 1
cam_24 3961 2 1
cam_24 3957 2 1
cam_24 3969 2 1
cam_24 3979 2 1
cam_24 4746 2 2
cam_24 3990 2 1
cam_24 4074 2 1
cam_24 3997 2 1
cam_24 4000 2 1
cam_24 4029 2 1
cam_24 3993 2 1
cam_24 4012 2 1
cam_24 4045 2 1
cam_24 4084 1 2
cam_24 4062 2 1
cam_24 4069 2 1
cam_24 4069 2 1
cam_24 5058 2 4
cam_24 4086 2 1
cam_24 4108 2 1
cam_24 4146 2 1
cam_24 4138 1 1
cam_24 4153 1 1
cam_24 4339 1 1
cam_24 4180 1 1
cam_24 4249 2 1
cam_24 325 2 1
cam_24 4183 1 1
cam_24 4189 2 2
cam_24 4198 1 1
cam_24 4189 2 1
cam_24 4945 1 1
cam_24 4209 2 1
cam_24 4257 1 1
cam_24 4207 2 1
cam_24 4266 1 1
cam_24 4243 1 1
cam_24 4245 2 1
cam_24 4351 2 1
cam_24 4246 1 1
cam_24 4249 2 1
cam_24 4258 1 1
cam_24 4243 2 1
cam_24 4255 2 1
cam_24 4240 2 1
cam_24 4542 1 1
cam_24 4267 2 1
cam_24 4288 2 1
cam_24 4267 2 1
cam_24 4300 1 1
cam_24 4339 2 1
cam_24 4329 1 1
cam_24 4300 2 1
cam_24 4347 1 1
cam_24 4300 2 1
cam_24 4338 2 1
cam_24 4333 2 1
cam_24 4414 1 1
cam_24 4378 2 1
cam_24 4340 2 1
cam_24 300 2 1
cam_24 4372 2 1
cam_24 4347 2 1
cam_24 4377 1 2
cam_24 4366 2 1
cam_24 4368 2 1
cam_24 4386 2 1
cam_24 4396 1 2
cam_24 4407 2 1
cam_24 4425 2 1
cam_24 4423 2 1
cam_24 4435 1 2
cam_24 4938 2 1
cam_24 4983 2 2
cam_24 4423 2 1
cam_24 4441 2 1
cam_24 318 2 1
cam_24 4450 2 1
cam_24 4468 2 1
cam_24 4471 2 1
cam_24 4480 2 1
cam_24 4935 1 1
cam_24 4602 2 1
cam_24 4548 2 1
cam_24 4461 1 1
cam_24 4473 2 1
cam_24 297 2 1
cam_24 4501 2 1
cam_24 4485 2 1
cam_24 4477 2 1
cam_24 4563 1 1
cam_24 4516 2 1
cam_24 4536 1 2
cam_24 4918 2 1
cam_24 4533 2 1
cam_24 555 2 1
cam_24 4543 2 1
cam_24 4716 2 1
cam_24 4524 2 1
cam_24 4546 2 1
cam_24 4551 2 1
cam_24 4561 2 1
cam_24 4722 2 1
cam_24 4564 2 1
cam_24 4591 2 1
cam_24 4743 2 1
cam_24 4596 2 1
cam_24 4600 1 1
cam_24 4618 2 1
cam_24 4722 2 1
cam_24 5193 2 4
cam_24 4642 2 1
cam_24 4657 2 1
cam_24 4629 2 1
cam_24 5269 1 4
cam_24 4669 2 1
cam_24 4728 2 1
cam_24 4695 2 1
cam_24 4691 2 1
cam_24 5022 2 1
cam_24 403 2 1
cam_24 4752 2 1
cam_24 5029 2 1
cam_24 4768 2 1
cam_24 4861 2 1
cam_24 5001 2 1
cam_24 4856 2 1
cam_24 4821 2 2
cam_24 5539 2 4
cam_24 4871 2 1
cam_24 4959 2 1
cam_24 4882 2 2
cam_24 4903 2 1
cam_24 4959 2 1
cam_24 4996 2 1
cam_24 4978 2 1
cam_24 5371 1 1
cam_24 5089 2 1
cam_24 5094 2 1
cam_24 5082 2 1
cam_24 5112 2 1
cam_24 5113 2 1
cam_24 5340 2 1
cam_24 5143 2 1
cam_24 5121 2 1
cam_24 5161 2 1
cam_24 5175 2 1
cam_24 5173 2 1
cam_24 5284 1 1
cam_24 5179 2 1
cam_24 5185 2 1
cam_24 415 1 1
cam_24 5211 2 1
cam_24 5236 2 1
cam_24 5217 1 1
cam_24 5505 2 3
cam_24 385 2 2
cam_24 5272 1 1
cam_24 5263 2 1
cam_24 5259 1 4
cam_24 5253 2 1
cam_24 5280 2 1
cam_24 5279 2 1
cam_24 5256 1 2
cam_24 5277 2 1
cam_24 5503 2 2
cam_24 452 2 1
cam_24 5290 1 1
cam_24 5301 2 1
cam_24 5313 2 1
cam_24 5314 2 1
cam_24 5320 1 4
cam_24 5322 2 1
cam_24 5370 2 1
cam_24 5340 2 1
cam_24 5329 2 1
cam_24 5322 1 4
cam_24 5365 1 1
cam_24 5362 1 1
cam_24 5391 2 1
cam_24 736 2 1
cam_24 5368 1 1
cam_24 5353 2 1
cam_24 5359 2 1
cam_24 5376 2 1
cam_24 5374 2 1
cam_24 5500 1 4
cam_24 5415 2 1
cam_24 627 1 1
cam_24 5523 2 1
cam_24 5443 2 1
cam_24 5464 2 1
cam_24 5473 2 2
cam_24 5452 2 1
cam_24 5463 2 1
cam_24 5479 2 1
cam_24 5496 2 1
cam_24 5508 2 1
cam_24 5535 2 1
cam_24 5688 2 4
cam_24 5943 2 1
cam_24 5556 2 3
cam_24 5560 2 1
cam_24 5656 2 1
cam_24 5629 2 1
cam_24 5554 2 1
cam_24 5565 2 1
cam_24 5554 2 1
cam_24 5605 2 1
cam_24 34 1 2
cam_24 5586 2 1
cam_24 5569 2 1
cam_24 5655 2 1
cam_24 5604 2 1
cam_24 5674 2 2
cam_24 5629 1 1
cam_24 5637 1 1
cam_24 408 2 1
cam_24 5631 1 1
cam_24 5641 2 1
cam_24 5638 2 1
cam_24 6231 2 3
cam_24 5658 2 1
cam_24 5859 2 1
cam_24 5644 2 1
cam_24 5668 2 1
cam_24 5685 2 1
cam_24 5676 2 1
cam_24 6114 2 1
cam_24 5692 2 1
cam_24 5704 2 1
cam_24 5847 2 1
cam_24 5721 2 1
cam_24 5740 2 1
cam_24 5733 2 4
cam_24 5779 2 1
cam_24 5934 2 2
cam_24 5889 2 1
cam_24 5766 2 1
cam_24 5770 2 1
cam_24 5778 2 1
cam_24 5791 2 1
cam_24 5790 2 1
cam_24 5775 2 1
cam_24 5857 2 1
cam_24 5865 2 1
cam_24 5811 2 1
cam_24 6052 2 1
cam_24 6088 2 1
cam_24 5845 2 1
cam_24 85 1 1
cam_24 5812 1 1
cam_24 579 2 1
cam_24 5857 2 1
cam_24 5830 1 1
cam_24 6025 2 1
cam_24 5877 2 1
cam_24 5914 2 1
cam_24 6630 2 4
cam_24 5881 2 1
cam_24 5865 2 1
cam_24 5868 1 4
cam_24 5884 2 1
cam_24 5911 2 1
cam_24 5950 2 1
cam_24 5902 2 2
cam_24 5928 2 1
cam_24 6163 2 1
cam_24 5989 2 1
cam_24 6135 2 1
cam_24 5976 2 1
cam_24 6151 2 1
cam_24 6024 2 1
cam_24 5994 2 1
cam_24 6031 2 1
cam_24 6237 1 1
cam_24 6018 1 1
cam_24 6070 2 1
cam_24 5998 2 1
cam_24 6103 2 1
cam_24 6036 2 1
cam_24 6567 1 1
cam_24 6136 2 1
cam_24 6043 1 1
cam_24 6261 1 1
cam_24 6070 1 1
cam_24 6234 2 1
cam_24 501 2 1
cam_24 6903 2 1
cam_24 6307 2 1
cam_24 6061 1 1
cam_24 6088 2 1
cam_24 6150 1 2
cam_24 6247 2 1
cam_24 6157 1 1
cam_24 6301 2 1
cam_24 6450 2 1
cam_24 6207 1 1
cam_24 6277 1 1
cam_24 6469 2 1
cam_24 6253 2 1
cam_24 6232 1 1
cam_24 6289 2 1
cam_24 6583 2 2
cam_24 6457 2 1
cam_24 6288 1 1
cam_24 6286 2 1
cam_24 6373 2 1
cam_24 6324 2 1
cam_24 6726 2 1
cam_24 6331 2 1
cam_24 6864 2 1
cam_24 6334 2 1
cam_24 6478 2 1
cam_24 6388 2 1
cam_24 6528 2 1
cam_24 6681 2 2
cam_24 6396 2 1
cam_24 6393 2 1
cam_24 6432 2 1
cam_24 6459 1 1
cam_24 6439 2 1
cam_24 6615 2 1
cam_24 6543 2 1
cam_24 6454 2 1
cam_24 6601 1 1
cam_24 6481 2 1
cam_24 6489 2 1
cam_24 6745 2 1
cam_24 6481 2 1
cam_24 6585 1 1
cam_24 6516 2 1
cam_24 6505 2 1
cam_24 6577 2 1
cam_24 6535 2 1
cam_24 6696 2 1
cam_24 6772 2 1
cam_24 6511 2 1
cam_24 6538 2 1
cam_24 6600 2 1
cam_24 6597 2 1
cam_24 6768 2 1
cam_24 6625 2 1
cam_24 6612 2 1
cam_24 6615 2 1
cam_24 6624 2 1
cam_24 6711 2 1
cam_24 6613 1 1
cam_24 6996 1 2
cam_24 438 2 1
cam_24 6861 2 1
cam_24 6708 2 1
cam_24 7034 2 1
cam_24 6774 2 4
cam_24 6715 2 1
cam_24 6831 2 1
cam_24 6750 2 1
cam_24 6996 2 1
cam_24 6832 1 1
cam_24 7035 2 1
cam_24 6721 2 1
cam_24 6850 2 1
cam_24 6769 1 1
cam_24 751 2 1
cam_24 6768 2 2
cam_24 6779 2 1
cam_24 6808 1 2
cam_24 6868 2 1
cam_24 6804 2 1
cam_24 6829 2 1
cam_24 7080 2 1
cam_24 625 2 1
cam_24 6894 2 1
cam_24 6865 2 1
cam_24 6903 2 1
cam_24 7057 1 1
cam_24 7078 2 1
cam_24 7332 2 1
cam_24 6891 2 1
cam_24 7345 1 1
cam_24 7075 2 1
cam_24 7356 2 1
cam_24 7098 2 1
cam_24 7611 2 1
cam_24 7144 2 4
cam_24 6988 2 2
cam_24 7123 2 1
cam_24 7176 2 1
cam_24 7198 2 1
cam_24 7080 2 1
cam_24 7039 1 1
cam_24 7335 1 1
cam_24 7024 2 1
cam_24 7137 2 1
cam_24 7081 2 1
cam_24 453 2 1
cam_24 7135 2 1
cam_24 7110 2 1
cam_24 7499 2 1
cam_24 7111 2 1
cam_24 7135 1 1
cam_24 7369 2 1
cam_24 7248 2 4
cam_24 7182 2 1
cam_24 7342 1 1
cam_24 7183 2 1
cam_24 7209 1 2
cam_24 7206 2 1
cam_24 7221 2 1
cam_24 7224 2 1
cam_24 7206 2 1
cam_24 7236 2 2
cam_24 7231 2 1
cam_24 7243 1 1
cam_24 7270 2 4
cam_24 7359 2 1
cam_24 7266 2 1
cam_24 7384 1 1
cam_24 7251 2 1
cam_24 7518 2 1
cam_24 7249 2 4
cam_24 7279 1 2
cam_24 7258 2 1
cam_24 7774 2 1
cam_24 7500 2 1
cam_24 7419 2 1
cam_24 7749 2 1
cam_24 7254 2 1
cam_24 7260 2 1
cam_24 7288 2 1
cam_24 7582 2 1
cam_24 7275 2 1
cam_24 7299 2 1
cam_24 7336 2 1
cam_24 7300 2 1
cam_24 7543 2 1
cam_24 7959 2 1
cam_24 7417 2 1
cam_24 7425 2 1
cam_24 7434 2 1
cam_24 7688 2 1
cam_24 7557 2 1
cam_24 7437 1 1
cam_24 7404 2 1
cam_24 7386 2 1
cam_24 7831 2 3
cam_24 7444 2 1
cam_24 7432 2 1
cam_24 7429 2 1
cam_24 7583 2 1
cam_24 7501 2 1
cam_24 7441 1 1
cam_24 7540 2 1
cam_24 7528 2 1
cam_24 574 2 1
cam_24 7518 2 1
cam_24 7483 2 1
cam_24 7561 2 1
cam_24 639 1 1
cam_24 505 2 3
cam_24 7536 2 1
cam_24 7528 2 1
cam_24 7567 2 1
cam_24 63 2 1
cam_24 7590 2 1
cam_24 7599 2 1
cam_24 7765 2 1
cam_24 523 2 1
cam_24 7656 2 1
cam_24 7770 2 1
cam_24 7681 2 1
cam_24 7699 2 1
cam_24 7659 2 1
cam_24 7651 2 1
cam_24 7737 2 1
cam_24 7675 2 1
cam_24 7682 2 1
cam_24 7715 2 1
cam_24 8028 1 1
cam_24 7842 1 1
cam_24 7713 2 1
cam_24 7845 2 1
cam_24 34 2 2
cam_24 7840 2 1
cam_24 7771 2 1
cam_24 7803 2 1
cam_24 8113 2 3
cam_24 8008 2 4
cam_24 7903 2 4
cam_24 8126 2 1
cam_24 7882 2 1
cam_24 7901 2 1
cam_24 7888 2 1
cam_24 7894 2 1
cam_24 7953 2 1
cam_24 7896 2 1
cam_24 7927 2 1
cam_24 7930 2 1
cam_24 7938 2 1
cam_24 8326 1 1
cam_24 7977 2 1
cam_24 8272 2 1
cam_24 7963 2 1
cam_24 8149 1 1
cam_24 499 2 1
cam_24 7995 1 1
cam_24 526 2 1
cam_24 7969 1 1
cam_24 7975 2 1
cam_24 8007 2 1
cam_24 8488 2 1
cam_24 8080 1 1
cam_24 8364 2 1
cam_24 8073 1 1
cam_24 8416 1 1
cam_24 8023 2 1
cam_24 8065 1 1
cam_24 7998 2 1
cam_24 8206 2 1
cam_24 8046 2 1
cam_24 8037 2 1
cam_24 8065 1 1
cam_24 8329 2 1
cam_24 685 1 1
cam_24 8176 1 1
cam_24 8049 2 1
cam_24 8040 2 1
cam_24 8125 2 1
cam_24 8052 2 1
cam_24 8083 2 2
cam_24 516 2 1
cam_24 8065 2 1
cam_24 8113 1 1
cam_24 8080 2 1
cam_24 8257 2 1
cam_24 8145 2 1
cam_24 8539 1 1
cam_24 8136 2 1
cam_24 8322 2 4
cam_24 8161 1 1
cam_24 8184 1 1
cam_24 8164 2 1
cam_24 8164 2 1
cam_24 8205 2 1
cam_24 537 2 2
cam_24 8220 2 1
cam_24 8179 2 2
cam_24 8226 2 2
cam_24 8212 2 2
cam_24 8245 2 1
cam_24 8227 2 1
cam_24 8340 1 1
cam_24 8431 2 1
cam_24 8274 2 1
cam_24 8287 2 1
cam_24 8401 2 1
cam_24 8278 2 1
cam_24 546 2 1
cam_24 8280 2 1
cam_24 8320 2 1
cam_24 8368 2 1
cam_24 8295 1 1
cam_24 8457 2 1
cam_24 541 2 1
cam_24 8395 1 4
cam_24 8344 2 1
cam_24 8356 2 1
cam_24 8406 2 1
cam_24 8400 2 1
cam_24 8415 2 1
cam_24 8368 2 1
cam_24 8367 2 2
cam_24 8700 2 1
cam_24 8485 2 4
cam_24 8855 2 1
cam_24 19 1 1
cam_24 549 2 1
cam_24 8442 2 1
cam_24 8415 2 1
cam_24 8428 2 1
cam_24 8479 2 1
cam_24 8442 2 1
cam_24 8457 2 1
cam_24 8449 2 1
cam_24 8520 2 1
cam_24 8542 2 4
cam_24 8565 2 1
cam_24 9099 2 1
cam_24 547 1 1
cam_24 8526 1 1
cam_24 8548 1 1
cam_24 8547 2 1
cam_24 8542 1 1
cam_24 8545 2 1
cam_24 8522 2 1
cam_24 8553 1 1
cam_24 8614 2 1
cam_24 8568 1 1
cam_24 8560 2 1
cam_24 556 2 1
cam_24 8798 2 1
cam_24 8586 2 1
cam_24 8581 1 1
cam_24 8575 1 1
cam_24 8590 1 1
cam_24 531 2 1
cam_24 8608 1 2
cam_24 8578 2 1
cam_24 8680 2 1
cam_24 8628 1 2
cam_24 8634 2 1
cam_24 8643 2 1
cam_24 8644 1 1
cam_24 8652 2 1
cam_24 8667 2 1
cam_24 8649 2 1
cam_24 8821 2 1
cam_24 8686 2 1
cam_24 8671 2 1
cam_24 8648 2 1
cam_24 8973 2 1
cam_24 8662 2 1
cam_24 8683 2 1
cam_24 8710 2 1
cam_24 8706 2 1
cam_24 8905 2 1
cam_24 553 2 1
cam_24 8855 2 4
cam_24 8752 2 2
cam_24 8980 2 1
cam_24 8767 2 1
cam_24 8772 2 1
cam_24 9136 1 1
cam_24 8770 2 1
cam_24 573 2 1
cam_24 9087 2 1
cam_24 8760 2 1
cam_24 8934 1 1
cam_24 8803 1 2
cam_24 8817 2 1
cam_24 8944 2 4
cam_24 8829 2 1
cam_24 9594 2 1
cam_24 568 2 1
cam_24 9330 2 1
cam_24 8860 2 1
cam_24 9099 2 1
cam_24 8950 2 1
cam_24 573 2 1
cam_24 8887 2 1
cam_24 8893 2 1
cam_24 9082 2 1
cam_24 8937 1 1
cam_24 81 2 2
cam_24 690 1 1
cam_24 8931 2 1
cam_24 8959 2 1
cam_24 9034 1 1
cam_24 8977 2 1
cam_24 9079 2 1
cam_24 9000 2 2
cam_24 9055 2 1
cam_24 9004 2 2
cam_24 9028 2 1
cam_24 9042 2 4
cam_24 9796 2 1
cam_24 9081 2 1
cam_24 9049 2 1
cam_24 9039 2 1
cam_24 88 2 1
cam_24 570 2 1
cam_24 9095 2 1
cam_24 9126 2 1
cam_24 9132 1 1
cam_24 609 2 4
cam_24 9097 2 1
cam_24 9328 2 1
cam_24 9558 2 1
cam_24 9216 2 1
cam_24 9124 1 1
cam_24 9201 2 1
cam_24 963 2 1
cam_24 9388 2 1
cam_24 9169 2 1
cam_24 9145 2 1
cam_24 9192 2 1
cam_24 9264 2 1
cam_24 73 1 1
cam_24 594 2 1
cam_24 9225 2 1
cam_24 9234 2 1
cam_24 9312 2 1
cam_24 9247 2 1
cam_24 580 2 1
cam_24 9250 2 1
cam_24 9397 2 1
cam_24 615 2 1
cam_24 9301 2 1
cam_24 9322 2 1
cam_24 9439 1 3
cam_24 9294 2 1
cam_24 9565 2 1
cam_24 9319 2 1
cam_24 9352 1 2
cam_24 9349 2 1
cam_24 9373 2 1
cam_24 9369 2 4
cam_24 9397 2 1
cam_24 9450 2 3
cam_24 9363 2 1
cam_24 618 2 1
cam_24 9399 2 1
cam_24 9403 2 1
cam_24 9417 2 1
cam_24 9436 1 1
cam_24 9436 2 1
cam_24 9423 2 1
cam_24 9529 1 1
cam_24 9504 2 1
cam_24 9535 2 1
cam_24 9850 2 1
cam_24 9507 2 1
cam_24 37 2 1
cam_24 78 2 2
cam_24 9490 2 1
cam_24 609 2 1
cam_24 9508 1 4
cam_24 9703 2 1
cam_24 9484 2 1
cam_24 9541 2 1
cam_24 9522 2 1
cam_24 9550 2 1
cam_24 9547 2 1
cam_24 646 1 1
cam_24 9661 2 4
cam_24 624 2 1
cam_24 9684 1 1
cam_24 9582 2 1
cam_24 9597 2 1
cam_24 9724 2 2
cam_24 9621 2 1
cam_24 9621 2 1
cam_24 9624 1 2
cam_24 9801 2 1
cam_24 619 2 1
cam_24 9629 2 1
cam_24 9620 2 1
cam_24 9676 2 1
cam_24 9663 1 1
cam_24 9685 2 1
cam_24 9655 2 1
cam_24 609 2 4
cam_24 643 2 1
cam_24 9875 2 1
cam_24 9789 2 1
cam_24 9877 1 1
cam_24 9675 2 1
cam_24 9805 1 1
cam_24 9768 2 1
cam_24 660 2 4
cam_24 9708 2 1
cam_24 9889 2 1
cam_24 9978 1 1
cam_24 645 2 1
cam_24 678 2 2
cam_24 9892 1 1
cam_24 9738 2 1
cam_24 9769 2 1
cam_24 9784 2 1
cam_24 664 2 1
cam_24 663 2 1
cam_24 9784 2 1
cam_24 9952 2 1
cam_24 10130 2 1
cam_24 9803 2 1
cam_24 10207 2 1
cam_24 9906 2 1
cam_24 9828 2 1
cam_24 9910 1 1
cam_24 9879 2 1
cam_24 9861 2 2
cam_24 9880 2 1
cam_24 9876 2 1
cam_24 9901 2 1
cam_24 9867 2 1
cam_24 9927 1 2
cam_24 9927 2 1
cam_24 9909 2 1
cam_24 9945 2 1
cam_24 9937 2 1
cam_24 688 2 1
cam_24 9951 2 1
cam_24 10282 2 1
cam_24 10174 2 1
cam_24 9963 2 1
cam_24 9943 2 1
cam_24 10083 2 1
cam_24 712 2 2
cam_24 10258 2 1
cam_24 10033 2 1
cam_24 10363 2 1
cam_24 10032 1 3
cam_24 10069 2 2
cam_24 10243 2 1
cam_24 10050 1 1
cam_24 10060 1 2
cam_24 10083 2 1
cam_24 10418 2 1
cam_24 10237 2 1
cam_24 10170 2 1
cam_24 691 2 1
cam_24 10074 2 4
cam_24 10122 2 4
cam_24 10110 2 1
cam_24 10297 2 1
cam_24 10104 2 1
cam_24 10138 2 1
cam_24 10333 2 1
cam_24 10186 2 1
cam_24 10206 2 1
cam_24 10165 2 1
cam_24 706 2 1
cam_24 10265 2 2
cam_24 10860 2 1
cam_24 10752 2 1
cam_24 672 2 1
cam_24 723 2 1
cam_24 10336 2 1
cam_24 10662 2 1
cam_24 10279 2 1
cam_24 766 2 2
cam_24 10273 2 1
cam_24 1170 2 1
cam_24 10317 2 4
cam_24 756 1 1
cam_24 10299 2 1
cam_24 11639 2 1
cam_24 10300 2 4
cam_24 10341 2 1
cam_24 10408 2 4
cam_24 10915 2 1
cam_24 10330 1 1
cam_24 10735 2 1
cam_24 10737 2 1
cam_24 10735 2 1
cam_24 10402 2 1
cam_24 10416 1 2
cam_24 10660 2 1
cam_24 10403 2 1
cam_24 10495 2 1
cam_24 10485 2 1
cam_24 10396 2 1
cam_24 717 2 1
cam_24 10428 2 1
cam_24 10434 2 1
cam_24 718 2 1
cam_24 10467 2 1
cam_24 10437 2 1
cam_24 10453 2 1
cam_24 10590 2 3
cam_24 10525 2 1
cam_24 1065 1 1
cam_24 10458 2 1
cam_24 10521 2 1
cam_24 10513 2 1
cam_24 10660 2 1
cam_24 10516 2 1
cam_24 10534 2 1
cam_24 10656 1 2
cam_24 10701 2 1
cam_24 10753 2 1
cam_24 10672 2 1
cam_24 10568 2 1
cam_24 10753 1 1
cam_24 10881 2 1
cam_24 769 2 1
cam_24 10806 2 1
cam_24 10924 2 1
cam_24 742 2 1
cam_24 68 2 1
cam_24 730 2 1
cam_24 10692 2 1
cam_24 10692 2 1
cam_24 10782 2 1
cam_24 10726 2 1
cam_24 10932 2 1
cam_24 729 2 1
cam_24 10734 2 1
cam_24 10765 2 1
cam_24 10782 2 1
cam_24 829 2 2
cam_24 11695 2 1
cam_24 10800 2 1
cam_24 759 2 1
cam_24 10809 2 1
cam_24 10830 2 1
cam_24 10839 2 1
cam_24 792 1 1
cam_24 772 2 1
cam_24 10845 2 1
cam_24 10896 2 1
cam_24 754 2 1
cam_24 960 2 1
cam_24 10867 2 1
cam_24 790 2 1
cam_24 10885 2 1
cam_24 811 1 1
cam_24 937 2 1
cam_24 10869 2 1
cam_24 801 1 1
cam_24 913 1 1
cam_24 10985 2 1
cam_24 10900 2 1
cam_24 10927 2 1
cam_24 10983 2 1
cam_24 11046 1 1
cam_24 10920 2 1
cam_24 1009 2 1
cam_24 10924 2 2
cam_24 10942 2 1
cam_24 10959 2 2
cam_24 10953 2 1
cam_24 11162 2 1
cam_24 841 2 1
cam_24 10999 2 4
cam_24 11163 1 1
cam_24 10967 2 1
cam_24 10990 2 1
cam_24 11016 2 1
cam_24 11026 2 1
cam_24 11184 2 1
cam_24 11023 2 1
cam_24 11037 2 1
cam_24 11052 2 1
cam_24 169 2 1
cam_24 11196 2 1
cam_24 11076 2 1
cam_24 11173 1 1
cam_24 11370 2 1
cam_24 11071 2 1
cam_24 11095 1 2
cam_24 11112 2 1
cam_24 11075 2 1
cam_24 11062 2 1
cam_24 11101 2 1
cam_24 1207 2 1
cam_24 11352 2 1
cam_24 11088 2 1
cam_24 11142 2 1
cam_24 11259 2 1
cam_24 11160 2 1
cam_24 11187 2 1
cam_24 11163 2 1
cam_24 11194 2 1
cam_24 85 2 1
cam_24 11196 2 1
cam_24 11167 2 1
cam_24 11289 1 1
cam_24 11244 2 1
cam_24 11292 2 2
cam_24 11313 2 4
cam_24 961 2 1
cam_24 11277 2 1
cam_24 11295 2 1
cam_24 11507 2 1
cam_24 11323 2 3
cam_24 11430 2 1
cam_24 11383 1 2
cam_24 11318 2 1
cam_24 868 2 1
cam_24 11352 2 1
cam_24 11466 1 3
cam_24 11514 2 1
cam_24 11365 2 1
cam_24 11574 2 2
cam_24 11355 1 1
cam_24 11427 2 2
cam_24 11362 1 1
cam_24 11361 2 1
cam_24 11364 2 1
cam_24 11383 2 1
cam_24 11409 1 1
cam_24 11370 2 4
cam_24 11892 2 1
cam_24 11506 2 4
cam_24 11394 2 1
cam_24 11640 2 1
cam_24 11430 2 2
cam_24 865 2 1
cam_24 11679 2 1
cam_24 11445 2 1
cam_24 11787 1 1
cam_24 11911 1 1
cam_24 11747 2 1
cam_24 891 2 1
cam_24 11520 2 1
cam_24 11527 2 1
cam_24 913 2 1
cam_24 11766 1 1
cam_24 937 2 1
cam_24 11772 2 1
cam_24 11664 2 1
cam_24 11526 2 1
cam_24 11535 2 1
cam_24 11538 2 1
cam_24 11559 1 1
cam_24 11630 2 1
cam_24 11550 2 1
cam_24 11707 1 1
cam_24 1139 1 1
cam_24 11586 2 1
cam_24 11734 2 1
cam_24 11830 2 1
cam_24 11598 2 1
cam_24 11589 2 1
cam_24 937 2 1
cam_24 11748 2 1
cam_24 11640 2 1
cam_24 11644 2 1
cam_24 11670 2 1
cam_24 11653 2 1
cam_24 11704 1 2
cam_24 919 2 1
cam_24 11698 2 1
cam_24 109 2 1
cam_24 12067 2 1
cam_24 11731 2 1
cam_24 11802 1 1
cam_24 11742 2 1
cam_24 11728 1 2
cam_24 11805 2 4
cam_24 11752 2 1
cam_24 11986 2 1
cam_24 11781 2 1
cam_24 1017 2 1
cam_24 11785 2 1
cam_24 11824 2 2
cam_24 11811 1 1
cam_24 11787 2 1
cam_24 11806 1 1
cam_24 11815 2 1
cam_24 11803 2 1
cam_24 11835 1 1
cam_24 11842 2 1
cam_24 12 2 1
cam_24 11797 2 1
cam_24 12108 2 1
cam_24 11869 1 2
cam_24 11856 1 1
cam_24 11857 2 1
cam_24 11839 2 1
cam_24 11844 2 2
cam_24 11856 2 1
cam_24 12307 2 1
cam_24 11988 2 1
cam_24 11892 1 1
cam_24 11874 2 1
cam_24 11908 2 1
cam_24 11857 2 2
cam_24 12150 2 1
cam_24 11896 2 1
cam_24 11926 2 1
cam_24 11986 2 1
cam_24 11946 2 1
cam_24 12210 2 1
cam_24 11920 2 1
cam_24 916 2 1
cam_24 12360 2 1
cam_24 11995 2 2
cam_24 12132 2 2
cam_24 11986 2 1
cam_24 11986 2 1
cam_24 11997 2 1
cam_24 12009 2 1
cam_24 12022 2 1
cam_24 12036 2 1
cam_24 12042 2 1
cam_24 12123 2 1
cam_24 909 2 1
cam_24 12030 2 1
cam_24 12346 1 1
cam_24 12070 2 1
cam_24 940 2 1
cam_24 12138 2 4
cam_24 12067 2 1
cam_24 12520 2 1
cam_24 12454 2 1
cam_24 12105 1 2
cam_24 12123 1 2
cam_24 12099 2 1
cam_24 12088 2 1
cam_24 12095 2 1
cam_24 12474 2 1
cam_24 12127 2 1
cam_24 12133 2 1
cam_24 12123 2 1
cam_24 12271 2 1
cam_24 942 2 1
cam_24 12205 2 1
cam_24 12153 1 2
cam_24 12184 1 1
cam_24 12505 2 1
cam_24 12180 1 1
cam_24 12178 1 1
cam_24 12165 1 1
cam_24 12201 1 2
cam_24 12214 1 1
cam_24 12214 2 1
cam_24 12316 2 4
cam_24 12423 2 1
cam_24 12297 1 1
cam_24 12366 1 1
cam_24 12442 1 1
cam_24 12364 2 1
cam_24 12322 2 4
cam_24 12441 2 1
cam_24 12288 2 1
cam_24 12294 2 1
cam_24 12396 2 1
cam_24 12343 2 1
cam_24 12522 2 1
cam_24 12342 2 1
cam_24 12308 2 1
cam_24 12315 2 1
cam_24 12334 1 1
cam_24 12534 2 1
cam_24 12334 2 1
cam_24 12324 2 1
cam_24 12337 2 1
cam_24 12331 2 1
cam_24 12326 2 1
cam_24 12381 2 1
cam_24 12360 2 1
cam_24 12450 2 1
cam_24 12820 2 1
cam_24 12394 2 2
cam_24 12372 2 1
cam_24 12510 2 1
cam_24 12384 2 1
cam_24 12514 2 1
cam_24 12426 2 1
cam_24 12370 2 1
cam_24 12378 2 1
cam_24 12408 2 1
cam_24 12387 2 1
cam_24 12430 2 1
cam_24 12685 2 1
cam_24 12417 2 1
cam_24 12621 2 1
cam_24 12457 2 1
cam_24 12442 2 1
cam_24 12460 2 1
cam_24 1315 2 1
cam_24 12493 2 1
cam_24 12681 1 1
cam_24 12477 2 1
cam_24 948 2 1
cam_24 12492 2 1
cam_24 12493 2 1
cam_24 12514 1 4
cam_24 12541 2 1
cam_24 12723 2 1
cam_24 12544 2 1
cam_24 12579 2 1
cam_24 12814 2 1
cam_24 12751 1 1
cam_24 12628 2 4
cam_24 12969 2 4
cam_24 12580 2 1
cam_24 12609 2 1
cam_24 12610 2 1
cam_24 12608 2 1
cam_24 12642 2 1
cam_24 12651 2 1
cam_24 12804 2 1
cam_24 1083 1 1
cam_24 964 2 1
cam_24 12679 2 1
cam_24 118 2 1
cam_24 12685 2 1
cam_24 12675 2 1
cam_24 12688 2 1
cam_24 12714 2 1
cam_24 12712 2 1
cam_24 12798 2 4
cam_24 12742 2 1
cam_24 12733 2 1
cam_24 12745 2 1
cam_24 967 2 1
cam_24 12819 1 1
cam_24 12775 2 4
cam_24 12754 2 1
cam_24 12798 1 1
cam_24 13048 1 1
cam_24 12822 1 1
cam_24 12877 2 1
cam_24 1242 2 1
cam_24 12799 2 1
cam_24 12850 2 1
cam_24 1218 2 1
cam_24 12814 2 1
cam_24 72 2 1
cam_24 12862 2 1
cam_24 12814 2 1
cam_24 972 2 1
cam_24 12831 2 1
cam_24 12843 2 1
cam_24 12951 2 1
cam_24 12846 2 1
cam_24 12834 2 1
cam_24 12898 2 1
cam_24 12888 2 1
cam_24 12870 2 1
cam_24 12895 2 1
cam_24 12859 2 1
cam_24 12906 2 4
cam_24 12898 2 1
cam_24 1017 2 1
cam_24 12937 2 1
cam_24 12937 2 1
cam_24 12927 2 1
cam_24 12951 2 1
cam_24 13065 2 1
cam_24 13270 2 1
cam_24 13000 2 2
cam_24 13080 2 1
cam_24 13118 2 1
cam_24 13059 1 2
