cam_11 3759 2 1
cam_11 3802 1 1
cam_11 3801 2 1
cam_11 474 1 1
cam_11 3858 1 1
cam_11 3841 2 1
cam_11 3867 1 1
cam_11 3903 2 1
cam_11 3883 2 1
cam_11 3824 2 1
cam_11 4020 2 1
cam_11 4002 1 1
cam_11 3994 1 1
cam_11 3952 2 1
cam_11 4014 2 1
cam_11 4008 2 2
cam_11 5130 1 1
cam_11 4005 2 1
cam_11 4066 2 1
cam_11 4053 2 1
cam_11 4015 1 1
cam_11 4041 1 1
cam_11 4005 1 1
cam_11 6951 2 1
cam_11 4102 1 1
cam_11 4024 2 1
cam_11 4021 2 1
cam_11 4078 2 1
cam_11 4050 2 1
cam_11 4212 1 1
cam_11 4165 2 1
cam_11 4152 2 1
cam_11 4257 2 1
cam_11 4197 2 1
cam_11 4179 2 1
cam_11 4183 2 1
cam_11 4263 2 1
cam_11 4261 2 1
cam_11 4260 1 1
cam_11 4278 2 1
cam_11 4332 1 1
cam_11 4423 1 1
cam_11 4369 2 1
cam_11 4425 2 1
cam_11 4503 1 1
cam_11 4456 1 1
cam_11 753 2 1
cam_11 4665 2 1
cam_11 4509 2 1
cam_11 4488 2 1
cam_11 4462 2 1
cam_11 4527 2 1
cam_11 4572 2 1
cam_11 4657 1 2
cam_11 4549 1 1
cam_11 4698 2 1
cam_11 4620 1 1
cam_11 373 1 1
cam_11 4584 2 1
cam_11 4653 2 1
cam_11 4711 1 1
cam_11 4753 2 1
cam_11 4720 2 1
cam_11 4801 1 1
cam_11 4774 1 1
cam_11 4741 2 1
cam_11 426 2 1
cam_11 4783 2 1
cam_11 4753 2 1
cam_11 4812 2 1
cam_11 4864 2 1
cam_11 4945 1 1
cam_11 4864 1 1
cam_11 4867 2 1
cam_11 4884 1 1
cam_11 4927 2 1
cam_11 4977 1 1
cam_11 4986 1 1
cam_11 148 2 2
cam_11 5011 1 1
cam_11 5028 2 1
cam_11 5055 1 1
cam_11 5152 2 1
cam_11 5133 2 1
cam_11 4999 2 1
cam_11 5064 2 1
cam_11 5095 2 1
cam_11 5185 2 1
cam_11 5211 1 1
cam_11 5277 2 1
cam_11 5155 2 1
cam_11 5263 2 1
cam_11 486 1 1
cam_11 474 1 1
cam_11 5286 2 1
cam_11 5370 2 1
cam_11 5374 1 1
cam_11 5386 2 1
cam_11 5515 2 1
cam_11 2372 2 1
cam_11 5431 1 1
cam_11 5414 2 1
cam_11 5466 2 1
cam_11 5443 1 1
cam_11 5491 2 1
cam_11 5491 1 1
cam_11 5562 1 1
cam_11 5595 2 1
cam_11 5521 1 2
cam_11 5539 2 1
cam_11 5533 1 1
cam_11 5536 1 1
cam_11 5559 1 1
cam_11 5545 1 1
cam_11 5580 1 1
cam_11 5595 1 1
cam_11 5677 1 1
cam_11 5707 1 1
cam_11 5739 2 1
cam_11 5764 1 1
cam_11 5800 1 1
cam_11 5722 2 1
cam_11 5799 2 1
cam_11 5751 2 1
cam_11 5883 1 1
cam_11 5814 2 1
cam_11 5818 1 1
cam_11 5833 1 1
cam_11 5827 2 1
cam_11 5876 2 1
cam_11 5839 2 1
cam_11 5896 1 1
cam_11 5911 1 1
cam_11 5872 2 1
cam_11 5919 2 1
cam_11 5935 1 1
cam_11 6034 2 1
cam_11 6028 2 1
cam_11 6027 2 1
cam_11 5980 2 1
cam_11 6048 2 1
cam_11 5997 2 1
cam_11 6069 2 1
cam_11 6117 2 1
cam_11 6163 2 1
cam_11 6151 1 1
cam_11 6114 1 1
cam_11 6156 2 1
cam_11 6136 1 1
cam_11 6124 2 1
cam_11 6208 1 1
cam_11 6240 2 1
cam_11 6181 1 1
cam_11 6213 2 2
cam_11 6190 1 1
cam_11 6313 2 1
cam_11 6331 1 1
cam_11 6387 1 1
cam_11 456 2 1
cam_11 6319 1 1
cam_11 6388 1 1
cam_11 6444 1 1
cam_11 6348 2 1
cam_11 576 2 1
cam_11 6435 2 1
cam_11 6421 2 1
cam_11 6412 2 1
cam_11 6367 2 1
cam_11 6394 2 1
cam_11 6454 2 1
cam_11 6388 2 1
cam_11 6451 2 1
cam_11 6499 1 1
cam_11 6415 2 1
cam_11 559 2 1
cam_11 6673 1 1
cam_11 6475 2 1
cam_11 6493 2 1
cam_11 532 2 1
cam_11 6519 2 1
cam_11 6522 2 1
cam_11 6537 1 1
cam_11 6511 2 1
cam_11 6561 2 1
cam_11 6588 1 1
cam_11 6684 2 1
cam_11 6616 1 1
cam_11 469 2 1
cam_11 6631 1 1
cam_11 6646 1 1
cam_11 6634 1 1
cam_11 6619 2 1
cam_11 522 2 1
cam_11 6757 1 1
cam_11 6798 1 1
cam_11 6808 1 2
cam_11 6820 1 1
cam_11 6831 1 1
cam_11 6952 2 1
cam_11 6913 1 1
cam_11 498 2 1
cam_11 6892 2 1
cam_11 6888 1 1
cam_11 6912 1 1
cam_11 6877 2 1
cam_11 6957 1 1
cam_11 612 2 1
cam_11 6925 1 1
cam_11 9678 2 1
cam_11 6976 2 1
cam_11 7060 1 1
cam_11 7029 1 1
cam_11 7048 2 1
cam_11 7059 2 1
cam_11 576 2 1
cam_11 7192 1 1
cam_11 7255 1 1
cam_11 7213 2 1
cam_11 7288 2 1
cam_11 505 2 1
cam_11 7327 1 1
cam_11 558 2 1
cam_11 7500 2 1
cam_11 7407 2 1
cam_11 7369 2 1
cam_11 7498 2 1
cam_11 7396 2 1
cam_11 516 2 1
cam_11 7435 2 1
cam_11 7395 2 1
cam_11 7503 2 1
cam_11 7444 2 1
cam_11 7422 2 1
cam_11 7518 2 1
cam_11 7543 1 1
cam_11 7555 2 1
cam_11 7509 2 1
cam_11 7548 2 1
cam_11 511 2 1
cam_11 7608 2 1
cam_11 550 1 1
cam_11 7617 1 1
cam_11 7621 2 1
cam_11 7656 2 1
cam_11 7656 1 1
cam_11 7650 2 1
cam_11 7687 2 1
cam_11 7803 1 1
cam_11 7725 1 1
cam_11 7684 2 1
cam_11 7756 2 1
cam_11 7750 1 1
cam_11 7738 1 1
cam_11 571 2 1
cam_11 7824 1 2
cam_11 7794 2 1
cam_11 7843 2 1
cam_11 7816 2 1
cam_11 7872 2 1
cam_11 7915 2 1
cam_11 7831 2 2
cam_11 7835 2 2
cam_11 7945 1 1
cam_11 7933 2 1
cam_11 7944 2 1
cam_11 7908 1 1
cam_11 7909 2 1
cam_11 576 2 1
cam_11 7915 2 1
cam_11 7978 2 1
cam_11 8058 1 1
cam_11 8005 1 1
cam_11 8025 1 1
cam_11 7995 2 1
cam_11 8076 2 1
cam_11 8031 1 1
cam_11 8073 2 1
cam_11 8091 1 1
cam_11 8184 2 1
cam_11 8095 2 1
cam_11 8202 2 1
cam_11 8272 2 1
cam_11 564 2 1
cam_11 8197 1 1
cam_11 8251 1 1
cam_11 8301 2 1
cam_11 8256 2 1
cam_11 8235 1 1
cam_11 8293 1 1
cam_11 8269 2 1
cam_11 8311 2 1
cam_11 8409 1 1
cam_11 8277 2 1
cam_11 8374 2 1
cam_11 8368 2 1
cam_11 592 2 1
cam_11 8515 1 1
cam_11 8326 2 1
cam_11 8334 2 1
cam_11 8377 2 1
cam_11 8452 1 1
cam_11 8533 2 1
cam_11 8461 1 1
cam_11 8488 2 1
cam_11 8511 2 1
cam_11 8502 2 1
cam_11 553 2 1
cam_11 8536 1 1
cam_11 8538 2 1
cam_11 588 2 1
cam_11 8509 2 1
cam_11 8553 2 1
cam_11 8617 1 1
cam_11 577 2 1
cam_11 8682 1 1
cam_11 8700 1 1
cam_11 8680 2 1
cam_11 624 2 1
cam_11 8713 1 1
cam_11 8781 1 1
cam_11 8733 1 1
cam_11 8724 1 1
cam_11 8790 1 1
cam_11 8850 2 1
cam_11 651 2 1
cam_11 8806 1 1
cam_11 8830 1 1
cam_11 8770 2 1
cam_11 8895 1 1
cam_11 8836 1 1
cam_11 8826 2 1
cam_11 627 2 1
cam_11 8847 2 1
cam_11 8866 1 1
cam_11 8856 1 1
cam_11 8818 2 1
cam_11 8911 2 1
cam_11 8932 1 1
cam_11 8839 2 1
cam_11 8949 2 1
cam_11 88 1 1
cam_11 8947 1 1
cam_11 8917 2 1
cam_11 8937 2 1
cam_11 8902 2 1
cam_11 8947 2 1
cam_11 8961 2 1
cam_11 8932 2 1
cam_11 9000 2 1
cam_11 8950 2 1
cam_11 709 1 1
cam_11 9013 1 1
cam_11 9055 1 1
cam_11 9076 2 1
cam_11 9075 1 1
cam_11 9096 1 1
cam_11 9087 1 1
cam_11 9165 1 1
cam_11 9058 2 1
cam_11 9123 2 1
cam_11 9135 2 1
cam_11 9121 2 1
cam_11 9165 2 1
cam_11 9205 2 1
cam_11 9135 2 1
cam_11 9190 2 1
cam_11 9148 2 1
cam_11 9228 1 1
cam_11 9216 2 1
cam_11 9265 2 1
cam_11 9295 1 1
cam_11 9286 2 1
cam_11 9324 1 1
cam_11 9255 2 1
cam_11 9315 2 1
cam_11 9333 1 1
cam_11 9289 2 1
cam_11 9339 2 1
cam_11 9340 1 1
cam_11 9349 1 1
cam_11 9393 1 1
cam_11 9408 1 1
cam_11 9316 2 1
cam_11 9322 2 1
cam_11 694 1 1
cam_11 9525 1 2
cam_11 9442 2 1
cam_11 9543 2 1
cam_11 9357 2 1
cam_11 9501 2 1
cam_11 9448 1 1
cam_11 9463 2 1
cam_11 9619 1 1
cam_11 9556 1 1
cam_11 9552 2 1
cam_11 9603 1 1
cam_11 9534 1 1
cam_11 9571 1 1
cam_11 9670 2 1
cam_11 9579 1 1
cam_11 9642 1 1
cam_11 9624 1 1
cam_11 9634 1 1
cam_11 9645 1 1
cam_11 9651 1 1
cam_11 9660 1 1
cam_11 9666 2 1
cam_11 9654 2 1
cam_11 9658 2 1
cam_11 9748 1 1
cam_11 9685 2 1
cam_11 9720 2 1
cam_11 9690 1 1
cam_11 9706 1 1
cam_11 9678 2 1
cam_11 9775 1 1
cam_11 9762 2 1
cam_11 9778 1 1
cam_11 9765 2 1
cam_11 10765 2 1
cam_11 9730 2 1
cam_11 9742 2 1
cam_11 9738 2 1
cam_11 9772 2 1
cam_11 9823 1 1
cam_11 9819 2 1
cam_11 766 2 2
cam_11 9829 2 1
cam_11 9834 1 1
cam_11 9928 1 1
cam_11 9969 1 1
cam_11 9901 2 1
cam_11 9972 2 1
cam_11 10018 1 1
cam_11 10192 1 1
cam_11 10023 1 1
cam_11 10203 1 1
cam_11 10090 2 1
cam_11 10083 1 1
cam_11 10135 2 1
cam_11 10218 1 1
cam_11 10264 1 1
cam_11 10182 2 1
cam_11 10282 2 1
cam_11 10279 2 1
cam_11 10329 1 1
cam_11 10347 1 1
cam_11 10383 1 1
cam_11 10365 2 1
cam_11 10399 1 1
cam_11 10449 1 1
cam_11 771 1 1
cam_11 10489 2 1
cam_11 10423 1 1
cam_11 10464 2 1
cam_11 10450 1 1
cam_11 10471 2 1
cam_11 10447 1 1
cam_11 10488 2 1
cam_11 10518 2 1
cam_11 771 1 1
cam_11 10606 2 1
cam_11 10635 1 1
cam_11 10597 2 1
cam_11 10650 2 1
cam_11 805 2 1
cam_11 10674 2 1
cam_11 10665 2 1
cam_11 10720 1 1
cam_11 801 1 1
cam_11 10681 2 1
cam_11 10723 2 1
cam_11 10714 1 1
cam_11 10753 1 1
cam_11 10723 2 1
cam_11 10842 1 1
cam_11 10804 2 1
cam_11 10798 2 1
cam_11 11035 2 1
cam_11 10798 2 1
cam_11 10854 2 1
cam_11 10855 2 1
cam_11 10818 2 1
cam_11 10845 2 1
cam_11 10945 2 1
cam_11 10831 2 1
cam_11 10891 1 1
cam_11 843 2 1
cam_11 10914 2 1
cam_11 10956 2 1
cam_11 10977 1 1
cam_11 10974 2 1
cam_11 11113 1 2
cam_11 813 1 1
cam_11 10987 1 1
cam_11 11014 1 1
cam_11 11112 2 1
cam_11 838 2 1
cam_11 11061 2 1
cam_11 11389 2 1
cam_11 11184 2 1
cam_11 11130 2 1
cam_11 11124 1 1
cam_11 11142 2 1
cam_11 11128 2 1
cam_11 11158 1 1
cam_11 11137 1 1
cam_11 11149 2 1
cam_11 11203 1 1
cam_11 11179 1 1
cam_11 11211 2 1
cam_11 11244 1 1
cam_11 11382 2 1
cam_11 13500 2 1
cam_11 783 1 2
cam_11 11290 2 1
cam_11 11290 1 1
cam_11 11298 2 1
cam_11 11443 1 1
cam_11 124 1 2
cam_11 904 1 1
cam_11 11317 2 1
cam_11 11374 2 1
cam_11 11368 2 1
cam_11 11392 2 1
cam_11 11359 2 1
cam_11 11415 2 1
cam_11 11404 1 1
cam_11 11550 2 2
cam_11 11533 1 1
cam_11 11581 2 1
cam_11 11596 2 1
cam_11 11572 1 1
cam_11 11644 2 1
cam_11 11722 1 1
cam_11 11748 1 1
cam_11 11794 2 1
cam_11 11799 1 1
cam_11 11860 1 1
cam_11 11859 2 1
cam_11 11880 1 1
cam_11 11878 2 1
cam_11 11887 1 1
cam_11 11911 2 1
cam_11 11881 2 1
cam_11 11851 2 1
cam_11 939 1 1
cam_11 11911 2 1
cam_11 11905 2 1
cam_11 11940 1 1
cam_11 11928 2 1
cam_11 11928 2 1
cam_11 11959 2 1
cam_11 11946 2 1
cam_11 11965 1 1
cam_11 12006 1 1
cam_11 12031 2 1
cam_11 11965 2 1
cam_11 11994 2 1
cam_11 12055 2 1
cam_11 943 1 1
cam_11 12079 1 1
cam_11 12120 2 1
cam_11 12112 1 1
cam_11 12285 1 1
cam_11 12142 1 1
cam_11 12168 2 1
cam_11 12106 2 1
cam_11 12187 1 1
cam_11 12147 2 1
cam_11 12132 2 1
cam_11 12156 2 1
cam_11 12195 2 1
cam_11 12177 1 1
cam_11 12229 1 1
cam_11 12219 2 1
cam_11 12201 2 1
cam_11 12235 2 1
cam_11 12238 1 1
cam_11 12268 2 1
cam_11 12268 1 1
cam_11 12307 1 1
cam_11 12316 1 1
cam_11 12327 2 1
cam_11 12310 2 1
cam_11 916 2 1
cam_11 12334 2 1
cam_11 12328 2 1
cam_11 12423 2 1
cam_11 12349 1 1
cam_11 12372 2 1
cam_11 1005 1 2
cam_11 12397 2 1
cam_11 12406 1 1
cam_11 12403 1 1
cam_11 12438 1 1
cam_11 12457 2 1
cam_11 12429 1 1
cam_11 12453 1 1
cam_11 1417 1 1
cam_11 12451 1 1
cam_11 12427 1 1
cam_11 12481 2 1
cam_11 12493 2 1
cam_11 12487 1 1
cam_11 12543 2 1
cam_11 12577 1 1
cam_11 12574 1 1
cam_11 12616 1 1
cam_11 12613 2 1
cam_11 12569 2 1
cam_11 12633 2 1
cam_11 12631 1 1
cam_11 12679 2 1
cam_11 12706 1 2
cam_11 12879 2 1
cam_11 12712 1 1
cam_11 12726 1 1
cam_11 12741 2 1
cam_11 12744 1 1
cam_11 12693 2 1
cam_11 12732 2 1
cam_11 12775 1 1
cam_11 12751 1 1
cam_11 12813 2 1
cam_11 12790 2 1
cam_11 12816 1 1
cam_11 12822 1 1
cam_11 12880 2 1
cam_11 12898 1 1
cam_11 12886 2 1
cam_11 12940 2 1
cam_11 12907 1 1
cam_11 12937 1 1
cam_11 12973 1 1
cam_11 12958 2 1
cam_11 1107 1 1
cam_11 12996 1 1
cam_11 13018 1 1
cam_11 13015 1 1
cam_11 12993 2 1
cam_11 13029 1 1
cam_11 13051 2 1
cam_11 13243 2 1
cam_11 13066 1 1
cam_11 13033 2 1
cam_11 13074 2 1
cam_11 1035 2 1
cam_11 13137 2 1
cam_11 13158 1 1
cam_11 13209 2 1
cam_11 13206 1 1
cam_11 13249 1 1
cam_11 13224 1 1
cam_11 13191 2 1
cam_11 13207 1 1
cam_11 13269 2 1
cam_11 13242 2 1
cam_11 13216 2 1
cam_11 13251 2 1
cam_11 13324 2 1
cam_11 13392 1 1
cam_11 13309 2 1
cam_11 13374 2 1
cam_11 13345 2 1
cam_11 13372 1 1
cam_11 1117 1 1
cam_11 13405 1 1
cam_11 13425 2 1
cam_11 13413 1 1
cam_11 13456 1 1
cam_11 13500 1 1
cam_11 1201 1 1
cam_11 13500 2 1
cam_11 13500 2 1
cam_11 1285 1 2
cam_11 1201 2 1
cam_11 1216 1 1
cam_11 1257 2 1
cam_11 1215 2 1
cam_11 1327 2 1
cam_11 1314 1 1
cam_11 85 2 1
cam_11 1330 1 1
cam_11 1281 2 1
cam_11 1345 2 1
cam_11 1387 1 1
cam_11 1323 1 1
cam_11 54 2 1
cam_11 1503 1 1
cam_11 1321 2 1
cam_11 1336 2 1
cam_11 1342 2 1
cam_11 1468 2 1
cam_11 1422 2 1
cam_11 1590 2 1
cam_11 28 2 1
cam_11 1617 2 1
cam_11 1453 2 1
cam_11 1518 1 1
cam_11 1536 1 1
cam_11 1528 1 1
cam_11 1537 1 1
cam_11 1543 1 1
cam_11 1584 1 1
cam_11 1618 2 1
cam_11 1642 2 1
cam_11 102 2 1
cam_11 1813 1 2
cam_11 1672 1 1
cam_11 1674 2 1
cam_11 1744 2 1
cam_11 1683 2 1
cam_11 1717 2 1
cam_11 1740 2 1
cam_11 2272 2 1
cam_11 1695 2 1
cam_11 394 1 1
cam_11 1732 2 1
cam_11 1806 2 1
cam_11 1779 1 1
cam_11 1819 1 1
cam_11 1887 1 1
cam_11 1815 1 1
cam_11 1879 1 1
cam_11 172 2 1
cam_11 2035 2 1
cam_11 1939 1 1
cam_11 1954 1 1
cam_11 142 2 1
cam_11 1951 1 1
cam_11 2196 2 1
cam_11 2032 1 1
cam_11 2137 2 1
cam_11 2064 2 1
cam_11 2151 1 2
cam_11 2173 2 2
cam_11 2193 2 1
cam_11 2200 2 1
cam_11 2113 2 1
cam_11 2154 2 1
cam_11 2229 1 1
cam_11 2215 2 1
cam_11 2206 2 1
cam_11 2184 2 1
cam_11 2325 1 2
cam_11 2215 2 1
cam_11 2182 1 1
cam_11 2239 2 1
cam_11 2251 2 1
cam_11 2218 2 1
cam_11 2244 2 1
cam_11 2209 2 1
cam_11 2245 2 1
cam_11 2217 2 1
cam_11 2251 2 1
cam_11 2269 2 1
cam_11 2278 1 1
cam_11 2316 2 1
cam_11 2335 2 1
cam_11 2355 1 1
cam_11 2334 1 1
cam_11 2341 1 1
cam_11 2430 1 1
cam_11 2419 1 1
cam_11 2461 1 1
cam_11 2419 2 1
cam_11 2659 2 1
cam_11 2463 2 1
cam_11 4066 1 1
cam_11 2475 2 1
cam_11 2536 1 1
cam_11 2527 2 1
cam_11 167 2 2
cam_11 2505 2 1
cam_11 2548 2 1
cam_11 2785 1 1
cam_11 2565 1 1
cam_11 2620 1 1
cam_11 2634 1 1
cam_11 2683 2 1
cam_11 2655 1 1
cam_11 2709 1 1
cam_11 3237 1 1
cam_11 2721 1 1
cam_11 2704 2 1
cam_11 2784 2 1
cam_11 2932 1 1
cam_11 2905 2 1
cam_11 2797 1 1
cam_11 2968 2 1
cam_11 2919 1 2
cam_11 2844 1 1
cam_11 2830 1 1
cam_11 2788 2 1
cam_11 2845 2 1
cam_11 313 1 1
cam_11 4542 1 2
cam_11 2900 2 1
cam_11 375 2 1
cam_11 3079 1 1
cam_11 2869 2 1
cam_11 2886 2 1
cam_11 2883 2 1
cam_11 2889 2 1
cam_11 2920 2 1
cam_11 2955 2 1
cam_11 3225 1 1
cam_11 226 2 1
cam_11 2977 2 1
cam_11 3019 1 1
cam_11 2976 2 1
cam_11 292 2 1
cam_11 3216 1 1
cam_11 3072 2 1
cam_11 3082 2 1
cam_11 3085 2 1
cam_11 3111 2 1
cam_11 325 2 1
cam_11 3169 2 1
cam_11 3317 2 2
cam_11 3232 2 1
cam_11 3286 2 1
cam_11 3276 2 1
cam_11 3261 2 1
cam_11 3361 2 1
cam_11 3360 2 1
cam_11 3351 2 2
cam_11 3333 2 1
cam_11 264 2 1
cam_11 3333 1 1
cam_11 192 2 1
cam_11 3327 2 2
cam_11 3361 1 1
cam_11 3366 2 1
cam_11 3519 1 1
cam_11 3469 2 1
cam_11 3445 2 1
cam_11 3520 2 1
cam_11 559 2 1
cam_11 3601 1 1
cam_11 3492 2 1
cam_11 3537 2 1
cam_11 3537 2 1
cam_11 3548 2 1
cam_11 253 2 1
cam_11 3622 2 1
cam_11 3579 2 1
cam_11 3657 2 1
cam_11 558 2 1
cam_11 3684 1 1
cam_11 3793 1 1
cam_11 3721 2 1
cam_11 328 1 1
cam_11 3756 2 1
cam_11 3745 1 1
cam_11 3754 1 1
