cam_09 4540 1 1
cam_09 505 1 1
cam_09 4573 1 1
cam_09 4522 1 1
cam_09 4564 1 1
cam_09 4540 1 1
cam_09 4498 1 1
cam_09 4573 1 2
cam_09 4506 1 1
cam_09 4533 1 1
cam_09 4491 1 2
cam_09 4600 1 1
cam_09 4578 1 1
cam_09 4533 1 1
cam_09 4497 1 2
cam_09 4575 1 2
cam_09 4545 1 2
cam_09 4561 1 1
cam_09 4647 1 1
cam_09 4771 1 1
cam_09 4593 1 1
cam_09 4519 1 1
cam_09 4582 1 2
cam_09 4593 1 1
cam_09 4581 1 1
cam_09 394 1 1
cam_09 4581 1 1
cam_09 4702 1 1
cam_09 501 1 1
cam_09 4636 1 1
cam_09 4570 1 3
cam_09 4666 1 1
cam_09 4609 1 1
cam_09 4588 1 1
cam_09 4824 1 1
cam_09 4714 1 1
cam_09 4639 1 2
cam_09 4647 1 1
cam_09 4653 1 1
cam_09 4834 1 1
cam_09 4638 1 1
cam_09 4662 1 2
cam_09 4615 1 3
cam_09 4653 1 1
cam_09 4666 1 1
cam_09 4659 1 1
cam_09 4663 1 1
cam_09 4696 1 1
cam_09 4680 1 1
cam_09 4660 1 1
cam_09 4653 1 1
cam_09 4680 1 1
cam_09 4680 1 1
cam_09 4678 1 1
cam_09 613 1 1
cam_09 4663 1 1
cam_09 4689 1 1
cam_09 4705 1 1
cam_09 4687 1 1
cam_09 4691 1 1
cam_09 4722 1 1
cam_09 4684 1 1
cam_09 4732 1 1
cam_09 4699 1 1
cam_09 4677 1 1
cam_09 4708 1 1
cam_09 4711 1 1
cam_09 4702 1 1
cam_09 4716 1 1
cam_09 4735 1 1
cam_09 4726 1 1
cam_09 4744 1 2
cam_09 4728 1 1
cam_09 4770 1 1
cam_09 4734 1 1
cam_09 4809 1 1
cam_09 4720 1 1
cam_09 4752 1 1
cam_09 4758 1 1
cam_09 97 1 1
cam_09 4744 1 1
cam_09 4765 1 1
cam_09 4759 1 2
cam_09 4713 1 1
cam_09 4801 1 1
cam_09 4765 1 1
cam_09 4789 1 1
cam_09 4801 1 1
cam_09 4725 1 1
cam_09 4831 1 2
cam_09 436 1 1
cam_09 4821 1 2
cam_09 4780 1 1
cam_09 478 1 1
cam_09 4729 1 1
cam_09 4756 1 1
cam_09 4734 1 1
cam_09 4807 1 1
cam_09 427 1 1
cam_09 4780 1 1
cam_09 462 1 1
cam_09 4794 1 1
cam_09 4735 1 1
cam_09 472 1 1
cam_09 4875 1 2
cam_09 4789 1 1
cam_09 4933 1 2
cam_09 4822 1 1
cam_09 4801 1 1
cam_09 4825 1 2
cam_09 4842 1 1
cam_09 4804 1 2
cam_09 4875 1 1
cam_09 45 1 1
cam_09 4855 1 1
cam_09 4819 1 2
cam_09 5076 1 2
cam_09 5130 1 2
cam_09 4887 1 1
cam_09 4845 1 2
cam_09 5022 1 1
cam_09 4953 1 1
cam_09 4803 1 1
cam_09 4861 1 2
cam_09 4797 1 1
cam_09 4942 1 2
cam_09 4875 1 2
cam_09 4870 1 1
cam_09 4795 1 2
cam_09 4875 1 1
cam_09 4878 1 2
cam_09 4972 1 1
cam_09 4903 1 1
cam_09 4866 1 1
cam_09 4894 1 1
cam_09 4866 1 1
cam_09 4828 1 1
cam_09 4834 1 1
cam_09 4969 1 2
cam_09 4887 1 1
cam_09 4930 1 2
cam_09 4943 1 1
cam_09 4855 1 1
cam_09 4875 1 1
cam_09 4902 1 2
cam_09 4879 1 1
cam_09 4969 1 1
cam_09 4972 1 1
cam_09 4986 1 1
cam_09 4923 1 3
cam_09 4857 1 2
cam_09 4951 1 1
cam_09 4981 1 2
cam_09 4873 1 1
cam_09 4897 1 3
cam_09 4870 1 1
cam_09 618 1 1
cam_09 4879 1 1
cam_09 5244 1 1
cam_09 4969 1 2
cam_09 4959 1 2
cam_09 5022 1 2
cam_09 4912 1 1
cam_09 5041 1 1
cam_09 483 1 1
cam_09 4966 1 1
cam_09 4926 1 1
cam_09 4999 1 1
cam_09 5754 1 1
cam_09 5014 1 1
cam_09 5008 1 1
cam_09 4908 1 4
cam_09 4968 1 1
cam_09 5071 1 2
cam_09 4920 1 3
cam_09 5013 1 1
cam_09 5028 1 2
cam_09 5344 1 1
cam_09 4999 1 1
cam_09 4992 1 1
cam_09 5041 1 1
cam_09 5055 1 2
cam_09 5038 1 1
cam_09 5094 1 2
cam_09 5044 1 2
cam_09 5103 1 2
cam_09 5079 1 1
cam_09 5356 1 1
cam_09 5004 1 1
cam_09 5014 1 1
cam_09 5115 1 2
cam_09 5014 1 1
cam_09 5166 1 2
cam_09 5112 1 2
cam_09 472 1 1
cam_09 5044 1 1
cam_09 5139 1 1
cam_09 5001 1 1
cam_09 5098 1 2
cam_09 5058 1 1
cam_09 5043 1 1
cam_09 5181 1 3
cam_09 5187 1 3
cam_09 5118 1 1
cam_09 474 1 1
cam_09 5080 1 2
cam_09 5104 1 2
cam_09 5121 1 2
cam_09 5116 1 1
cam_09 5101 1 1
cam_09 5122 1 1
cam_09 5194 1 2
cam_09 5133 1 1
cam_09 5287 1 2
cam_09 5086 1 2
cam_09 5203 1 1
cam_09 609 1 1
cam_09 5158 1 4
cam_09 5232 1 1
cam_09 5536 1 1
cam_09 5176 1 2
cam_09 5103 1 2
cam_09 5089 1 1
cam_09 5157 1 1
cam_09 5109 1 2
cam_09 5230 1 1
cam_09 5142 1 1
cam_09 5181 1 2
cam_09 5277 1 1
cam_09 5221 1 1
cam_09 5148 1 1
cam_09 5121 1 1
cam_09 5245 1 1
cam_09 5292 1 2
cam_09 5227 1 3
cam_09 5194 1 1
cam_09 5181 1 1
cam_09 5205 1 1
cam_09 5247 1 1
cam_09 5151 1 1
cam_09 5235 1 2
cam_09 5209 1 1
cam_09 5212 1 1
cam_09 5161 1 2
cam_09 5295 1 2
cam_09 5298 1 1
cam_09 5244 1 1
cam_09 5244 1 1
cam_09 5338 1 2
cam_09 5292 1 2
cam_09 5206 1 1
cam_09 499 1 1
cam_09 5232 1 1
cam_09 5206 1 1
cam_09 5223 1 1
cam_09 5293 1 1
cam_09 5265 1 1
cam_09 5263 1 1
cam_09 5235 1 1
cam_09 5278 1 1
cam_09 478 1 1
cam_09 5272 1 1
cam_09 5355 1 1
cam_09 5283 1 1
cam_09 5277 1 1
cam_09 5301 1 1
cam_09 5227 1 1
cam_09 5301 1 1
cam_09 505 1 1
cam_09 5305 1 1
cam_09 5233 1 1
cam_09 5242 1 1
cam_09 5550 1 1
cam_09 5346 1 1
cam_09 471 1 1
cam_09 5346 1 1
cam_09 5296 1 1
cam_09 5346 1 1
cam_09 5347 1 1
cam_09 5295 1 1
cam_09 5361 1 1
cam_09 5307 1 1
cam_09 5533 1 1
cam_09 5281 1 1
cam_09 5298 1 1
cam_09 5334 1 1
cam_09 5313 1 1
cam_09 5287 1 1
cam_09 5349 1 1
cam_09 5313 1 1
cam_09 5419 1 1
cam_09 5328 1 1
cam_09 5355 1 1
cam_09 5359 1 2
cam_09 5304 1 1
cam_09 5389 1 1
cam_09 5392 1 2
cam_09 5385 1 2
cam_09 5352 1 1
cam_09 5350 1 1
cam_09 5437 1 1
cam_09 5392 1 2
cam_09 5365 1 1
cam_09 5467 1 1
cam_09 5421 1 1
cam_09 5413 1 2
cam_09 5370 1 1
cam_09 5376 1 1
cam_09 5401 1 1
cam_09 5346 1 1
cam_09 5376 1 1
cam_09 493 1 1
cam_09 5413 1 2
cam_09 5439 1 2
cam_09 5446 1 1
cam_09 478 1 1
cam_09 5385 1 1
cam_09 5389 1 1
cam_09 5394 1 1
cam_09 5415 1 1
cam_09 5458 1 1
cam_09 5377 1 1
cam_09 5545 1 1
cam_09 5551 1 1
cam_09 5461 1 2
cam_09 5389 1 1
cam_09 5464 1 1
cam_09 501 1 1
cam_09 5442 1 1
cam_09 5491 1 1
cam_09 5422 1 1
cam_09 5464 1 1
cam_09 5554 1 2
cam_09 5472 1 1
cam_09 5442 1 1
cam_09 5466 1 1
cam_09 493 1 2
cam_09 5440 1 1
cam_09 5592 1 1
cam_09 5438 1 1
cam_09 5482 1 3
cam_09 5437 1 1
cam_09 528 1 1
cam_09 5515 1 2
cam_09 5490 1 1
cam_09 5553 1 1
cam_09 5484 1 1
cam_09 5446 1 1
cam_09 5497 1 1
cam_09 5499 1 1
cam_09 510 1 1
cam_09 5514 1 2
cam_09 5484 1 1
cam_09 5674 1 1
cam_09 5500 1 1
cam_09 5536 1 1
cam_09 5512 1 1
cam_09 5491 1 1
cam_09 5493 1 1
cam_09 5574 1 2
cam_09 5610 1 1
cam_09 5553 1 1
cam_09 5544 1 1
cam_09 5533 1 1
cam_09 5514 1 1
cam_09 5542 1 1
cam_09 5545 1 1
cam_09 5560 1 1
cam_09 520 1 2
cam_09 5539 1 1
cam_09 5590 1 1
cam_09 5566 1 1
cam_09 5533 1 1
cam_09 5572 1 1
cam_09 5539 1 1
cam_09 5526 1 1
cam_09 5572 1 1
cam_09 478 1 1
cam_09 5550 1 1
cam_09 5596 1 1
cam_09 5634 1 2
cam_09 5548 1 1
cam_09 5593 1 1
cam_09 5652 1 2
cam_09 5587 1 1
cam_09 531 1 2
cam_09 5610 1 2
cam_09 5583 1 1
cam_09 5725 1 2
cam_09 5670 1 1
cam_09 685 1 1
cam_09 5610 1 2
cam_09 5566 1 1
cam_09 5562 1 1
cam_09 705 1 1
cam_09 5575 1 1
cam_09 5722 1 1
cam_09 5619 1 1
cam_09 528 1 1
cam_09 5674 1 2
cam_09 5581 1 1
cam_09 5718 1 1
cam_09 522 1 1
cam_09 5602 1 1
cam_09 5571 1 1
cam_09 5632 1 2
cam_09 5656 1 2
cam_09 867 1 1
cam_09 522 1 2
cam_09 810 1 1
cam_09 475 1 1
cam_09 5653 1 1
cam_09 5734 1 1
cam_09 5718 1 1
cam_09 5718 1 2
cam_09 5770 1 2
cam_09 6046 1 1
cam_09 5694 1 1
cam_09 5728 1 1
cam_09 5655 1 1
cam_09 5617 1 3
cam_09 5806 1 1
cam_09 5653 1 1
cam_09 5650 1 4
cam_09 5694 1 1
cam_09 5707 1 1
cam_09 5746 1 2
cam_09 5659 1 1
cam_09 5641 1 1
cam_09 5700 1 1
cam_09 588 1 2
cam_09 5733 1 2
cam_09 544 1 1
cam_09 5718 1 1
cam_09 5664 1 1
cam_09 5701 1 1
cam_09 5718 1 2
cam_09 5707 1 1
cam_09 484 1 1
cam_09 5718 1 2
cam_09 5740 1 2
cam_09 5695 1 1
cam_09 5718 1 1
cam_09 5679 1 3
cam_09 5713 1 1
cam_09 5769 1 1
cam_09 544 1 1
cam_09 5718 1 2
cam_09 5779 1 1
cam_09 5713 1 1
cam_09 5764 1 1
cam_09 5707 1 1
cam_09 5718 1 2
cam_09 5685 1 1
cam_09 5731 1 1
cam_09 5745 1 1
cam_09 5743 1 1
cam_09 5832 1 2
cam_09 5955 1 1
cam_09 5755 1 2
cam_09 5829 1 2
cam_09 5737 1 1
cam_09 5748 1 2
cam_09 5769 1 1
cam_09 5772 1 2
cam_09 5787 1 1
cam_09 5736 1 1
cam_09 5839 1 2
cam_09 5736 1 1
cam_09 562 1 2
cam_09 5739 1 2
cam_09 5836 1 1
cam_09 5866 1 2
cam_09 543 1 1
cam_09 5766 1 1
cam_09 5866 1 1
cam_09 646 1 1
cam_09 5934 1 1
cam_09 5797 1 1
cam_09 5755 1 1
cam_09 5772 1 1
cam_09 5886 1 2
cam_09 5856 1 1
cam_09 5823 1 1
cam_09 526 1 1
cam_09 5772 1 1
cam_09 5764 1 1
cam_09 5901 1 1
cam_09 5764 1 1
cam_09 504 1 1
cam_09 5811 1 1
cam_09 5773 1 1
cam_09 5776 1 1
cam_09 555 1 2
cam_09 5910 1 3
cam_09 5800 1 1
cam_09 5956 1 1
cam_09 5851 1 2
cam_09 5890 1 1
cam_09 5812 1 1
cam_09 5962 1 1
cam_09 5886 1 1
cam_09 6042 1 1
cam_09 5843 1 1
cam_09 5883 1 1
cam_09 6034 1 1
cam_09 562 1 1
cam_09 6024 1 1
cam_09 5838 1 1
cam_09 6127 1 1
cam_09 625 1 2
cam_09 5889 1 1
cam_09 5832 1 1
cam_09 5901 1 1
cam_09 5895 1 1
cam_09 5841 1 1
cam_09 5898 1 1
cam_09 5913 1 1
cam_09 5916 1 1
cam_09 5970 1 2
cam_09 6034 1 1
cam_09 5889 1 1
cam_09 6111 1 1
cam_09 52 1 1
cam_09 5860 1 1
cam_09 5868 1 1
cam_09 5908 1 1
cam_09 5929 1 1
cam_09 577 1 1
cam_09 5875 1 1
cam_09 534 1 1
cam_09 5946 1 1
cam_09 5923 1 1
cam_09 6213 1 1
cam_09 5908 1 1
cam_09 5961 1 2
cam_09 5940 1 1
cam_09 6064 1 1
cam_09 5971 1 1
cam_09 5928 1 1
cam_09 6315 1 1
cam_09 5908 1 1
cam_09 5973 1 2
cam_09 6004 1 2
cam_09 5971 1 1
cam_09 6037 1 2
cam_09 6010 1 2
cam_09 5961 1 1
cam_09 5941 1 1
cam_09 5961 1 2
cam_09 5944 1 1
cam_09 6021 1 1
cam_09 6016 1 1
cam_09 5952 1 1
cam_09 595 1 1
cam_09 6013 1 2
cam_09 5998 1 2
cam_09 6045 1 1
cam_09 6015 1 1
cam_09 6006 1 1
cam_09 6043 1 1
cam_09 6103 1 2
cam_09 6067 1 1
cam_09 6388 1 1
cam_09 6094 1 1
cam_09 6049 1 1
cam_09 6181 1 1
cam_09 633 1 1
cam_09 6038 1 1
cam_09 6013 1 1
cam_09 6049 1 2
cam_09 573 1 1
cam_09 6063 1 1
cam_09 6240 1 1
cam_09 6145 1 1
cam_09 6009 1 1
cam_09 6100 1 1
cam_09 6043 1 1
cam_09 6082 1 1
cam_09 6064 1 1
cam_09 6055 1 1
cam_09 6138 1 1
cam_09 6070 1 1
cam_09 577 1 2
cam_09 6100 1 1
cam_09 6060 1 1
cam_09 6109 1 1
cam_09 6330 1 1
cam_09 6207 1 2
cam_09 6163 1 1
cam_09 6112 1 1
cam_09 6150 1 1
cam_09 651 1 1
cam_09 6115 1 1
cam_09 127 1 1
cam_09 6124 1 1
cam_09 6117 1 1
cam_09 6132 1 1
cam_09 6163 1 1
cam_09 6264 1 2
cam_09 559 1 1
cam_09 6401 1 1
cam_09 6258 1 1
cam_09 6148 1 1
cam_09 6141 1 1
cam_09 6204 1 1
cam_09 6295 1 1
cam_09 6427 1 1
cam_09 6190 1 1
cam_09 6204 1 1
cam_09 6136 1 1
cam_09 6177 1 2
cam_09 6199 1 2
cam_09 6201 1 1
cam_09 6642 1 1
cam_09 6208 1 1
cam_09 6265 1 1
cam_09 6157 1 1
cam_09 573 1 1
cam_09 6216 1 2
cam_09 6255 1 1
cam_09 598 1 2
cam_09 6207 1 1
cam_09 6220 1 1
cam_09 6195 1 1
cam_09 6229 1 2
cam_09 6225 1 1
cam_09 6240 1 1
cam_09 6211 1 2
cam_09 6241 1 1
cam_09 561 1 1
cam_09 567 1 1
cam_09 6285 1 1
cam_09 6262 1 2
cam_09 6259 1 1
cam_09 6280 1 2
cam_09 708 1 2
cam_09 6976 1 1
cam_09 561 1 1
cam_09 6288 1 1
cam_09 6255 1 1
cam_09 6232 1 1
cam_09 6298 1 2
cam_09 6279 1 1
cam_09 6292 1 1
cam_09 651 1 1
cam_09 592 1 1
cam_09 6339 1 1
cam_09 6303 1 1
cam_09 6283 1 1
cam_09 6310 1 2
cam_09 6342 1 1
cam_09 6300 1 1
cam_09 6414 1 2
cam_09 6390 1 1
cam_09 6300 1 1
cam_09 6289 1 1
cam_09 285 1 1
cam_09 6343 1 1
cam_09 6316 1 1
cam_09 657 1 2
cam_09 6342 1 1
cam_09 6375 1 2
cam_09 6366 1 1
cam_09 6360 1 1
cam_09 6337 1 1
cam_09 6408 1 1
cam_09 604 1 1
cam_09 6331 1 1
cam_09 580 1 1
cam_09 6318 1 1
cam_09 6339 1 1
cam_09 646 1 1
cam_09 6369 1 1
cam_09 6358 1 1
cam_09 6349 1 1
cam_09 6345 1 1
cam_09 6775 1 1
cam_09 6370 1 1
cam_09 6361 1 1
cam_09 661 1 1
cam_09 6364 1 1
cam_09 6579 1 1
cam_09 589 1 1
cam_09 709 1 2
cam_09 6372 1 1
cam_09 6355 1 1
cam_09 561 1 1
cam_09 6522 1 1
cam_09 709 1 2
cam_09 6420 1 2
cam_09 6387 1 1
cam_09 6420 1 1
cam_09 6388 1 1
cam_09 670 1 1
cam_09 6438 1 2
cam_09 6388 1 1
cam_09 568 1 1
cam_09 6409 1 1
cam_09 651 1 1
cam_09 6451 1 1
cam_09 6394 1 1
cam_09 6388 1 1
cam_09 666 1 1
cam_09 6502 1 2
cam_09 6454 1 2
cam_09 1030 1 1
cam_09 6499 1 1
cam_09 6432 1 1
cam_09 6465 1 1
cam_09 6474 1 1
cam_09 6456 1 1
cam_09 6463 1 1
cam_09 6459 1 1
cam_09 6408 1 1
cam_09 604 1 1
cam_09 6549 1 2
cam_09 6756 1 1
cam_09 6489 1 1
cam_09 835 1 1
cam_09 6483 1 2
cam_09 6510 1 1
cam_09 655 1 2
cam_09 6469 1 1
cam_09 120 1 1
cam_09 6555 1 1
cam_09 6495 1 1
cam_09 6540 1 2
cam_09 6483 1 1
cam_09 729 1 2
cam_09 675 1 1
cam_09 607 1 1
cam_09 6498 1 2
cam_09 657 1 1
cam_09 6622 1 2
cam_09 63 1 2
cam_09 600 1 1
cam_09 598 1 1
cam_09 6532 1 1
cam_09 6529 1 2
cam_09 6780 1 1
cam_09 6532 1 1
cam_09 6633 1 1
cam_09 673 1 1
cam_09 6522 1 1
cam_09 754 1 1
cam_09 6585 1 1
cam_09 6531 1 2
cam_09 6520 1 1
cam_09 691 1 2
cam_09 6586 1 2
cam_09 6591 1 2
cam_09 6555 1 2
cam_09 6489 1 1
cam_09 6498 1 1
cam_09 6552 1 1
cam_09 6507 1 1
cam_09 6573 1 1
cam_09 6564 1 1
cam_09 6594 1 1
cam_09 6961 1 1
cam_09 6583 1 1
cam_09 6601 1 1
cam_09 685 1 1
cam_09 6621 1 1
cam_09 6648 1 2
cam_09 904 1 1
cam_09 6585 1 2
cam_09 765 1 2
cam_09 714 1 2
cam_09 795 1 1
cam_09 6601 1 1
cam_09 6570 1 1
cam_09 6693 1 1
cam_09 693 1 1
cam_09 6621 1 1
cam_09 6663 1 2
cam_09 6670 1 1
cam_09 6564 1 1
cam_09 6610 1 2
cam_09 613 1 1
cam_09 6616 1 1
cam_09 6619 1 2
cam_09 6588 1 1
cam_09 6652 1 1
cam_09 6651 1 1
cam_09 630 1 1
cam_09 646 1 1
cam_09 6636 1 1
cam_09 6648 1 2
cam_09 6589 1 1
cam_09 6590 1 1
cam_09 787 1 1
cam_09 6741 1 2
cam_09 900 1 1
cam_09 6597 1 1
cam_09 6721 1 3
cam_09 6621 1 1
cam_09 879 1 1
cam_09 6604 1 1
cam_09 6616 1 1
cam_09 6673 1 1
cam_09 775 1 1
cam_09 6688 1 1
cam_09 6681 1 1
cam_09 6687 1 1
cam_09 6609 1 1
cam_09 6631 1 1
cam_09 6687 1 1
cam_09 885 1 1
cam_09 6706 1 1
cam_09 6621 1 1
cam_09 6711 1 1
cam_09 6795 1 2
cam_09 715 1 1
cam_09 6637 1 1
cam_09 775 1 2
cam_09 6769 1 1
cam_09 6675 1 2
cam_09 6966 1 1
cam_09 6730 1 1
cam_09 6825 1 2
cam_09 6921 1 1
cam_09 700 1 1
cam_09 6663 1 1
cam_09 6717 1 2
cam_09 6738 1 1
cam_09 6787 1 1
cam_09 6759 1 1
cam_09 727 1 1
cam_09 6931 1 1
cam_09 6744 1 1
cam_09 6672 1 1
cam_09 6781 1 1
cam_09 6786 1 1
cam_09 6679 1 1
cam_09 6828 1 2
cam_09 6708 1 1
cam_09 6742 1 1
cam_09 6685 1 2
cam_09 858 1 1
cam_09 6780 1 1
cam_09 6762 1 1
cam_09 6708 1 3
cam_09 6786 1 1
cam_09 6709 1 1
cam_09 6747 1 1
cam_09 6810 1 1
cam_09 780 1 2
cam_09 6772 1 1
cam_09 6718 1 1
cam_09 6828 1 1
cam_09 6960 1 2
cam_09 6823 1 1
cam_09 813 1 2
cam_09 6801 1 1
cam_09 6757 1 1
cam_09 6810 1 1
cam_09 699 1 1
cam_09 6846 1 1
cam_09 6780 1 1
cam_09 6913 1 3
cam_09 6850 1 1
cam_09 6834 1 1
cam_09 6952 1 1
cam_09 6814 1 1
cam_09 6832 1 1
cam_09 6834 1 2
cam_09 7342 1 1
cam_09 6939 1 1
cam_09 772 1 1
cam_09 6898 1 1
cam_09 6823 1 1
cam_09 6897 1 1
cam_09 6822 1 1
cam_09 6828 1 1
cam_09 705 1 1
cam_09 6909 1 1
cam_09 6964 1 2
cam_09 772 1 1
cam_09 6903 1 1
cam_09 6900 1 3
cam_09 7026 1 2
cam_09 748 1 2
cam_09 6952 1 1
cam_09 6946 1 2
cam_09 6867 1 1
cam_09 6948 1 1
cam_09 7024 1 1
cam_09 6906 1 1
cam_09 6898 1 1
cam_09 6955 1 2
cam_09 816 1 3
cam_09 6981 1 1
cam_09 6925 1 1
cam_09 6976 1 2
cam_09 6892 1 1
cam_09 6930 1 1
cam_09 6880 1 1
cam_09 6966 1 2
cam_09 775 1 1
cam_09 6957 1 1
cam_09 6991 1 2
cam_09 7261 1 1
cam_09 6988 1 2
cam_09 6907 1 1
cam_09 6912 1 1
cam_09 7048 1 1
cam_09 7342 1 1
cam_09 7116 1 2
cam_09 7023 1 1
cam_09 6988 1 1
cam_09 6957 1 2
cam_09 7032 1 1
cam_09 7033 1 1
cam_09 6975 1 1
cam_09 7041 1 1
cam_09 781 1 2
cam_09 7006 1 1
cam_09 7035 1 1
cam_09 7027 1 2
cam_09 6990 1 1
cam_09 7011 1 1
cam_09 7011 1 1
cam_09 7023 1 1
cam_09 7089 1 2
cam_09 7041 1 1
cam_09 7033 1 1
cam_09 7056 1 2
cam_09 778 1 2
cam_09 7012 1 1
cam_09 7024 1 1
cam_09 7065 1 2
cam_09 7332 1 1
cam_09 7105 1 1
cam_09 7059 1 1
cam_09 7089 1 2
cam_09 7077 1 1
cam_09 7059 1 1
cam_09 7129 1 2
cam_09 7209 1 1
cam_09 7089 1 2
cam_09 7072 1 1
cam_09 7065 1 1
cam_09 7119 1 2
cam_09 7083 1 1
cam_09 7119 1 1
cam_09 7191 1 2
cam_09 7141 1 2
cam_09 7173 1 2
cam_09 7227 1 1
cam_09 7200 1 1
cam_09 7185 1 1
cam_09 7170 1 2
cam_09 7384 1 1
cam_09 7155 1 1
cam_09 7170 1 2
cam_09 771 1 1
cam_09 7284 1 1
cam_09 7192 1 1
cam_09 7140 1 1
cam_09 7162 1 1
cam_09 7221 1 1
cam_09 7228 1 1
cam_09 7258 1 1
cam_09 7221 1 1
cam_09 7203 1 2
cam_09 7216 1 1
cam_09 7159 1 1
cam_09 7165 1 1
cam_09 7386 1 1
cam_09 7246 1 1
cam_09 7255 1 2
cam_09 7221 1 1
cam_09 7246 1 2
cam_09 7203 1 1
cam_09 7237 1 1
cam_09 7242 1 1
cam_09 7186 1 1
cam_09 742 1 1
cam_09 7236 1 1
cam_09 7231 1 1
cam_09 7201 1 1
cam_09 7231 1 2
cam_09 7233 1 2
cam_09 7237 1 1
cam_09 60 1 1
cam_09 7216 1 1
cam_09 7342 1 2
cam_09 801 1 1
cam_09 7294 1 2
cam_09 7324 1 1
cam_09 7242 1 1
cam_09 7227 1 1
cam_09 7305 1 2
cam_09 802 1 1
cam_09 7303 1 1
cam_09 7435 1 2
cam_09 7239 1 2
cam_09 7542 1 1
cam_09 7326 1 1
cam_09 7462 1 1
cam_09 7249 1 2
cam_09 7317 1 2
cam_09 7314 1 1
cam_09 7350 1 2
cam_09 807 1 2
cam_09 7330 1 2
cam_09 7327 1 1
cam_09 786 1 1
cam_09 7362 1 2
cam_09 7347 1 1
cam_09 7351 1 1
cam_09 7422 1 2
cam_09 7285 1 1
cam_09 7303 1 1
cam_09 7381 1 1
cam_09 81 1 1
cam_09 7488 1 1
cam_09 7377 1 2
cam_09 808 1 1
cam_09 7410 1 1
cam_09 7353 1 1
cam_09 7378 1 2
cam_09 7359 1 1
cam_09 7353 1 1
cam_09 7371 1 1
cam_09 7387 1 1
cam_09 7374 1 1
cam_09 7407 1 1
cam_09 7434 1 2
cam_09 7569 1 1
cam_09 7498 1 1
cam_09 881 1 2
cam_09 7327 1 1
cam_09 7416 1 1
cam_09 7455 1 1
cam_09 7410 1 1
cam_09 8364 1 1
cam_09 7384 1 1
cam_09 7434 1 2
cam_09 7375 1 1
cam_09 7387 1 1
cam_09 7462 1 2
cam_09 7486 1 2
cam_09 7436 1 2
cam_09 7591 1 1
cam_09 7491 1 1
cam_09 7477 1 1
cam_09 7407 1 1
cam_09 7531 1 2
cam_09 7501 1 2
cam_09 7495 1 1
cam_09 832 1 1
cam_09 7546 1 2
cam_09 7522 1 2
cam_09 7462 1 2
cam_09 7762 1 1
cam_09 7413 1 1
cam_09 7495 1 1
cam_09 7497 1 1
cam_09 7924 1 1
cam_09 7596 1 1
cam_09 7506 1 1
cam_09 7429 1 2
cam_09 7531 1 1
cam_09 7519 1 1
cam_09 7510 1 2
cam_09 7686 1 1
cam_09 7497 1 1
cam_09 793 1 3
cam_09 8158 1 1
cam_09 7510 1 1
cam_09 7554 1 2
cam_09 7513 1 1
cam_09 7459 1 2
cam_09 7732 1 2
cam_09 7558 1 1
cam_09 7602 1 2
cam_09 838 1 2
cam_09 7585 1 1
cam_09 7527 1 1
cam_09 7494 1 2
cam_09 7533 1 1
cam_09 7599 1 1
cam_09 817 1 1
cam_09 7567 1 1
cam_09 7543 1 1
cam_09 802 1 1
cam_09 7560 1 1
cam_09 7600 1 1
cam_09 7497 1 1
cam_09 8328 1 1
cam_09 7599 1 2
cam_09 7540 1 1
cam_09 7585 1 1
cam_09 144 1 2
cam_09 789 1 2
cam_09 7603 1 1
cam_09 7548 1 1
cam_09 7641 1 2
cam_09 7602 1 1
cam_09 7588 1 1
cam_09 7602 1 2
cam_09 69 1 1
cam_09 841 1 1
cam_09 7551 1 1
cam_09 7662 1 2
cam_09 7575 1 1
cam_09 7582 1 1
cam_09 7623 1 1
cam_09 901 1 2
cam_09 7562 1 1
cam_09 7587 1 1
cam_09 811 1 2
cam_09 7567 1 1
cam_09 7581 1 1
cam_09 7645 1 2
cam_09 7701 1 1
cam_09 843 1 1
cam_09 7591 1 1
cam_09 7701 1 2
cam_09 7651 1 1
cam_09 868 1 1
cam_09 7653 1 2
cam_09 7597 1 1
cam_09 7641 1 1
cam_09 7635 1 1
cam_09 7698 1 2
cam_09 7660 1 1
cam_09 7626 1 1
cam_09 7801 1 1
cam_09 7666 1 1
cam_09 7623 1 1
cam_09 7930 1 1
cam_09 7698 1 2
cam_09 7749 1 1
cam_09 7881 1 1
cam_09 7764 1 1
cam_09 886 1 1
cam_09 7702 1 1
cam_09 795 1 1
cam_09 7653 1 1
cam_09 7665 1 1
cam_09 7753 1 1
cam_09 7689 1 1
cam_09 7654 1 1
cam_09 870 1 1
cam_09 7755 1 1
cam_09 7792 1 2
cam_09 7682 1 2
cam_09 7662 1 1
cam_09 7744 1 2
cam_09 7701 1 1
cam_09 7695 1 1
cam_09 7761 1 1
cam_09 7686 1 1
cam_09 7746 1 1
cam_09 7756 1 1
cam_09 7791 1 2
cam_09 7773 1 1
cam_09 7690 1 1
cam_09 7776 1 2
cam_09 66 1 1
cam_09 7764 1 1
cam_09 7714 1 1
cam_09 7726 1 1
cam_09 7732 1 1
cam_09 7741 1 1
cam_09 7779 1 2
cam_09 7734 1 1
cam_09 7837 1 1
cam_09 7761 1 1
cam_09 7815 1 1
cam_09 7762 1 1
cam_09 7779 1 1
cam_09 7927 1 1
cam_09 7776 1 1
cam_09 7872 1 1
cam_09 81 1 1
cam_09 7794 1 1
cam_09 7816 1 1
cam_09 7803 1 1
cam_09 891 1 1
cam_09 8022 1 1
cam_09 7789 1 1
cam_09 937 1 2
cam_09 7764 1 1
cam_09 862 1 2
cam_09 7813 1 1
cam_09 7827 1 1
cam_09 7767 1 1
cam_09 7800 1 1
cam_09 7774 1 1
cam_09 903 1 2
cam_09 7806 1 2
cam_09 7819 1 1
cam_09 7800 1 1
cam_09 7825 1 1
cam_09 861 1 2
cam_09 7828 1 1
cam_09 7881 1 3
cam_09 7888 1 2
cam_09 7833 1 1
cam_09 7927 1 2
cam_09 7839 1 1
cam_09 7869 1 1
cam_09 7858 1 1
cam_09 7864 1 2
cam_09 7842 1 1
cam_09 7855 1 1
cam_09 7845 1 1
cam_09 7894 1 1
cam_09 987 1 2
cam_09 886 1 1
cam_09 891 1 1
cam_09 7858 1 1
cam_09 7893 1 2
cam_09 7855 1 1
cam_09 7868 1 1
cam_09 864 1 1
cam_09 7891 1 1
cam_09 8343 1 1
cam_09 834 1 1
cam_09 7884 1 1
cam_09 7900 1 1
cam_09 7891 1 1
cam_09 7927 1 2
cam_09 888 1 1
cam_09 7897 1 1
cam_09 7920 1 1
cam_09 7887 1 1
cam_09 892 1 1
cam_09 7983 1 2
cam_09 7963 1 1
cam_09 7938 1 1
cam_09 7935 1 1
cam_09 7951 1 1
cam_09 876 1 1
cam_09 7969 1 1
cam_09 8058 1 1
cam_09 7903 1 1
cam_09 7935 1 1
cam_09 7929 1 1
cam_09 939 1 2
cam_09 7953 1 1
cam_09 7953 1 1
cam_09 1104 1 1
cam_09 7945 1 1
cam_09 7945 1 1
cam_09 7986 1 1
cam_09 8008 1 1
cam_09 8005 1 2
cam_09 8023 1 1
cam_09 7989 1 1
cam_09 7969 1 1
cam_09 7974 1 1
cam_09 8017 1 1
cam_09 7981 1 1
cam_09 7987 1 1
cam_09 8017 1 1
cam_09 924 1 1
cam_09 7995 1 1
cam_09 8029 1 1
cam_09 937 1 1
cam_09 8002 1 1
cam_09 8059 1 1
cam_09 838 1 1
cam_09 8007 1 1
cam_09 8007 1 1
cam_09 8226 1 1
cam_09 897 1 1
cam_09 8029 1 1
cam_09 8026 1 1
cam_09 8052 1 2
cam_09 901 1 1
cam_09 7983 1 1
cam_09 8023 1 1
cam_09 8026 1 1
cam_09 8028 1 1
cam_09 8026 1 1
cam_09 8040 1 1
cam_09 909 1 1
cam_09 8058 1 1
cam_09 8044 1 1
cam_09 8061 1 1
cam_09 126 1 1
cam_09 8029 1 1
cam_09 8077 1 1
cam_09 8139 1 1
cam_09 8062 1 1
cam_09 8040 1 1
cam_09 8047 1 1
cam_09 8085 1 1
cam_09 873 1 1
cam_09 8073 1 1
cam_09 8022 1 1
cam_09 961 1 2
cam_09 8068 1 1
cam_09 8028 1 1
cam_09 8151 1 1
cam_09 8107 1 1
cam_09 8077 1 1
cam_09 8086 1 1
cam_09 8110 1 1
cam_09 8086 1 1
cam_09 8112 1 1
cam_09 8104 1 1
cam_09 8055 1 1
cam_09 8133 1 1
cam_09 8127 1 2
cam_09 8116 1 1
cam_09 8119 1 2
cam_09 8112 1 1
cam_09 8358 1 1
cam_09 8125 1 1
cam_09 8130 1 1
cam_09 8130 1 1
cam_09 885 1 1
cam_09 8155 1 1
cam_09 8179 1 2
cam_09 8146 1 1
cam_09 8140 1 1
cam_09 963 1 1
cam_09 8338 1 1
cam_09 8173 1 1
cam_09 8209 1 2
cam_09 8154 1 1
cam_09 8140 1 1
cam_09 8206 1 1
cam_09 8128 1 1
cam_09 8188 1 1
cam_09 8187 1 1
cam_09 8235 1 2
cam_09 8224 1 2
cam_09 8686 1 1
cam_09 8200 1 2
cam_09 952 1 1
cam_09 8211 1 3
cam_09 8224 1 1
cam_09 8265 1 3
cam_09 8220 1 2
cam_09 888 1 1
cam_09 8244 1 1
cam_09 8236 1 2
cam_09 8235 1 1
cam_09 8233 1 1
cam_09 8205 1 1
cam_09 8245 1 1
cam_09 8262 1 1
cam_09 8254 1 1
cam_09 8229 1 1
cam_09 1068 1 1
cam_09 8239 1 1
cam_09 8251 1 1
cam_09 8247 1 1
cam_09 8266 1 1
cam_09 8272 1 2
cam_09 8317 1 2
cam_09 8218 1 1
cam_09 8257 1 2
cam_09 8449 1 1
cam_09 8310 1 1
cam_09 8254 1 1
cam_09 8217 1 2
cam_09 8322 1 1
cam_09 8410 1 2
cam_09 8322 1 2
cam_09 1189 1 1
cam_09 8403 1 1
cam_09 8344 1 2
cam_09 8655 1 1
cam_09 8307 1 1
cam_09 963 1 2
cam_09 8454 1 1
cam_09 8371 1 1
cam_09 8248 1 2
cam_09 8349 1 2
cam_09 8338 1 1
cam_09 8272 1 2
cam_09 8331 1 1
cam_09 8331 1 1
cam_09 8257 1 1
cam_09 8260 1 1
cam_09 8403 1 2
cam_09 8271 1 2
cam_09 8395 1 2
cam_09 8328 1 1
cam_09 8376 1 1
cam_09 8367 1 1
cam_09 8373 1 1
cam_09 8374 1 1
cam_09 8368 1 1
cam_09 8343 1 1
cam_09 8493 1 1
cam_09 8341 1 1
cam_09 948 1 1
cam_09 8373 1 1
cam_09 895 1 2
cam_09 8394 1 1
cam_09 8400 1 1
cam_09 8454 1 2
cam_09 8340 1 1
cam_09 8424 1 2
cam_09 49 1 2
cam_09 94 1 1
cam_09 8370 1 1
cam_09 8383 1 1
cam_09 954 1 1
cam_09 8349 1 1
cam_09 8538 1 1
cam_09 8365 1 1
cam_09 8418 1 1
cam_09 8344 1 1
cam_09 8376 1 1
cam_09 8383 1 1
cam_09 8409 1 1
cam_09 8473 1 1
cam_09 8433 1 2
cam_09 8403 1 1
cam_09 8419 1 1
cam_09 8532 1 2
cam_09 8460 1 1
cam_09 8364 1 1
cam_09 8488 1 1
cam_09 8464 1 1
cam_09 8469 1 4
cam_09 8512 1 2
cam_09 8385 1 1
cam_09 8548 1 2
cam_09 8395 1 2
cam_09 8676 1 1
cam_09 8475 1 1
cam_09 9115 1 1
cam_09 8487 1 1
cam_09 8476 1 1
cam_09 8511 1 1
cam_09 8496 1 2
cam_09 8493 1 1
cam_09 8563 1 2
cam_09 8512 1 1
cam_09 8457 1 1
cam_09 957 1 1
cam_09 8479 1 1
cam_09 8514 1 1
cam_09 8529 1 1
cam_09 8580 1 2
cam_09 8529 1 1
cam_09 8547 1 2
cam_09 8520 1 1
cam_09 8515 1 1
cam_09 8557 1 2
cam_09 8605 1 1
cam_09 8526 1 1
cam_09 1020 1 2
cam_09 8739 1 1
cam_09 8541 1 1
cam_09 8544 1 1
cam_09 8505 1 1
cam_09 8541 1 1
cam_09 8563 1 1
cam_09 8610 1 1
cam_09 8584 1 2
cam_09 8757 1 1
cam_09 8563 1 1
cam_09 8583 1 1
cam_09 8593 1 1
cam_09 8599 1 2
cam_09 8554 1 1
cam_09 147 1 2
cam_09 8622 1 1
cam_09 8610 1 2
cam_09 8614 1 2
cam_09 8584 1 1
cam_09 1024 1 1
cam_09 8655 1 1
cam_09 8640 1 1
cam_09 8707 1 2
cam_09 8601 1 1
cam_09 88 1 1
cam_09 8628 1 2
cam_09 8589 1 1
cam_09 8641 1 2
cam_09 8674 1 1
cam_09 8596 1 1
cam_09 8616 1 1
cam_09 8677 1 1
cam_09 8736 1 2
cam_09 8643 1 2
cam_09 8647 1 1
cam_09 8674 1 1
cam_09 8616 1 1
cam_09 8628 1 1
cam_09 8644 1 1
cam_09 976 1 1
cam_09 8667 1 2
cam_09 8647 1 1
cam_09 129 1 1
cam_09 8658 1 1
cam_09 8650 1 1
cam_09 8682 1 1
cam_09 8640 1 2
cam_09 1032 1 1
cam_09 8628 1 1
cam_09 8728 1 2
cam_09 8697 1 2
cam_09 8674 1 1
cam_09 8901 1 1
cam_09 1003 1 1
cam_09 8703 1 1
cam_09 8745 1 2
cam_09 946 1 1
cam_09 8680 1 1
cam_09 8800 1 1
cam_09 8694 1 1
cam_09 8721 1 1
cam_09 1042 1 1
cam_09 8677 1 1
cam_09 8719 1 1
cam_09 8694 1 1
cam_09 8784 1 1
cam_09 8685 1 1
cam_09 8809 1 2
cam_09 8889 1 1
cam_09 8701 1 1
cam_09 8707 1 1
cam_09 81 1 1
cam_09 8715 1 1
cam_09 8782 1 1
cam_09 8779 1 2
cam_09 8733 1 1
cam_09 8784 1 1
cam_09 8767 1 1
cam_09 8771 1 2
cam_09 8745 1 1
cam_09 8818 1 1
cam_09 8886 1 1
cam_09 8770 1 1
cam_09 8931 1 1
cam_09 8757 1 1
cam_09 8784 1 1
cam_09 1020 1 2
cam_09 8889 1 1
cam_09 8830 1 1
cam_09 8850 1 1
cam_09 8824 1 1
cam_09 8775 1 1
cam_09 8773 1 1
cam_09 21 1 2
cam_09 8833 1 1
cam_09 8763 1 1
cam_09 8820 1 1
cam_09 9100 1 1
cam_09 8814 1 1
cam_09 8845 1 2
cam_09 8929 1 1
cam_09 8811 1 1
cam_09 8865 1 1
cam_09 8804 1 3
cam_09 8788 1 1
cam_09 8784 1 1
cam_09 1015 1 2
cam_09 8902 1 1
cam_09 8841 1 1
cam_09 8838 1 1
cam_09 8850 1 3
cam_09 8857 1 1
cam_09 8865 1 1
cam_09 8860 1 1
cam_09 8853 1 1
cam_09 1038 1 1
cam_09 8878 1 1
cam_09 9093 1 1
cam_09 8913 1 2
cam_09 8890 1 1
cam_09 8889 1 1
cam_09 8932 1 1
cam_09 8845 1 1
cam_09 8854 1 1
cam_09 8902 1 1
cam_09 8884 1 1
cam_09 8992 1 1
cam_09 8926 1 1
cam_09 8938 1 1
cam_09 976 1 1
cam_09 8926 1 1
cam_09 8898 1 1
cam_09 8910 1 1
cam_09 9040 1 1
cam_09 8932 1 1
cam_09 9084 1 1
cam_09 8946 1 1
cam_09 8946 1 1
cam_09 8923 1 1
cam_09 9022 1 1
cam_09 8953 1 1
cam_09 8979 1 1
cam_09 982 1 1
cam_09 9093 1 1
cam_09 9025 1 1
cam_09 1045 1 1
cam_09 8973 1 1
cam_09 8968 1 2
cam_09 984 1 1
cam_09 8941 1 1
cam_09 8933 1 1
cam_09 9039 1 2
cam_09 9003 1 1
cam_09 8983 1 1
cam_09 8982 1 2
cam_09 9045 1 2
cam_09 8992 1 1
cam_09 8975 1 1
cam_09 8985 1 1
cam_09 954 1 1
cam_09 9064 1 2
cam_09 9006 1 2
cam_09 8997 1 1
cam_09 8947 1 1
cam_09 8988 1 1
cam_09 8997 1 1
cam_09 8982 1 1
cam_09 981 1 1
cam_09 8994 1 2
cam_09 9030 1 2
cam_09 8980 1 1
cam_09 9009 1 1
cam_09 8958 1 1
cam_09 9009 1 1
cam_09 988 1 1
cam_09 9112 1 2
cam_09 9138 1 1
cam_09 8967 1 1
cam_09 9013 1 1
cam_09 1081 1 2
cam_09 9073 1 2
cam_09 9039 1 2
cam_09 9021 1 1
cam_09 9030 1 1
cam_09 8989 1 1
cam_09 9067 1 1
cam_09 9031 1 1
cam_09 8991 1 1
cam_09 9097 1 1
cam_09 1000 1 1
cam_09 1018 1 1
cam_09 9073 1 4
cam_09 9010 1 1
cam_09 9073 1 1
cam_09 9094 1 1
cam_09 9202 1 2
cam_09 1083 1 1
cam_09 9087 1 2
cam_09 9081 1 1
cam_09 1084 1 1
cam_09 9174 1 2
cam_09 9042 1 1
cam_09 9031 1 1
cam_09 9100 1 1
cam_09 1045 1 3
cam_09 9085 1 1
cam_09 9105 1 1
cam_09 9085 1 1
cam_09 9093 1 1
cam_09 9097 1 1
cam_09 9099 1 2
cam_09 9040 1 1
cam_09 9045 1 1
cam_09 9103 1 1
cam_09 9076 1 1
cam_09 9103 1 1
cam_09 9043 1 1
cam_09 9160 1 2
cam_09 9067 1 1
cam_09 9111 1 1
cam_09 9054 1 1
cam_09 9136 1 2
cam_09 9099 1 1
cam_09 9072 1 1
cam_09 9226 1 2
cam_09 9073 1 1
cam_09 9580 1 1
cam_09 9154 1 1
cam_09 9328 1 1
cam_09 9202 1 1
cam_09 9156 1 1
cam_09 9229 1 1
cam_09 9150 1 2
cam_09 9208 1 1
cam_09 9241 1 2
cam_09 9087 1 1
cam_09 9190 1 2
cam_09 9114 1 1
cam_09 9078 1 1
cam_09 9115 1 1
cam_09 9180 1 2
cam_09 9222 1 2
cam_09 9327 1 1
cam_09 9877 1 1
cam_09 9112 1 1
cam_09 9118 1 1
cam_09 9124 1 2
cam_09 9142 1 1
cam_09 9178 1 2
cam_09 9207 1 1
cam_09 9253 1 1
cam_09 9249 1 2
cam_09 9259 1 2
cam_09 9214 1 1
cam_09 9238 1 1
cam_09 9262 1 2
cam_09 9138 1 2
cam_09 9192 1 1
cam_09 9259 1 2
cam_09 9370 1 1
cam_09 9279 1 1
cam_09 9181 1 1
cam_09 9288 1 2
cam_09 9328 1 1
cam_09 9241 1 1
cam_09 9310 1 2
cam_09 9447 1 1
cam_09 9237 1 1
cam_09 9271 1 1
cam_09 9286 1 1
cam_09 9291 1 1
cam_09 9360 1 1
cam_09 9202 1 1
cam_09 9328 1 2
cam_09 9232 1 1
cam_09 9225 1 1
cam_09 9529 1 1
cam_09 105 1 2
cam_09 9336 1 2
cam_09 9270 1 1
cam_09 9295 1 1
cam_09 9283 1 2
cam_09 9486 1 1
cam_09 9415 1 2
cam_09 9322 1 1
cam_09 9385 1 1
cam_09 9420 1 2
cam_09 9316 1 1
cam_09 9391 1 1
cam_09 9232 1 1
cam_09 9258 1 1
cam_09 9235 1 1
cam_09 9319 1 2
cam_09 9370 1 1
cam_09 9334 1 1
cam_09 9312 1 1
cam_09 9436 1 3
cam_09 9261 1 1
cam_09 9480 1 1
cam_09 1236 1 2
cam_09 9424 1 2
cam_09 9373 1 1
cam_09 9285 1 1
cam_09 9388 1 1
cam_09 9361 1 1
cam_09 9369 1 2
cam_09 9459 1 2
cam_09 999 1 1
cam_09 9360 1 1
cam_09 9309 1 1
cam_09 9403 1 1
cam_09 9474 1 1
cam_09 9393 1 2
cam_09 1051 1 1
cam_09 9475 1 2
cam_09 9375 1 1
cam_09 9423 1 2
cam_09 9360 1 1
cam_09 9497 1 1
cam_09 9529 1 1
cam_09 9366 1 1
cam_09 9417 1 1
cam_09 9403 1 2
cam_09 1024 1 1
cam_09 9436 1 1
cam_09 9432 1 1
cam_09 9381 1 1
cam_09 9693 1 1
cam_09 9433 1 2
cam_09 9423 1 2
cam_09 9412 1 1
cam_09 9432 1 1
cam_09 9462 1 2
cam_09 9379 1 1
cam_09 9409 1 1
cam_09 9531 1 1
cam_09 9562 1 1
cam_09 9433 1 1
cam_09 9451 1 3
cam_09 9471 1 1
cam_09 9600 1 1
cam_09 9429 1 1
cam_09 9468 1 1
cam_09 1051 1 1
cam_09 9460 1 1
cam_09 9471 1 1
cam_09 9583 1 2
cam_09 9619 1 1
cam_09 9480 1 1
cam_09 9517 1 2
cam_09 9870 1 1
cam_09 9504 1 1
cam_09 9486 1 1
cam_09 1006 1 3
cam_09 9469 1 1
cam_09 9510 1 1
cam_09 9501 1 1
cam_09 9490 1 1
cam_09 9478 1 1
cam_09 9660 1 1
cam_09 9531 1 1
cam_09 9572 1 2
cam_09 9507 1 1
cam_09 9568 1 1
cam_09 9550 1 1
cam_09 9577 1 1
cam_09 9541 1 1
cam_09 9568 1 2
cam_09 9561 1 1
cam_09 9630 1 2
cam_09 9558 1 1
cam_09 9579 1 2
cam_09 1054 1 1
cam_09 9583 1 1
cam_09 9648 1 1
cam_09 9569 1 1
cam_09 1077 1 1
cam_09 9584 1 1
cam_09 1051 1 1
cam_09 9595 1 1
cam_09 9604 1 2
cam_09 9591 1 1
cam_09 9606 1 1
cam_09 9673 1 1
cam_09 9658 1 1
cam_09 9898 1 1
cam_09 9595 1 2
cam_09 9715 1 1
cam_09 9616 1 1
cam_09 9651 1 2
cam_09 9606 1 1
cam_09 9585 1 1
cam_09 9652 1 1
cam_09 1018 1 1
cam_09 9646 1 1
cam_09 9652 1 3
cam_09 9660 1 1
cam_09 9622 1 1
cam_09 9676 1 1
cam_09 9645 1 1
cam_09 9699 1 2
cam_09 9691 1 1
cam_09 9679 1 2
cam_09 9654 1 1
cam_09 9706 1 2
cam_09 9621 1 1
cam_09 1053 1 1
cam_09 9687 1 1
cam_09 9658 1 1
cam_09 1105 1 2
cam_09 9667 1 1
cam_09 9660 1 1
cam_09 1462 1 1
cam_09 9712 1 2
cam_09 9676 1 1
cam_09 9675 1 1
cam_09 9675 1 1
cam_09 9721 1 1
cam_09 9702 1 1
cam_09 9709 1 1
cam_09 9714 1 1
cam_09 9705 1 1
cam_09 9669 1 1
cam_09 9721 1 1
cam_09 1075 1 1
cam_09 9724 1 1
cam_09 9712 1 1
cam_09 9706 1 1
cam_09 9793 1 1
cam_09 1063 1 1
cam_09 12 1 2
cam_09 9723 1 1
cam_09 9796 1 3
cam_09 9741 1 1
cam_09 9741 1 1
cam_09 9706 1 1
cam_09 9696 1 1
cam_09 9771 1 1
cam_09 9762 1 1
cam_09 9786 1 1
cam_09 9787 1 2
cam_09 10416 1 1
cam_09 9757 1 2
cam_09 9741 1 1
cam_09 1311 1 1
cam_09 9829 1 1
cam_09 9754 1 1
cam_09 9738 1 4
cam_09 9805 1 1
cam_09 9747 1 1
cam_09 9769 1 1
cam_09 111 1 1
cam_09 9745 1 1
cam_09 9769 1 1
cam_09 9793 1 1
cam_09 9736 1 1
cam_09 9790 1 1
cam_09 1087 1 1
cam_09 9822 1 2
cam_09 9792 1 1
cam_09 9765 1 1
cam_09 9796 1 1
cam_09 9787 1 1
cam_09 9804 1 1
cam_09 9757 1 1
cam_09 9786 1 1
cam_09 9816 1 1
cam_09 9811 1 1
cam_09 10521 1 1
cam_09 9811 1 1
cam_09 9832 1 1
cam_09 9792 1 2
cam_09 9957 1 1
cam_09 1077 1 1
cam_09 1108 1 1
cam_09 9891 1 2
cam_09 9976 1 1
cam_09 9822 1 2
cam_09 1110 1 2
cam_09 9874 1 1
cam_09 9861 1 1
cam_09 9837 1 1
cam_09 9852 1 2
cam_09 9814 1 2
cam_09 9880 1 2
cam_09 9790 1 1
cam_09 9832 1 1
cam_09 133 1 1
cam_09 9829 1 1
cam_09 9849 1 1
cam_09 9825 1 1
cam_09 9834 1 1
cam_09 1083 1 2
cam_09 9898 1 2
cam_09 9856 1 2
cam_09 9871 1 1
cam_09 10143 1 1
cam_09 9823 1 1
cam_09 9906 1 1
cam_09 9915 1 3
cam_09 9843 1 1
cam_09 9852 1 1
cam_09 9864 1 1
cam_09 9975 1 2
cam_09 9891 1 1
cam_09 1123 1 1
cam_09 9916 1 2
cam_09 9838 1 1
cam_09 1119 1 1
cam_09 9870 1 1
cam_09 9850 1 1
cam_09 9906 1 1
cam_09 9930 1 1
cam_09 9904 1 1
cam_09 9909 1 1
cam_09 9861 1 1
cam_09 9897 1 1
cam_09 9886 1 1
cam_09 9927 1 1
cam_09 9865 1 2
cam_09 9994 1 2
cam_09 9921 1 1
cam_09 9936 1 1
cam_09 9940 1 1
cam_09 9949 1 1
cam_09 10162 1 1
cam_09 9958 1 1
cam_09 1087 1 1
cam_09 9996 1 1
cam_09 9900 1 2
cam_09 1099 1 1
cam_09 9934 1 1
cam_09 9991 1 1
cam_09 9976 1 2
cam_09 9957 1 1
cam_09 1093 1 1
cam_09 10105 1 1
cam_09 9957 1 1
cam_09 1441 1 1
cam_09 9924 1 1
cam_09 9963 1 1
cam_09 9951 1 1
cam_09 10020 1 1
cam_09 10044 1 1
cam_09 9994 1 1
cam_09 10065 1 2
cam_09 10018 1 1
cam_09 9973 1 1
cam_09 1098 1 1
cam_09 9964 1 2
cam_09 10009 1 1
cam_09 9990 1 1
cam_09 10050 1 1
cam_09 10096 1 1
cam_09 10014 1 1
cam_09 10027 1 1
cam_09 10002 1 1
cam_09 9970 1 1
cam_09 10087 1 2
cam_09 10051 1 1
cam_09 10042 1 1
cam_09 10099 1 2
cam_09 10087 1 1
cam_09 10066 1 1
cam_09 10059 1 1
cam_09 10078 1 1
cam_09 1123 1 1
cam_09 10150 1 2
cam_09 10072 1 1
cam_09 10200 1 1
cam_09 10069 1 1
cam_09 10042 1 1
cam_09 1132 1 2
cam_09 10077 1 1
cam_09 1114 1 1
cam_09 10098 1 1
cam_09 10096 1 1
cam_09 10152 1 1
cam_09 10144 1 1
cam_09 10132 1 1
cam_09 10131 1 1
cam_09 10159 1 2
cam_09 10056 1 1
cam_09 10078 1 1
cam_09 10180 1 2
cam_09 10057 1 1
cam_09 10123 1 1
cam_09 10095 1 1
cam_09 10071 1 1
cam_09 10096 1 1
cam_09 10156 1 1
cam_09 10146 1 2
cam_09 10102 1 1
cam_09 10198 1 1
cam_09 10156 1 2
cam_09 10098 1 1
cam_09 10150 1 1
cam_09 10209 1 2
cam_09 10128 1 1
cam_09 10128 1 1
cam_09 10117 1 1
cam_09 10311 1 1
cam_09 10125 1 1
cam_09 10170 1 1
cam_09 10176 1 1
cam_09 10235 1 1
cam_09 10182 1 2
cam_09 1138 1 1
cam_09 10192 1 1
cam_09 1087 1 2
cam_09 10173 1 1
cam_09 10209 1 2
cam_09 10219 1 1
cam_09 10150 1 1
cam_09 10249 1 1
cam_09 10143 1 1
cam_09 10182 1 1
cam_09 10215 1 1
cam_09 10157 1 1
cam_09 10155 1 1
cam_09 10225 1 2
cam_09 10227 1 1
cam_09 10212 1 1
cam_09 1191 1 1
cam_09 10612 1 1
cam_09 1099 1 1
cam_09 10248 1 2
cam_09 10221 1 1
cam_09 10374 1 1
cam_09 10267 1 1
cam_09 10218 1 1
cam_09 1108 1 1
cam_09 10236 1 1
cam_09 10224 1 1
cam_09 10279 1 1
cam_09 10204 1 1
cam_09 10797 1 1
cam_09 10258 1 1
cam_09 10212 1 1
cam_09 1161 1 1
cam_09 1180 1 1
cam_09 10264 1 1
cam_09 10240 1 1
cam_09 10302 1 1
cam_09 1158 1 2
cam_09 10288 1 1
cam_09 10285 1 1
cam_09 10245 1 1
cam_09 10264 1 1
cam_09 10248 1 1
cam_09 10293 1 1
cam_09 10360 1 2
cam_09 10329 1 1
cam_09 10354 1 1
cam_09 10275 1 1
cam_09 1215 1 1
cam_09 10281 1 1
cam_09 10333 1 1
cam_09 10282 1 1
cam_09 10348 1 1
cam_09 10324 1 2
cam_09 10413 1 1
cam_09 10338 1 1
cam_09 10284 1 1
cam_09 1195 1 1
cam_09 10404 1 2
cam_09 10330 1 1
cam_09 10347 1 1
cam_09 10368 1 2
cam_09 10831 1 1
cam_09 10368 1 1
cam_09 10371 1 1
cam_09 10332 1 1
cam_09 10381 1 1
cam_09 10305 1 1
cam_09 124 1 1
cam_09 10312 1 1
cam_09 10380 1 1
cam_09 10390 1 2
cam_09 10339 1 1
cam_09 1151 1 1
cam_09 1197 1 2
cam_09 10410 1 2
cam_09 1200 1 2
cam_09 10723 1 1
cam_09 10389 1 1
cam_09 10416 1 2
cam_09 364 1 1
cam_09 10393 1 1
cam_09 10405 1 1
cam_09 10431 1 1
cam_09 10360 1 1
cam_09 10398 1 1
cam_09 10615 1 1
cam_09 10470 1 1
cam_09 10425 1 1
cam_09 10455 1 2
cam_09 10379 1 1
cam_09 10471 1 1
cam_09 10491 1 1
cam_09 10417 1 1
cam_09 10449 1 2
cam_09 10461 1 1
cam_09 10423 1 1
cam_09 10414 1 1
cam_09 1221 1 1
cam_09 10477 1 1
cam_09 10419 1 1
cam_09 138 1 1
cam_09 10492 1 3
cam_09 10476 1 1
cam_09 10605 1 2
cam_09 10546 1 1
cam_09 10513 1 1
cam_09 10533 1 1
cam_09 10519 1 1
cam_09 10510 1 2
cam_09 10494 1 1
cam_09 10539 1 1
cam_09 10531 1 1
cam_09 10707 1 1
cam_09 10600 1 2
cam_09 10912 1 1
cam_09 10912 1 2
cam_09 10519 1 1
cam_09 10528 1 1
cam_09 10536 1 1
cam_09 10506 1 1
cam_09 10534 1 3
cam_09 10495 1 1
cam_09 10572 1 2
cam_09 10576 1 1
cam_09 1194 1 1
cam_09 10533 1 2
cam_09 10569 1 1
cam_09 10603 1 2
cam_09 10570 1 1
cam_09 10597 1 1
cam_09 10567 1 1
cam_09 10569 1 1
cam_09 10951 1 1
cam_09 10582 1 1
cam_09 10609 1 2
cam_09 10569 1 1
cam_09 10611 1 1
cam_09 10608 1 2
cam_09 1501 1 1
cam_09 10545 1 1
cam_09 10582 1 1
cam_09 10585 1 2
cam_09 10629 1 2
cam_09 10624 1 1
cam_09 10590 1 1
cam_09 1203 1 1
cam_09 10606 1 1
cam_09 10609 1 1
cam_09 10624 1 1
cam_09 10626 1 1
cam_09 10614 1 1
cam_09 10654 1 2
cam_09 10630 1 1
cam_09 10710 1 2
cam_09 10684 1 1
cam_09 10617 1 1
cam_09 10617 1 1
cam_09 10882 1 2
cam_09 10611 1 2
cam_09 10657 1 2
cam_09 10663 1 1
cam_09 10665 1 2
cam_09 1177 1 1
cam_09 10609 1 1
cam_09 10671 1 1
cam_09 10668 1 1
cam_09 1813 1 1
cam_09 10689 1 1
cam_09 10633 1 1
cam_09 10695 1 2
cam_09 10683 1 1
cam_09 1224 1 1
cam_09 10705 1 1
cam_09 10647 1 1
cam_09 10656 1 4
cam_09 10801 1 1
cam_09 10921 1 2
cam_09 1231 1 1
cam_09 10788 1 1
cam_09 10641 1 1
cam_09 10945 1 1
cam_09 10711 1 1
cam_09 10717 1 1
cam_09 10938 1 1
cam_09 10695 1 3
cam_09 10740 1 1
cam_09 190 1 1
cam_09 10714 1 1
cam_09 10741 1 1
cam_09 10756 1 2
cam_09 10773 1 1
cam_09 10705 1 1
cam_09 10773 1 2
cam_09 11062 1 1
cam_09 10720 1 1
cam_09 10726 1 1
cam_09 10806 1 1
cam_09 10786 1 2
cam_09 10732 1 1
cam_09 10758 1 2
cam_09 10770 1 1
cam_09 10747 1 1
cam_09 10723 1 1
cam_09 10776 1 2
cam_09 10894 1 2
cam_09 10750 1 1
cam_09 25 1 1
cam_09 10797 1 1
cam_09 10776 1 1
cam_09 10737 1 1
cam_09 10780 1 2
cam_09 10792 1 1
cam_09 10795 1 1
cam_09 10800 1 1
cam_09 10876 1 3
cam_09 1254 1 1
cam_09 10785 1 1
cam_09 1297 1 1
cam_09 10839 1 1
cam_09 10830 1 1
cam_09 10881 1 2
cam_09 10840 1 1
cam_09 10824 1 1
cam_09 10867 1 2
cam_09 10951 1 1
cam_09 10804 1 2
cam_09 10806 1 1
cam_09 10858 1 1
cam_09 10830 1 1
cam_09 10951 1 2
cam_09 10870 1 3
cam_09 10825 1 1
cam_09 10912 1 2
cam_09 10870 1 1
cam_09 10930 1 2
cam_09 10926 1 2
cam_09 10827 1 2
cam_09 10824 1 1
cam_09 10890 1 1
cam_09 10990 1 2
cam_09 10978 1 2
cam_09 10879 1 1
cam_09 10885 1 1
cam_09 10921 1 2
cam_09 10851 1 3
cam_09 10846 1 2
cam_09 11059 1 1
cam_09 10935 1 1
cam_09 10875 1 1
cam_09 10862 1 2
cam_09 10948 1 1
cam_09 10918 1 2
cam_09 10945 1 1
cam_09 10962 1 1
cam_09 10933 1 1
cam_09 11001 1 1
cam_09 10899 1 2
cam_09 10963 1 1
cam_09 11025 1 2
cam_09 10930 1 1
cam_09 10960 1 1
cam_09 1248 1 1
cam_09 10951 1 1
cam_09 10960 1 1
cam_09 10945 1 1
cam_09 10951 1 1
cam_09 10933 1 1
cam_09 10956 1 2
cam_09 10990 1 1
cam_09 10920 1 1
cam_09 11071 1 1
cam_09 11064 1 1
cam_09 10986 1 2
cam_09 1244 1 1
cam_09 12601 1 1
cam_09 11050 1 2
cam_09 11035 1 1
cam_09 10951 1 1
cam_09 11070 1 2
cam_09 1293 1 1
cam_09 11070 1 1
cam_09 10951 1 1
cam_09 1236 1 1
cam_09 1213 1 2
cam_09 11008 1 1
cam_09 1296 1 2
cam_09 11151 1 2
cam_09 11011 1 1
cam_09 11076 1 1
cam_09 11122 1 2
cam_09 11025 1 1
cam_09 1213 1 1
cam_09 11025 1 3
cam_09 10993 1 1
cam_09 10965 1 1
cam_09 10975 1 1
cam_09 11148 1 2
cam_09 10998 1 1
cam_09 1297 1 1
cam_09 11025 1 1
cam_09 11052 1 2
cam_09 11221 1 1
cam_09 11077 1 1
cam_09 10999 1 1
cam_09 10999 1 2
cam_09 1264 1 2
cam_09 11157 1 2
cam_09 11094 1 1
cam_09 11112 1 1
cam_09 11203 1 2
cam_09 11074 1 2
cam_09 11061 1 1
cam_09 11122 1 2
cam_09 11188 1 1
cam_09 11187 1 2
cam_09 11064 1 1
cam_09 11110 1 1
cam_09 11158 1 1
cam_09 11079 1 1
cam_09 11223 1 1
cam_09 11124 1 3
cam_09 11205 1 1
cam_09 11098 1 1
cam_09 11130 1 2
cam_09 11067 1 1
cam_09 11193 1 2
cam_09 11221 1 1
cam_09 11151 1 1
cam_09 11205 1 2
cam_09 11230 1 1
cam_09 11175 1 2
cam_09 11172 1 1
cam_09 11128 1 2
cam_09 11202 1 1
cam_09 1219 1 2
cam_09 11131 1 1
cam_09 11185 1 1
cam_09 11104 1 1
cam_09 11289 1 1
cam_09 11148 1 1
cam_09 11139 1 1
cam_09 11194 1 1
cam_09 11181 1 2
cam_09 11121 1 1
cam_09 11353 1 2
cam_09 11124 1 1
cam_09 11125 1 1
cam_09 11200 1 2
cam_09 1282 1 1
cam_09 11211 1 1
cam_09 11229 1 1
cam_09 11188 1 1
cam_09 1306 1 1
cam_09 11209 1 2
cam_09 11181 1 1
cam_09 11181 1 1
cam_09 1308 1 2
cam_09 11214 1 1
cam_09 1470 1 1
cam_09 11254 1 1
cam_09 11175 1 1
cam_09 11303 1 1
cam_09 11227 1 1
cam_09 11189 1 1
cam_09 11182 1 1
cam_09 140 1 1
cam_09 11229 1 1
cam_09 11186 1 1
cam_09 11482 1 1
cam_09 11239 1 1
cam_09 11302 1 1
cam_09 1290 1 1
cam_09 11218 1 1
cam_09 11208 1 1
cam_09 11263 1 1
cam_09 11445 1 1
cam_09 11302 1 1
cam_09 11389 1 1
cam_09 11364 1 2
cam_09 11388 1 1
cam_09 11343 1 1
cam_09 11487 1 1
cam_09 11236 1 1
cam_09 11305 1 1
cam_09 11328 1 2
cam_09 1300 1 2
cam_09 11275 1 1
cam_09 11320 1 2
cam_09 11271 1 1
cam_09 11328 1 1
cam_09 11305 1 1
cam_09 11463 1 1
cam_09 11319 1 1
cam_09 21 1 1
cam_09 213 1 1
cam_09 11305 1 1
cam_09 11311 1 1
cam_09 11311 1 1
cam_09 11329 1 1
cam_09 11431 1 1
cam_09 11325 1 1
cam_09 1248 1 1
cam_09 11356 1 1
cam_09 11332 1 2
cam_09 11334 1 3
cam_09 11329 1 1
cam_09 11401 1 1
cam_09 11343 1 3
cam_09 11415 1 1
cam_09 11320 1 1
cam_09 11374 1 1
cam_09 11365 1 1
cam_09 11350 1 1
cam_09 11359 1 1
cam_09 1606 1 1
cam_09 11388 1 1
cam_09 11328 1 1
cam_09 11335 1 1
cam_09 11376 1 1
cam_09 11377 1 1
cam_09 11352 1 2
cam_09 11397 1 2
cam_09 11419 1 2
cam_09 11379 1 3
cam_09 11389 1 1
cam_09 11362 1 1
cam_09 11374 1 1
cam_09 1293 1 1
cam_09 11412 1 1
cam_09 11413 1 1
cam_09 11361 1 1
cam_09 11475 1 1
cam_09 11431 1 1
cam_09 11397 1 1
cam_09 11413 1 1
cam_09 11413 1 1
cam_09 11416 1 1
cam_09 11472 1 1
cam_09 11443 1 1
cam_09 1305 1 1
cam_09 11401 1 1
cam_09 11418 1 2
cam_09 11490 1 1
cam_09 11443 1 1
cam_09 11436 1 1
cam_09 1315 1 2
cam_09 11484 1 2
cam_09 1315 1 1
cam_09 11397 1 1
cam_09 1300 1 1
cam_09 11407 1 1
cam_09 11449 1 1
cam_09 11439 1 1
cam_09 1330 1 2
cam_09 11460 1 1
cam_09 11531 1 2
cam_09 11427 1 3
cam_09 11503 1 1
cam_09 11458 1 1
cam_09 1319 1 1
cam_09 11466 1 1
cam_09 11502 1 1
cam_09 11538 1 1
cam_09 11488 1 1
cam_09 11433 1 1
cam_09 11476 1 2
cam_09 11557 1 1
cam_09 11479 1 1
cam_09 11851 1 1
cam_09 11497 1 2
cam_09 11548 1 1
cam_09 11535 1 2
cam_09 11460 1 1
cam_09 11695 1 1
cam_09 11560 1 2
cam_09 11532 1 2
cam_09 11488 1 1
cam_09 11578 1 1
cam_09 11527 1 1
cam_09 11566 1 2
cam_09 11457 1 2
cam_09 11485 1 2
cam_09 11551 1 1
cam_09 11505 1 1
cam_09 11658 1 1
cam_09 11572 1 1
cam_09 1312 1 1
cam_09 11562 1 1
cam_09 11548 1 1
cam_09 11685 1 1
cam_09 11515 1 1
cam_09 11533 1 1
cam_09 11871 1 1
cam_09 11602 1 1
cam_09 11625 1 2
cam_09 11557 1 2
cam_09 11667 1 2
cam_09 11560 1 1
cam_09 11547 1 1
cam_09 11601 1 1
cam_09 11560 1 1
cam_09 11506 1 2
cam_09 11542 1 1
cam_09 11623 1 1
cam_09 11592 1 1
cam_09 11668 1 2
cam_09 11614 1 1
cam_09 11712 1 1
cam_09 11655 1 1
cam_09 11709 1 1
cam_09 11592 1 1
cam_09 11562 1 1
cam_09 11584 1 2
cam_09 12033 1 1
cam_09 11640 1 1
cam_09 11602 1 1
cam_09 11736 1 2
cam_09 11814 1 1
cam_09 11550 1 1
cam_09 11790 1 1
cam_09 11574 1 1
cam_09 11724 1 1
cam_09 11623 1 1
cam_09 11598 1 1
cam_09 11572 1 1
cam_09 11653 1 1
cam_09 11649 1 1
cam_09 11629 1 1
cam_09 11883 1 1
cam_09 11592 1 2
cam_09 11697 1 1
cam_09 12073 1 1
cam_09 11686 1 1
cam_09 11625 1 1
cam_09 11623 1 1
cam_09 11718 1 1
cam_09 11716 1 2
cam_09 11613 1 1
cam_09 11716 1 1
cam_09 11725 1 3
cam_09 11665 1 1
cam_09 11677 1 1
cam_09 11674 1 1
cam_09 11999 1 2
cam_09 11682 1 1
cam_09 11712 1 2
cam_09 11676 1 1
cam_09 11742 1 1
cam_09 11733 1 1
cam_09 11752 1 2
cam_09 11679 1 1
cam_09 11761 1 1
cam_09 11686 1 1
cam_09 11703 1 1
cam_09 11701 1 1
cam_09 1375 1 1
cam_09 11778 1 1
cam_09 11761 1 1
cam_09 11755 1 2
cam_09 11752 1 1
cam_09 11775 1 2
cam_09 11880 1 1
cam_09 11775 1 1
cam_09 11764 1 1
cam_09 1383 1 1
cam_09 11766 1 2
cam_09 28 1 2
cam_09 11761 1 1
cam_09 11872 1 2
cam_09 11781 1 1
cam_09 1330 1 2
cam_09 11755 1 1
cam_09 11761 1 2
cam_09 11725 1 1
cam_09 11829 1 4
cam_09 11770 1 1
cam_09 11917 1 1
cam_09 11934 1 2
cam_09 11824 1 1
cam_09 11794 1 1
cam_09 11829 1 2
cam_09 11859 1 1
cam_09 11743 1 1
cam_09 11770 1 1
cam_09 11815 1 1
cam_09 11851 1 1
cam_09 11953 1 2
cam_09 11757 1 1
cam_09 11941 1 2
cam_09 11830 1 2
cam_09 11821 1 1
cam_09 11764 1 1
cam_09 11779 1 1
cam_09 11841 1 2
cam_09 11869 1 1
cam_09 11856 1 2
cam_09 11824 1 2
cam_09 11785 1 1
cam_09 11823 1 1
cam_09 11845 1 2
cam_09 12034 1 2
cam_09 11811 1 1
cam_09 11865 1 1
cam_09 12031 1 2
cam_09 11892 1 1
cam_09 11872 1 3
cam_09 11796 1 1
cam_09 11871 1 1
cam_09 11881 1 2
cam_09 11805 1 1
cam_09 11940 1 1
cam_09 1330 1 1
cam_09 11901 1 1
cam_09 11853 1 2
cam_09 12037 1 2
cam_09 11829 1 1
cam_09 11818 1 2
cam_09 11905 1 2
cam_09 11934 1 1
cam_09 1342 1 1
cam_09 11992 1 1
cam_09 11995 1 1
cam_09 11941 1 2
cam_09 11830 1 1
cam_09 11901 1 2
cam_09 12019 1 1
cam_09 11832 1 1
cam_09 11916 1 2
cam_09 11985 1 1
cam_09 11887 1 2
cam_09 12043 1 2
cam_09 11943 1 1
cam_09 1381 1 2
cam_09 12009 1 4
cam_09 11995 1 1
cam_09 12298 1 1
cam_09 11877 1 2
cam_09 11956 1 1
cam_09 11917 1 1
cam_09 11973 1 1
cam_09 11988 1 2
cam_09 11884 1 1
cam_09 11892 1 1
cam_09 11908 1 1
cam_09 11943 1 1
cam_09 12082 1 2
cam_09 11974 1 2
cam_09 1347 1 2
cam_09 12049 1 1
cam_09 12051 1 1
cam_09 11941 1 1
cam_09 12004 1 1
cam_09 12028 1 1
cam_09 12052 1 1
cam_09 12042 1 1
cam_09 11995 1 1
cam_09 12030 1 1
cam_09 12154 1 2
cam_09 12048 1 1
cam_09 12015 1 2
cam_09 1432 1 2
cam_09 11979 1 1
cam_09 11979 1 2
cam_09 12055 1 1
cam_09 12069 1 1
cam_09 12105 1 3
cam_09 12030 1 1
cam_09 12030 1 1
cam_09 12078 1 1
cam_09 1297 1 1
cam_09 12057 1 1
cam_09 12210 1 1
cam_09 12054 1 1
cam_09 12069 1 1
cam_09 1411 1 2
cam_09 12097 1 1
cam_09 12114 1 3
cam_09 12178 1 2
cam_09 12159 1 1
cam_09 12108 1 1
cam_09 1333 1 1
cam_09 12069 1 1
cam_09 12148 1 2
cam_09 12145 1 1
cam_09 12048 1 1
cam_09 12141 1 1
cam_09 12199 1 2
cam_09 12219 1 2
cam_09 12531 1 1
cam_09 12195 1 1
cam_09 384 1 1
cam_09 12156 1 1
cam_09 12159 1 1
cam_09 12162 1 1
cam_09 12309 1 1
cam_09 12262 1 1
cam_09 12159 1 1
cam_09 12204 1 1
cam_09 12165 1 1
cam_09 312 1 1
cam_09 1324 1 1
cam_09 12232 1 1
cam_09 12159 1 1
cam_09 1320 1 1
cam_09 12189 1 1
cam_09 12183 1 1
cam_09 12234 1 2
cam_09 12331 1 1
cam_09 12184 1 1
cam_09 12516 1 1
cam_09 12217 1 1
cam_09 12385 1 1
cam_09 12228 1 2
cam_09 12309 1 1
cam_09 12157 1 1
cam_09 1446 1 1
cam_09 12241 1 1
cam_09 12160 1 1
cam_09 1473 1 1
cam_09 12202 1 1
cam_09 12226 1 1
cam_09 12208 1 1
cam_09 12216 1 1
cam_09 12243 1 1
cam_09 21 1 2
cam_09 163 1 2
cam_09 12226 1 1
cam_09 12216 1 1
cam_09 12354 1 1
cam_09 12357 1 1
cam_09 12250 1 1
cam_09 12234 1 1
cam_09 12330 1 1
cam_09 12277 1 2
cam_09 12384 1 1
cam_09 1390 1 2
cam_09 12231 1 1
cam_09 1360 1 1
cam_09 1416 1 1
cam_09 12328 1 1
cam_09 1401 1 1
cam_09 12223 1 1
cam_09 12253 1 1
cam_09 12228 1 1
cam_09 12271 1 1
cam_09 12274 1 1
cam_09 1342 1 2
cam_09 12292 1 1
cam_09 12244 1 1
cam_09 12292 1 1
cam_09 12285 1 1
cam_09 12363 1 1
cam_09 12324 1 1
cam_09 1399 1 1
cam_09 12270 1 1
cam_09 12276 1 1
cam_09 12304 1 3
cam_09 12286 1 1
cam_09 12319 1 2
cam_09 12315 1 1
cam_09 12282 1 1
cam_09 12330 1 1
cam_09 12327 1 2
cam_09 12279 1 1
cam_09 12295 1 1
cam_09 12346 1 1
cam_09 12360 1 1
cam_09 12279 1 1
cam_09 1387 1 1
cam_09 12327 1 1
cam_09 12411 1 1
cam_09 12345 1 2
cam_09 12282 1 1
cam_09 12327 1 1
cam_09 12345 1 1
cam_09 12310 1 1
cam_09 12337 1 1
cam_09 12306 1 1
cam_09 12416 1 1
cam_09 12367 1 1
cam_09 12322 1 1
cam_09 12340 1 1
cam_09 129 1 1
cam_09 12360 1 1
cam_09 1377 1 1
cam_09 12363 1 1
cam_09 12349 1 1
cam_09 1630 1 1
cam_09 12427 1 1
cam_09 1449 1 2
cam_09 12376 1 1
cam_09 12333 1 2
cam_09 12397 1 1
cam_09 12412 1 1
cam_09 12399 1 1
cam_09 1500 1 1
cam_09 12366 1 1
cam_09 12429 1 1
cam_09 12349 1 1
cam_09 12402 1 1
cam_09 12375 1 1
cam_09 1474 1 1
cam_09 12442 1 1
cam_09 12418 1 2
cam_09 1440 1 1
cam_09 12345 1 1
cam_09 12351 1 1
cam_09 1366 1 2
cam_09 12408 1 1
cam_09 12360 1 3
cam_09 1458 1 1
cam_09 12391 1 1
cam_09 12462 1 2
cam_09 12432 1 2
cam_09 12357 1 1
cam_09 1417 1 2
cam_09 12378 1 1
cam_09 12654 1 1
cam_09 12438 1 1
cam_09 12376 1 1
cam_09 12444 1 2
cam_09 12444 1 1
cam_09 12454 1 1
cam_09 12409 1 1
cam_09 12427 1 1
cam_09 12454 1 1
cam_09 12424 1 1
cam_09 12453 1 1
cam_09 1399 1 1
cam_09 12400 1 3
cam_09 12385 1 1
cam_09 12439 1 1
cam_09 12615 1 1
cam_09 12546 1 2
cam_09 12490 1 2
cam_09 12405 1 2
cam_09 12495 1 1
cam_09 12564 1 2
cam_09 12481 1 2
cam_09 12489 1 1
cam_09 12579 1 2
cam_09 12870 1 1
cam_09 12502 1 1
cam_09 12531 1 1
cam_09 12517 1 1
cam_09 12529 1 1
cam_09 12514 1 1
cam_09 12517 1 1
cam_09 12600 1 1
cam_09 12565 1 2
cam_09 12517 1 1
cam_09 12498 1 1
cam_09 12510 1 2
cam_09 12531 1 1
cam_09 1480 1 2
cam_09 12649 1 2
cam_09 12577 1 3
cam_09 12556 1 1
cam_09 12505 1 1
cam_09 12564 1 1
cam_09 1450 1 2
cam_09 12534 1 1
cam_09 12832 1 1
cam_09 12534 1 2
cam_09 12532 1 1
cam_09 12609 1 2
cam_09 12562 1 1
cam_09 12517 1 2
cam_09 12930 1 1
cam_09 12651 1 1
cam_09 12651 1 1
cam_09 12640 1 2
cam_09 12609 1 1
cam_09 12553 1 2
cam_09 12565 1 1
cam_09 12508 1 1
cam_09 12687 1 2
cam_09 12565 1 2
cam_09 12577 1 1
cam_09 12607 1 1
cam_09 12597 1 1
cam_09 12595 1 1
cam_09 13474 1 1
cam_09 12654 1 2
cam_09 12618 1 1
cam_09 12624 1 1
cam_09 1467 1 1
cam_09 12666 1 1
cam_09 12613 1 2
cam_09 12601 1 1
cam_09 12544 1 2
cam_09 12609 1 1
cam_09 12766 1 1
cam_09 12592 1 1
cam_09 12632 1 2
cam_09 12684 1 2
cam_09 12660 1 2
cam_09 12666 1 1
cam_09 12621 1 1
cam_09 12655 1 1
cam_09 12624 1 2
cam_09 12571 1 1
cam_09 12591 1 1
cam_09 12577 1 1
cam_09 12993 1 1
cam_09 12636 1 1
cam_09 12844 1 1
cam_09 12675 1 1
cam_09 12745 1 2
cam_09 12618 1 1
cam_09 12678 1 2
cam_09 12667 1 1
cam_09 12790 1 2
cam_09 1383 1 1
cam_09 12688 1 1
cam_09 12684 1 1
cam_09 12949 1 1
cam_09 12687 1 1
cam_09 13030 1 1
cam_09 12783 1 2
cam_09 12718 1 1
cam_09 12642 1 2
cam_09 12825 1 1
cam_09 12724 1 1
cam_09 12730 1 1
cam_09 12724 1 1
cam_09 12717 1 1
cam_09 52 1 2
cam_09 12685 1 1
cam_09 12768 1 1
cam_09 12778 1 1
cam_09 12826 1 2
cam_09 12778 1 1
cam_09 12730 1 1
cam_09 12825 1 1
cam_09 12765 1 1
cam_09 12717 1 1
cam_09 12969 1 1
cam_09 12859 1 2
cam_09 12742 1 1
cam_09 12802 1 1
cam_09 12775 1 1
cam_09 1474 1 2
cam_09 12741 1 1
cam_09 12786 1 2
cam_09 12778 1 1
cam_09 12832 1 1
cam_09 12862 1 2
cam_09 12745 1 1
cam_09 12811 1 1
cam_09 12801 1 3
cam_09 12846 1 1
cam_09 12819 1 1
cam_09 12859 1 1
cam_09 13072 1 2
cam_09 12787 1 1
cam_09 12915 1 1
cam_09 1500 1 1
cam_09 13239 1 1
cam_09 12856 1 1
cam_09 12957 1 2
cam_09 12865 1 2
cam_09 12826 1 1
cam_09 12808 1 3
cam_09 12949 1 1
cam_09 12823 1 1
cam_09 12895 1 2
cam_09 12916 1 1
cam_09 12822 1 2
cam_09 12853 1 1
cam_09 12868 1 2
cam_09 12916 1 1
cam_09 12978 1 2
cam_09 12946 1 1
cam_09 12933 1 1
cam_09 12943 1 1
cam_09 12906 1 1
cam_09 12883 1 1
cam_09 12972 1 1
cam_09 12858 1 2
cam_09 1438 1 1
cam_09 12925 1 2
cam_09 13023 1 1
cam_09 12879 1 1
cam_09 12898 1 1
cam_09 12915 1 3
cam_09 12967 1 1
cam_09 1459 1 2
cam_09 12925 1 1
cam_09 13000 1 1
cam_09 12970 1 1
cam_09 12903 1 1
cam_09 13005 1 2
cam_09 12924 1 1
cam_09 12955 1 1
cam_09 12951 1 2
cam_09 12897 1 1
cam_09 12934 1 2
cam_09 12973 1 1
cam_09 13279 1 1
cam_09 12949 1 1
cam_09 13252 1 1
cam_09 12931 1 2
cam_09 12966 1 1
cam_09 13006 1 1
cam_09 198 1 1
cam_09 1522 1 2
cam_09 12936 1 1
cam_09 12972 1 2
cam_09 13029 1 1
cam_09 13123 1 1
cam_09 1423 1 1
cam_09 12981 1 2
cam_09 12973 1 1
cam_09 12982 1 1
cam_09 1530 1 1
cam_09 1396 1 1
cam_09 12975 1 1
cam_09 13068 1 1
cam_09 12997 1 1
cam_09 12996 1 1
cam_09 13024 1 1
cam_09 13024 1 1
cam_09 12997 1 1
cam_09 12970 1 2
cam_09 13029 1 1
cam_09 13017 1 1
cam_09 13032 1 2
cam_09 12967 1 1
cam_09 13006 1 1
cam_09 13465 1 1
cam_09 1426 1 1
cam_09 13195 1 1
cam_09 1446 1 1
cam_09 13083 1 1
cam_09 13074 1 2
cam_09 13062 1 1
cam_09 13162 1 1
cam_09 1515 1 2
cam_09 13168 1 1
cam_09 13029 1 2
cam_09 13053 1 1
cam_09 13078 1 1
cam_09 1551 1 2
cam_09 13078 1 1
cam_09 13113 1 2
cam_09 1761 1 1
cam_09 13126 1 1
cam_09 13101 1 1
cam_09 1534 1 1
cam_09 1639 1 1
cam_09 13090 1 1
cam_09 1576 1 1
cam_09 13093 1 1
cam_09 1470 1 1
cam_09 13081 1 1
cam_09 13135 1 1
cam_09 13135 1 1
cam_09 13131 1 1
cam_09 13087 1 1
cam_09 13113 1 1
cam_09 13135 1 1
cam_09 1506 1 1
cam_09 13131 1 1
cam_09 13147 1 1
cam_09 13110 1 1
cam_09 2415 1 1
cam_09 13156 1 1
cam_09 13126 1 1
cam_09 13102 1 1
cam_09 13143 1 1
cam_09 13254 1 1
cam_09 13131 1 1
cam_09 13381 1 1
cam_09 13411 1 1
cam_09 13170 1 3
cam_09 1534 1 1
cam_09 13149 1 1
cam_09 13266 1 1
cam_09 13318 1 1
cam_09 1521 1 1
cam_09 13149 1 1
cam_09 13141 1 1
cam_09 13207 1 2
cam_09 13485 1 1
cam_09 1483 1 2
cam_09 1521 1 1
cam_09 13153 1 1
cam_09 13170 1 2
cam_09 13234 1 2
cam_09 13218 1 1
cam_09 13219 1 1
cam_09 13161 1 1
cam_09 13204 1 3
cam_09 13222 1 2
cam_09 13281 1 1
cam_09 13255 1 2
cam_09 13171 1 1
cam_09 13170 1 2
cam_09 13203 1 1
cam_09 13234 1 1
cam_09 13194 1 1
cam_09 13284 1 2
cam_09 13248 1 2
cam_09 385 1 1
cam_09 13278 1 2
cam_09 13248 1 1
cam_09 13290 1 1
cam_09 13291 1 1
cam_09 13260 1 1
cam_09 13308 1 1
cam_09 13252 1 1
cam_09 13339 1 2
cam_09 13260 1 1
cam_09 13276 1 1
cam_09 13266 1 1
cam_09 13500 1 1
cam_09 13312 1 1
cam_09 13287 1 1
cam_09 13279 1 1
cam_09 13281 1 1
cam_09 13270 1 2
cam_09 13233 1 1
cam_09 13329 1 1
cam_09 13371 1 2
cam_09 13320 1 1
cam_09 13312 1 2
cam_09 13398 1 2
cam_09 13299 1 1
cam_09 13312 1 1
cam_09 13371 1 1
cam_09 13272 1 1
cam_09 13314 1 1
cam_09 13336 1 1
cam_09 13347 1 1
cam_09 13421 1 2
cam_09 13330 1 2
cam_09 1546 1 1
cam_09 13381 1 1
cam_09 13407 1 1
cam_09 13456 1 1
cam_09 13320 1 2
cam_09 13339 1 1
cam_09 13351 1 1
cam_09 13318 1 1
cam_09 13404 1 2
cam_09 1455 1 1
cam_09 1567 1 1
cam_09 13336 1 1
cam_09 13386 1 2
cam_09 13429 1 2
cam_09 13329 1 1
cam_09 13329 1 1
cam_09 13459 1 2
cam_09 13351 1 2
cam_09 13477 1 1
cam_09 13456 1 2
cam_09 13494 1 1
cam_09 13344 1 2
cam_09 1566 1 2
cam_09 13500 1 2
cam_09 1579 1 2
cam_09 13479 1 2
cam_09 13354 1 1
cam_09 13500 1 2
cam_09 13435 1 1
cam_09 13390 1 1
cam_09 1459 1 1
cam_09 13476 1 1
cam_09 13500 1 1
cam_09 13459 1 1
cam_09 13467 1 1
cam_09 13401 1 1
cam_09 13423 1 1
cam_09 13410 1 1
cam_09 1660 1 1
cam_09 13419 1 1
cam_09 13402 1 1
cam_09 13456 1 2
cam_09 13500 1 2
cam_09 13500 1 2
cam_09 1462 1 1
cam_09 13500 1 1
cam_09 13500 1 1
cam_09 13405 1 1
cam_09 13411 1 1
cam_09 13411 1 1
cam_09 1465 1 1
cam_09 13497 1 1
cam_09 13500 1 1
cam_09 13479 1 2
cam_09 1570 1 1
cam_09 13500 1 2
cam_09 13441 1 1
cam_09 1618 1 2
cam_09 13461 1 1
cam_09 13488 1 1
cam_09 1698 1 1
cam_09 13500 1 2
cam_09 1498 1 1
cam_09 1543 1 2
cam_09 1515 1 1
cam_09 1606 1 2
cam_09 1581 1 1
cam_09 1558 1 1
cam_09 1666 1 2
cam_09 1551 1 1
cam_09 9 1 1
cam_09 1573 1 1
cam_09 1632 1 1
cam_09 1821 1 2
cam_09 1588 1 3
cam_09 1524 1 1
cam_09 1599 1 1
cam_09 1609 1 1
cam_09 1609 1 1
cam_09 139 1 1
cam_09 1525 1 1
cam_09 1572 1 2
cam_09 1570 1 1
cam_09 1642 1 2
cam_09 1614 1 1
cam_09 2119 1 1
cam_09 1837 1 2
cam_09 1536 1 1
cam_09 1542 1 1
cam_09 1635 1 2
cam_09 1689 1 1
cam_09 1617 1 1
cam_09 1726 1 3
cam_09 1611 1 1
cam_09 1593 1 1
cam_09 1719 1 2
cam_09 1656 1 2
cam_09 1630 1 1
cam_09 1639 1 1
cam_09 1668 1 2
cam_09 1707 1 1
cam_09 1762 1 2
cam_09 115 1 1
cam_09 1705 1 1
cam_09 1600 1 1
cam_09 1650 1 1
cam_09 1605 1 1
cam_09 1696 1 1
cam_09 1677 1 1
cam_09 1609 1 2
cam_09 1703 1 1
cam_09 1681 1 2
cam_09 1627 1 1
cam_09 1747 1 2
cam_09 1636 1 1
cam_09 1707 1 1
cam_09 1692 1 2
cam_09 1632 1 1
cam_09 1668 1 2
cam_09 1675 1 2
cam_09 1792 1 2
cam_09 1747 1 2
cam_09 126 1 1
cam_09 1761 1 2
cam_09 1680 1 2
cam_09 1750 1 1
cam_09 1651 1 1
cam_09 2263 1 1
cam_09 1795 1 2
cam_09 192 1 3
cam_09 1663 1 2
cam_09 204 1 1
cam_09 1710 1 1
cam_09 1740 1 2
cam_09 1743 1 1
cam_09 1867 1 1
cam_09 1765 1 1
cam_09 163 1 1
cam_09 1761 1 1
cam_09 219 1 2
cam_09 1753 1 1
cam_09 1876 1 1
cam_09 247 1 1
cam_09 1789 1 1
cam_09 1743 1 1
cam_09 1717 1 1
cam_09 1827 1 2
cam_09 1791 1 1
cam_09 1764 1 3
cam_09 1839 1 1
cam_09 1831 1 2
cam_09 1798 1 1
cam_09 1746 1 1
cam_09 1782 1 1
cam_09 1737 1 2
cam_09 1746 1 2
cam_09 1953 1 1
cam_09 1779 1 1
cam_09 1834 1 2
cam_09 1809 1 1
cam_09 1768 1 2
cam_09 31 1 1
cam_09 1870 1 1
cam_09 1984 1 1
cam_09 1857 1 2
cam_09 195 1 1
cam_09 1809 1 1
cam_09 1809 1 1
cam_09 1872 1 2
cam_09 186 1 1
cam_09 184 1 1
cam_09 1833 1 1
cam_09 1848 1 1
cam_09 1828 1 1
cam_09 1819 1 1
cam_09 1864 1 1
cam_09 2208 1 1
cam_09 42 1 2
cam_09 1974 1 1
cam_09 1834 1 1
cam_09 1870 1 1
cam_09 1899 1 2
cam_09 1855 1 1
cam_09 1888 1 1
cam_09 1867 1 1
cam_09 1870 1 1
cam_09 1888 1 1
cam_09 1905 1 1
cam_09 36 1 1
cam_09 1888 1 1
cam_09 1846 1 1
cam_09 1876 1 1
cam_09 1899 1 1
cam_09 1953 1 2
cam_09 1906 1 1
cam_09 1882 1 1
cam_09 1861 1 1
cam_09 1899 1 1
cam_09 70 1 1
cam_09 1888 1 1
cam_09 1917 1 1
cam_09 277 1 2
cam_09 1899 1 1
cam_09 220 1 1
cam_09 1909 1 1
cam_09 2632 1 1
cam_09 2112 1 1
cam_09 211 1 2
cam_09 1941 1 2
cam_09 1933 1 1
cam_09 1990 1 1
cam_09 1917 1 1
cam_09 63 1 1
cam_09 151 1 1
cam_09 1935 1 1
cam_09 1975 1 1
cam_09 1914 1 1
cam_09 204 1 1
cam_09 2041 1 2
cam_09 1965 1 1
cam_09 2016 1 1
cam_09 1918 1 1
cam_09 187 1 2
cam_09 1980 1 1
cam_09 1959 1 3
cam_09 1971 1 3
cam_09 1989 1 1
cam_09 2023 1 1
cam_09 1960 1 1
cam_09 2073 1 2
cam_09 195 1 1
cam_09 2017 1 1
cam_09 1972 1 1
cam_09 1992 1 1
cam_09 1987 1 2
cam_09 2134 1 1
cam_09 1945 1 1
cam_09 2071 1 1
cam_09 2251 1 1
cam_09 2019 1 3
cam_09 2019 1 1
cam_09 2035 1 1
cam_09 1999 1 1
cam_09 2251 1 2
cam_09 220 1 2
cam_09 2142 1 1
cam_09 2080 1 1
cam_09 1993 1 1
cam_09 2053 1 2
cam_09 2050 1 2
cam_09 2166 1 1
cam_09 2487 1 1
cam_09 2133 1 1
cam_09 55 1 1
cam_09 229 1 2
cam_09 2094 1 2
cam_09 221 1 1
cam_09 2136 1 2
cam_09 2100 1 1
cam_09 2076 1 1
cam_09 2212 1 1
cam_09 2121 1 1
cam_09 2098 1 1
cam_09 2133 1 1
cam_09 2125 1 2
cam_09 30 1 1
cam_09 2188 1 2
cam_09 2155 1 1
cam_09 216 1 1
cam_09 2112 1 1
cam_09 202 1 2
cam_09 216 1 1
cam_09 2109 1 1
cam_09 2151 1 1
cam_09 2158 1 1
cam_09 73 1 1
cam_09 2169 1 1
cam_09 2140 1 1
cam_09 2293 1 1
cam_09 2119 1 1
cam_09 2124 1 1
cam_09 2187 1 1
cam_09 2209 1 1
cam_09 2122 1 1
cam_09 2236 1 1
cam_09 2140 1 1
cam_09 2157 1 1
cam_09 2121 1 1
cam_09 222 1 1
cam_09 2197 1 1
cam_09 2175 1 1
cam_09 2200 1 2
cam_09 2256 1 1
cam_09 2206 1 1
cam_09 2203 1 1
cam_09 49 1 1
cam_09 2197 1 1
cam_09 2206 1 2
cam_09 2220 1 1
cam_09 2223 1 2
cam_09 2198 1 1
cam_09 2238 1 2
cam_09 2185 1 1
cam_09 2217 1 1
cam_09 2242 1 2
cam_09 2287 1 1
cam_09 2251 1 2
cam_09 2203 1 1
cam_09 2274 1 1
cam_09 2241 1 1
cam_09 2226 1 1
cam_09 226 1 1
cam_09 2251 1 1
cam_09 2247 1 1
cam_09 69 1 2
cam_09 2205 1 1
cam_09 2217 1 1
cam_09 2314 1 2
cam_09 2271 1 2
cam_09 2265 1 1
cam_09 2241 1 1
cam_09 2391 1 1
cam_09 2260 1 4
cam_09 2263 1 1
cam_09 2251 1 1
cam_09 2250 1 2
cam_09 2548 1 1
cam_09 2251 1 1
cam_09 2331 1 1
cam_09 2260 1 1
cam_09 31 1 1
cam_09 2506 1 1
cam_09 2308 1 1
cam_09 2358 1 2
cam_09 2523 1 2
cam_09 2337 1 1
cam_09 2386 1 1
cam_09 2269 1 1
cam_09 2308 1 2
cam_09 2289 1 2
cam_09 2362 1 1
cam_09 2277 1 4
cam_09 2341 1 1
cam_09 57 1 1
cam_09 2292 1 1
cam_09 2287 1 1
cam_09 2352 1 1
cam_09 2308 1 1
cam_09 2320 1 1
cam_09 2343 1 1
cam_09 2347 1 1
cam_09 2376 1 2
cam_09 599 1 1
cam_09 2289 1 1
cam_09 2412 1 1
cam_09 2338 1 1
cam_09 2338 1 1
cam_09 2319 1 2
cam_09 2383 1 2
cam_09 2341 1 1
cam_09 2310 1 1
cam_09 2320 1 1
cam_09 2310 1 1
cam_09 2373 1 1
cam_09 2311 1 2
cam_09 2400 1 2
cam_09 2449 1 1
cam_09 2466 1 1
cam_09 2362 1 2
cam_09 2329 1 2
cam_09 2434 1 2
cam_09 2391 1 1
cam_09 2385 1 1
cam_09 2388 1 1
cam_09 2410 1 2
cam_09 2409 1 1
cam_09 2653 1 1
cam_09 2400 1 1
cam_09 2409 1 1
cam_09 55 1 1
cam_09 2434 1 2
cam_09 2668 1 1
cam_09 268 1 1
cam_09 2421 1 2
cam_09 2400 1 1
cam_09 2494 1 1
cam_09 2485 1 2
cam_09 264 1 2
cam_09 2437 1 1
cam_09 2455 1 1
cam_09 2457 1 1
cam_09 2566 1 2
cam_09 2449 1 1
cam_09 2487 1 1
cam_09 2377 1 1
cam_09 2382 1 1
cam_09 243 1 1
cam_09 2401 1 1
cam_09 2479 1 2
cam_09 2436 1 1
cam_09 2496 1 1
cam_09 2406 1 1
cam_09 2499 1 2
cam_09 2484 1 2
cam_09 2413 1 1
cam_09 2529 1 2
cam_09 2501 1 2
cam_09 2505 1 2
cam_09 2482 1 1
cam_09 2539 1 2
cam_09 2425 1 2
cam_09 2505 1 1
cam_09 2512 1 1
cam_09 2569 1 2
cam_09 2500 1 1
cam_09 3028 1 1
cam_09 2616 1 1
cam_09 2788 1 1
cam_09 2547 1 1
cam_09 2493 1 1
cam_09 2587 1 1
cam_09 2533 1 2
cam_09 2518 1 1
cam_09 2506 1 1
cam_09 2701 1 1
cam_09 2562 1 2
cam_09 2716 1 1
cam_09 2530 1 1
cam_09 322 1 1
cam_09 2586 1 1
cam_09 2580 1 2
cam_09 2707 1 1
cam_09 2512 1 1
cam_09 2520 1 1
cam_09 245 1 1
cam_09 2770 1 1
cam_09 2593 1 1
cam_09 2604 1 2
cam_09 2566 1 1
cam_09 2581 1 1
cam_09 2587 1 2
cam_09 2566 1 1
cam_09 2586 1 1
cam_09 2581 1 1
cam_09 3034 1 1
cam_09 2769 1 1
cam_09 2667 1 1
cam_09 268 1 2
cam_09 2635 1 1
cam_09 2593 1 3
cam_09 2682 1 1
cam_09 2598 1 1
cam_09 2854 1 1
cam_09 2716 1 1
cam_09 2626 1 1
cam_09 2587 1 1
cam_09 2659 1 3
cam_09 325 1 2
cam_09 2685 1 1
cam_09 2709 1 1
cam_09 2649 1 3
cam_09 276 1 1
cam_09 2622 1 1
cam_09 2734 1 2
cam_09 2650 1 1
cam_09 2641 1 1
cam_09 2652 1 1
cam_09 2664 1 1
cam_09 484 1 1
cam_09 2665 1 1
cam_09 2661 1 1
cam_09 2698 1 1
cam_09 2688 1 3
cam_09 2700 1 1
cam_09 415 1 1
cam_09 2703 1 1
cam_09 2712 1 1
cam_09 2631 1 1
cam_09 2682 1 1
cam_09 2679 1 1
cam_09 2638 1 1
cam_09 2692 1 1
cam_09 2713 1 2
cam_09 2676 1 1
cam_09 2718 1 1
cam_09 250 1 1
cam_09 256 1 1
cam_09 289 1 2
cam_09 2794 1 1
cam_09 277 1 1
cam_09 2734 1 1
cam_09 2787 1 1
cam_09 2739 1 1
cam_09 2776 1 1
cam_09 2809 1 1
cam_09 2749 1 3
cam_09 2710 1 2
cam_09 16 1 1
cam_09 2824 1 2
cam_09 2749 1 1
cam_09 280 1 1
cam_09 2731 1 1
cam_09 2763 1 2
cam_09 286 1 1
cam_09 2764 1 1
cam_09 2800 1 2
cam_09 2823 1 1
cam_09 448 1 1
cam_09 3013 1 1
cam_09 2746 1 1
cam_09 2848 1 1
cam_09 295 1 2
cam_09 2883 1 2
cam_09 301 1 1
cam_09 2769 1 1
cam_09 2808 1 2
cam_09 2821 1 1
cam_09 2842 1 1
cam_09 2841 1 2
cam_09 2809 1 1
cam_09 2820 1 1
cam_09 2769 1 1
cam_09 3106 1 1
cam_09 2812 1 1
cam_09 3036 1 1
cam_09 2830 1 1
cam_09 2869 1 1
cam_09 2848 1 1
cam_09 2854 1 2
cam_09 2907 1 1
cam_09 2905 1 1
cam_09 2958 1 1
cam_09 2800 1 1
cam_09 2886 1 2
cam_09 2821 1 1
cam_09 2848 1 1
cam_09 2890 1 2
cam_09 2901 1 1
cam_09 3082 1 2
cam_09 2938 1 1
cam_09 3009 1 1
cam_09 2989 1 1
cam_09 2889 1 1
cam_09 2899 1 1
cam_09 2922 1 1
cam_09 2883 1 1
cam_09 2920 1 1
cam_09 2944 1 2
cam_09 2890 1 3
cam_09 2893 1 3
cam_09 2950 1 1
cam_09 2898 1 4
cam_09 2971 1 3
cam_09 2929 1 3
cam_09 2959 1 1
cam_09 2928 1 1
cam_09 2913 1 1
cam_09 2953 1 1
cam_09 3034 1 2
cam_09 2938 1 1
cam_09 2988 1 1
cam_09 2961 1 1
cam_09 3061 1 1
cam_09 2971 1 1
cam_09 307 1 2
cam_09 3097 1 1
cam_09 3019 1 1
cam_09 3009 1 1
cam_09 2973 1 1
cam_09 3011 1 1
cam_09 2949 1 1
cam_09 2970 1 1
cam_09 3021 1 1
cam_09 3006 1 1
cam_09 3022 1 2
cam_09 3216 1 1
cam_09 2998 1 1
cam_09 66 1 1
cam_09 3033 1 1
cam_09 3010 1 2
cam_09 273 1 1
cam_09 2997 1 1
cam_09 3015 1 1
cam_09 3082 1 1
cam_09 2998 1 1
cam_09 3034 1 1
cam_09 3049 1 3
cam_09 3001 1 1
cam_09 3072 1 1
cam_09 3100 1 1
cam_09 319 1 1
cam_09 3030 1 2
cam_09 3013 1 1
cam_09 3042 1 1
cam_09 3511 1 1
cam_09 3075 1 2
cam_09 3106 1 1
cam_09 3018 1 1
cam_09 3415 1 1
cam_09 3033 1 1
cam_09 3028 1 1
cam_09 3075 1 1
cam_09 3048 1 1
cam_09 3093 1 2
cam_09 3033 1 1
cam_09 321 1 1
cam_09 3040 1 1
cam_09 3100 1 1
cam_09 3040 1 1
cam_09 3096 1 2
cam_09 3075 1 1
cam_09 3088 1 1
cam_09 3162 1 1
cam_09 3051 1 1
cam_09 3097 1 1
cam_09 3093 1 2
cam_09 3097 1 1
cam_09 288 1 1
cam_09 3055 1 1
cam_09 3174 1 1
cam_09 3198 1 4
cam_09 3072 1 1
cam_09 3118 1 1
cam_09 3100 1 2
cam_09 3111 1 2
cam_09 3142 1 1
cam_09 3097 1 2
cam_09 3138 1 1
cam_09 3127 1 1
cam_09 3286 1 1
cam_09 3151 1 1
cam_09 3393 1 2
cam_09 3126 1 1
cam_09 3127 1 1
cam_09 3186 1 1
cam_09 3103 1 1
cam_09 3244 1 2
cam_09 3192 1 1
cam_09 3345 1 1
cam_09 3238 1 1
cam_09 3133 1 1
cam_09 3234 1 1
cam_09 3220 1 1
cam_09 3188 1 1
cam_09 3225 1 1
cam_09 3216 1 1
cam_09 3255 1 1
cam_09 117 1 2
cam_09 3282 1 1
cam_09 3249 1 2
cam_09 3276 1 2
cam_09 3199 1 1
cam_09 3259 1 1
cam_09 3243 1 1
cam_09 3450 1 1
cam_09 3256 1 1
cam_09 3306 1 1
cam_09 3246 1 2
cam_09 3328 1 2
cam_09 3279 1 2
cam_09 3258 1 1
cam_09 3259 1 2
cam_09 3304 1 1
cam_09 3231 1 1
cam_09 3286 1 1
cam_09 3315 1 1
cam_09 3304 1 2
cam_09 3250 1 1
cam_09 3343 1 2
cam_09 3352 1 2
cam_09 3313 1 2
cam_09 3312 1 1
cam_09 3414 1 2
cam_09 3343 1 1
cam_09 3415 1 1
cam_09 3333 1 2
cam_09 306 1 1
cam_09 3351 1 2
cam_09 3364 1 2
cam_09 3295 1 1
cam_09 3307 1 1
cam_09 3354 1 2
cam_09 3340 1 1
cam_09 3376 1 1
cam_09 3351 1 1
cam_09 3456 1 1
cam_09 3358 1 1
cam_09 3352 1 1
cam_09 3474 1 1
cam_09 342 1 2
cam_09 3358 1 1
cam_09 3354 1 1
cam_09 3354 1 1
cam_09 58 1 1
cam_09 3367 1 1
cam_09 3344 1 1
cam_09 3403 1 2
cam_09 3408 1 1
cam_09 3409 1 2
cam_09 3385 1 1
cam_09 3343 1 1
cam_09 3681 1 1
cam_09 3373 1 1
cam_09 3340 1 1
cam_09 3361 1 1
cam_09 289 1 1
cam_09 3391 1 1
cam_09 3397 1 2
cam_09 3352 1 1
cam_09 3415 1 1
cam_09 3405 1 1
cam_09 3420 1 1
cam_09 3423 1 1
cam_09 3415 1 3
cam_09 3420 1 1
cam_09 3423 1 1
cam_09 3357 1 1
cam_09 3432 1 2
cam_09 3390 1 1
cam_09 3438 1 1
cam_09 3403 1 1
cam_09 3397 1 3
cam_09 3421 1 1
cam_09 3421 1 1
cam_09 3495 1 2
cam_09 339 1 2
cam_09 3396 1 1
cam_09 3513 1 1
cam_09 3432 1 1
cam_09 298 1 1
cam_09 3408 1 1
cam_09 3591 1 1
cam_09 3417 1 1
cam_09 3423 1 1
cam_09 3532 1 1
cam_09 3447 1 1
cam_09 3453 1 1
cam_09 3424 1 4
cam_09 3466 1 1
cam_09 3522 1 1
cam_09 3460 1 1
cam_09 3477 1 1
cam_09 3513 1 2
cam_09 3457 1 1
cam_09 352 1 1
cam_09 3676 1 1
cam_09 3484 1 1
cam_09 3463 1 1
cam_09 3558 1 2
cam_09 3516 1 1
cam_09 3487 1 1
cam_09 3529 1 2
cam_09 3486 1 1
cam_09 3676 1 1
cam_09 3492 1 1
cam_09 3465 1 1
cam_09 3591 1 1
cam_09 3552 1 1
cam_09 3615 1 2
cam_09 3594 1 1
cam_09 3619 1 3
cam_09 285 1 2
cam_09 3594 1 1
cam_09 3560 1 1
cam_09 3628 1 1
cam_09 3577 1 1
cam_09 3586 1 2
cam_09 3565 1 1
cam_09 3586 1 1
cam_09 342 1 1
cam_09 3577 1 1
cam_09 3516 1 2
cam_09 3552 1 1
cam_09 3636 1 2
cam_09 3582 1 2
cam_09 3558 1 2
cam_09 3580 1 1
cam_09 3625 1 1
cam_09 3634 1 2
cam_09 3577 1 1
cam_09 3591 1 1
cam_09 3669 1 1
cam_09 3579 1 1
cam_09 85 1 1
cam_09 3817 1 1
cam_09 3604 1 1
cam_09 3657 1 2
cam_09 3615 1 2
cam_09 3619 1 1
cam_09 3700 1 1
cam_09 3583 1 1
cam_09 306 1 1
cam_09 3646 1 1
cam_09 3712 1 1
cam_09 3613 1 1
cam_09 3655 1 2
cam_09 3582 1 1
cam_09 3676 1 1
cam_09 3586 1 1
cam_09 3690 1 1
cam_09 3684 1 2
cam_09 3874 1 1
cam_09 3723 1 1
cam_09 3714 1 1
cam_09 3729 1 2
cam_09 3684 1 1
cam_09 3666 1 1
cam_09 3999 1 1
cam_09 337 1 1
cam_09 3709 1 2
cam_09 394 1 1
cam_09 3676 1 2
cam_09 301 1 1
cam_09 3696 1 1
cam_09 3714 1 2
cam_09 3669 1 1
cam_09 3865 1 1
cam_09 3678 1 1
cam_09 3747 1 1
cam_09 318 1 1
cam_09 3688 1 1
cam_09 3732 1 1
cam_09 3720 1 1
cam_09 3724 1 1
cam_09 3738 1 2
cam_09 3715 1 1
cam_09 3709 1 1
cam_09 3733 1 1
cam_09 3708 1 1
cam_09 3751 1 2
cam_09 3793 1 1
cam_09 3709 1 2
cam_09 3705 1 1
cam_09 3708 1 1
cam_09 3717 1 1
cam_09 3753 1 1
cam_09 3729 1 1
cam_09 18 1 2
cam_09 3723 1 1
cam_09 303 1 1
cam_09 3816 1 1
cam_09 3790 1 1
cam_09 3777 1 2
cam_09 3753 1 1
cam_09 3730 1 1
cam_09 3735 1 2
cam_09 367 1 1
cam_09 3733 1 1
cam_09 3870 1 1
cam_09 3745 1 1
cam_09 301 1 1
cam_09 3760 1 1
cam_09 3841 1 1
cam_09 3738 1 2
cam_09 3760 1 1
cam_09 4048 1 1
cam_09 3768 1 1
cam_09 3765 1 1
cam_09 3772 1 1
cam_09 3945 1 1
cam_09 3958 1 1
cam_09 3760 1 1
cam_09 3852 1 1
cam_09 3853 1 1
cam_09 3786 1 1
cam_09 3780 1 1
cam_09 3790 1 1
cam_09 3814 1 1
cam_09 3801 1 1
cam_09 3807 1 1
cam_09 3825 1 1
cam_09 3801 1 1
cam_09 3837 1 2
cam_09 3868 1 1
cam_09 3828 1 1
cam_09 3805 1 1
cam_09 3940 1 2
cam_09 3853 1 1
cam_09 3924 1 2
cam_09 3832 1 1
cam_09 3864 1 1
cam_09 3861 1 2
cam_09 3828 1 1
cam_09 3852 1 1
cam_09 3894 1 1
cam_09 3837 1 1
cam_09 309 1 1
cam_09 3873 1 1
cam_09 3913 1 1
cam_09 3871 1 1
cam_09 3885 1 1
cam_09 3855 1 1
cam_09 3900 1 1
cam_09 3864 1 1
cam_09 3946 1 1
cam_09 4404 1 1
cam_09 3930 1 1
cam_09 3934 1 2
cam_09 324 1 1
cam_09 3973 1 2
cam_09 3892 1 1
cam_09 3919 1 2
cam_09 4156 1 1
cam_09 3963 1 1
cam_09 3972 1 1
cam_09 3937 1 2
cam_09 3961 1 1
cam_09 4036 1 1
cam_09 3901 1 1
cam_09 3943 1 1
cam_09 3994 1 1
cam_09 4014 1 1
cam_09 3904 1 2
cam_09 4035 1 3
cam_09 3939 1 2
cam_09 3985 1 1
cam_09 3933 1 1
cam_09 4056 1 1
cam_09 3970 1 1
cam_09 3981 1 1
cam_09 3987 1 2
cam_09 4000 1 1
cam_09 4011 1 1
cam_09 4045 1 1
cam_09 4002 1 2
cam_09 4036 1 1
cam_09 4050 1 1
cam_09 4030 1 1
cam_09 327 1 1
cam_09 4044 1 2
cam_09 4131 1 1
cam_09 4068 1 1
cam_09 4032 1 1
cam_09 4012 1 1
cam_09 4065 1 2
cam_09 4437 1 1
cam_09 4026 1 1
cam_09 4036 1 1
cam_09 4003 1 1
cam_09 4063 1 2
cam_09 4005 1 1
cam_09 4221 1 2
cam_09 4090 1 1
cam_09 348 1 1
cam_09 4042 1 1
cam_09 4077 1 1
cam_09 4092 1 2
cam_09 4060 1 2
cam_09 4078 1 1
cam_09 4047 1 1
cam_09 4059 1 1
cam_09 91 1 1
cam_09 4041 1 1
cam_09 4062 1 1
cam_09 4126 1 1
cam_09 4183 1 1
cam_09 4104 1 1
cam_09 4083 1 1
cam_09 4105 1 2
cam_09 4180 1 2
cam_09 4102 1 1
cam_09 4086 1 1
cam_09 4215 1 1
cam_09 4098 1 2
cam_09 346 1 1
cam_09 4129 1 1
cam_09 4170 1 2
cam_09 4161 1 1
cam_09 4093 1 1
cam_09 4110 1 1
cam_09 4171 1 2
cam_09 4138 1 1
cam_09 4350 1 1
cam_09 4137 1 1
cam_09 4143 1 1
cam_09 4131 1 1
cam_09 4177 1 2
cam_09 4186 1 1
cam_09 4180 1 1
cam_09 4487 1 1
cam_09 388 1 2
cam_09 4135 1 3
cam_09 4120 1 1
cam_09 342 1 1
cam_09 4173 1 1
cam_09 4276 1 2
cam_09 4165 1 1
cam_09 4234 1 2
cam_09 4144 1 1
cam_09 4200 1 3
cam_09 4218 1 2
cam_09 4201 1 1
cam_09 4363 1 1
cam_09 4288 1 1
cam_09 4212 1 2
cam_09 4201 1 2
cam_09 4294 1 1
cam_09 4254 1 1
cam_09 4179 1 1
cam_09 4477 1 1
cam_09 4251 1 1
cam_09 4225 1 1
cam_09 4353 1 2
cam_09 4198 1 1
cam_09 4246 1 1
cam_09 4251 1 1
cam_09 4245 1 2
cam_09 4290 1 2
cam_09 4309 1 2
cam_09 4192 1 1
cam_09 4215 1 1
cam_09 4285 1 1
cam_09 4287 1 1
cam_09 4204 1 1
cam_09 4294 1 1
cam_09 4284 1 1
cam_09 376 1 1
cam_09 4300 1 1
cam_09 4356 1 2
cam_09 382 1 1
cam_09 4285 1 1
cam_09 4219 1 1
cam_09 4237 1 1
cam_09 4246 1 1
cam_09 4296 1 1
cam_09 4225 1 1
cam_09 4401 1 2
cam_09 4225 1 1
cam_09 4329 1 1
cam_09 4467 1 1
cam_09 4323 1 1
cam_09 358 1 1
cam_09 4237 1 1
cam_09 4231 1 1
cam_09 4342 1 1
cam_09 4299 1 1
cam_09 4338 1 2
cam_09 4260 1 1
cam_09 4278 1 1
cam_09 4341 1 1
cam_09 4306 1 1
cam_09 4264 1 1
cam_09 4324 1 1
cam_09 4341 1 1
cam_09 4332 1 1
cam_09 4408 1 1
cam_09 4342 1 1
cam_09 4338 1 1
cam_09 4300 1 1
cam_09 363 1 1
cam_09 4299 1 1
cam_09 405 1 1
cam_09 417 1 2
cam_09 4387 1 1
cam_09 4348 1 1
cam_09 4383 1 2
cam_09 4378 1 1
cam_09 379 1 1
cam_09 4431 1 1
cam_09 4342 1 1
cam_09 4767 1 1
cam_09 4458 1 1
cam_09 394 1 1
cam_09 4368 1 1
cam_09 4428 1 1
cam_09 4546 1 2
cam_09 409 1 1
cam_09 4384 1 1
cam_09 4434 1 1
cam_09 4432 1 2
cam_09 4360 1 1
cam_09 4407 1 1
cam_09 4426 1 1
cam_09 5041 1 1
cam_09 4491 1 1
cam_09 4393 1 1
cam_09 447 1 2
cam_09 4468 1 2
cam_09 4461 1 1
cam_09 4483 1 2
cam_09 4462 1 1
cam_09 4417 1 1
cam_09 4569 1 1
cam_09 4501 1 1
cam_09 4456 1 1
cam_09 4489 1 1
cam_09 4482 1 1
cam_09 4474 1 1
cam_09 4494 1 1
cam_09 4719 1 1
cam_09 4492 1 1
cam_09 387 1 1
cam_09 4494 1 1
cam_09 4465 1 1
cam_09 4503 1 1
