cam_04 25 2 1
cam_04 91 2 4
cam_04 9649 2 2
cam_04 9663 2 1
cam_04 9631 2 1
cam_04 853 2 1
cam_04 9651 2 1
cam_04 9649 2 1
cam_04 9643 1 1
cam_04 9673 2 2
cam_04 9682 2 1
cam_04 9669 2 1
cam_04 9678 1 1
cam_04 9667 2 1
cam_04 9687 2 1
cam_04 9674 2 1
cam_04 9672 2 1
cam_04 9678 2 1
cam_04 9709 2 1
cam_04 9682 2 1
cam_04 9697 2 1
cam_04 9694 1 1
cam_04 9825 1 1
cam_04 9685 2 1
cam_04 9690 2 1
cam_04 867 1 1
cam_04 9703 2 1
cam_04 861 2 1
cam_04 9696 2 1
cam_04 9693 2 1
cam_04 9705 1 1
cam_04 9709 2 1
cam_04 9700 2 1
cam_04 9699 2 1
cam_04 9730 2 1
cam_04 9708 2 1
cam_04 9715 1 1
cam_04 9721 2 1
cam_04 9721 2 1
cam_04 9772 1 3
cam_04 9730 2 1
cam_04 9751 1 1
cam_04 876 2 1
cam_04 130 2 1
cam_04 9754 2 1
cam_04 9748 2 1
cam_04 9738 2 1
cam_04 9750 2 1
cam_04 9753 2 1
cam_04 9765 2 1
cam_04 9778 2 2
cam_04 873 2 1
cam_04 9754 2 1
cam_04 9771 2 1
cam_04 9775 2 1
cam_04 9751 2 1
cam_04 873 1 1
cam_04 9774 2 1
cam_04 9780 2 1
cam_04 9787 2 1
cam_04 9781 2 1
cam_04 882 1 1
cam_04 9792 2 1
cam_04 9790 2 1
cam_04 9796 2 1
cam_04 9810 2 2
cam_04 9808 2 1
cam_04 9808 2 1
cam_04 9810 2 1
cam_04 9816 2 1
cam_04 9829 2 1
cam_04 9828 2 1
cam_04 9828 2 1
cam_04 895 2 1
cam_04 9829 2 1
cam_04 9838 2 1
cam_04 9843 2 1
cam_04 9846 2 1
cam_04 9853 2 1
cam_04 9847 2 1
cam_04 9847 2 1
cam_04 9853 2 1
cam_04 9861 2 1
cam_04 9855 2 1
cam_04 9855 2 1
cam_04 9865 2 1
cam_04 9867 2 1
cam_04 9859 1 1
cam_04 9874 2 1
cam_04 9886 2 1
cam_04 9892 2 1
cam_04 894 2 1
cam_04 9886 2 1
cam_04 9894 2 1
cam_04 9903 1 1
cam_04 9901 2 1
cam_04 9889 2 1
cam_04 9883 2 1
cam_04 888 2 1
cam_04 9903 2 1
cam_04 9913 1 1
cam_04 9915 2 1
cam_04 9915 2 1
cam_04 9906 2 1
cam_04 882 2 1
cam_04 9889 2 1
cam_04 9916 2 1
cam_04 9916 2 1
cam_04 9910 2 1
cam_04 9931 2 1
cam_04 9928 2 1
cam_04 9925 2 1
cam_04 9946 2 1
cam_04 9937 2 1
cam_04 9952 1 1
cam_04 9961 2 1
cam_04 9945 2 1
cam_04 10038 2 1
cam_04 9966 2 1
cam_04 10096 2 1
cam_04 9954 1 1
cam_04 9993 1 1
cam_04 9970 2 1
cam_04 10005 2 1
cam_04 10009 2 1
cam_04 10023 2 1
cam_04 10005 1 1
cam_04 10020 2 1
cam_04 10042 2 1
cam_04 891 2 1
cam_04 10017 2 1
cam_04 10038 2 1
cam_04 10053 2 1
cam_04 10056 2 1
cam_04 10051 2 1
cam_04 10060 2 1
cam_04 10080 2 1
cam_04 10081 2 1
cam_04 10221 2 1
cam_04 10096 2 1
cam_04 919 2 1
cam_04 10071 2 1
cam_04 10102 2 1
cam_04 10093 2 1
cam_04 10134 2 1
cam_04 10167 2 1
cam_04 10149 2 1
cam_04 10243 1 2
cam_04 10203 2 1
cam_04 10208 2 1
cam_04 10248 2 2
cam_04 10231 2 1
cam_04 10240 2 1
cam_04 10248 2 1
cam_04 10255 2 1
cam_04 10245 1 1
cam_04 10255 2 1
cam_04 10258 2 1
cam_04 10273 2 1
cam_04 10266 2 1
cam_04 10276 2 1
cam_04 10282 2 1
cam_04 10288 2 1
cam_04 10293 2 1
cam_04 10306 2 1
cam_04 10303 2 1
cam_04 10314 2 1
cam_04 10303 2 1
cam_04 10321 2 1
cam_04 10299 2 1
cam_04 10315 2 1
cam_04 10338 2 1
cam_04 10321 2 1
cam_04 10348 2 1
cam_04 10434 1 1
cam_04 10339 2 1
cam_04 10351 2 1
cam_04 10365 2 1
cam_04 10360 2 1
cam_04 10384 2 1
cam_04 10383 1 1
cam_04 10482 2 1
cam_04 10381 2 1
cam_04 10395 2 1
cam_04 10402 2 1
cam_04 10387 2 1
cam_04 906 1 1
cam_04 10419 2 1
cam_04 898 2 1
cam_04 10436 2 1
cam_04 10453 2 1
cam_04 907 2 1
cam_04 10470 1 1
cam_04 10451 2 1
cam_04 10489 2 1
cam_04 10504 2 1
cam_04 10513 2 1
cam_04 10524 2 1
cam_04 10537 2 1
cam_04 10542 2 1
cam_04 10558 2 1
cam_04 10563 2 1
cam_04 10569 2 1
cam_04 10560 2 1
cam_04 10593 2 1
cam_04 10567 2 1
cam_04 10576 2 1
cam_04 10579 2 1
cam_04 10587 2 1
cam_04 10567 2 1
cam_04 922 1 1
cam_04 10594 2 1
cam_04 10572 2 1
cam_04 10593 2 1
cam_04 927 2 1
cam_04 10618 1 2
cam_04 10615 2 1
cam_04 10621 2 1
cam_04 10621 2 1
cam_04 10632 2 1
cam_04 10617 2 1
cam_04 10621 1 1
cam_04 10649 2 1
cam_04 10644 2 1
cam_04 10663 1 1
cam_04 10669 1 1
cam_04 10674 1 1
cam_04 10659 2 1
cam_04 10669 2 1
cam_04 10674 1 1
cam_04 10677 2 1
cam_04 10683 2 1
cam_04 10690 2 1
cam_04 10720 1 1
cam_04 10713 1 1
cam_04 10716 2 1
cam_04 10726 1 1
cam_04 936 2 1
cam_04 10713 2 1
cam_04 10717 2 1
cam_04 10732 2 1
cam_04 10762 1 2
cam_04 10731 2 1
cam_04 10770 2 2
cam_04 10746 2 1
cam_04 10773 1 2
cam_04 10764 2 1
cam_04 10771 2 1
cam_04 10771 2 1
cam_04 10780 2 1
cam_04 10791 1 2
cam_04 10813 1 3
cam_04 10777 1 1
cam_04 10777 1 1
cam_04 10776 2 1
cam_04 10795 2 1
cam_04 10791 1 1
cam_04 10794 1 1
cam_04 10804 2 1
cam_04 10866 1 2
cam_04 10809 2 1
cam_04 10828 2 1
cam_04 10828 2 1
cam_04 10816 2 1
cam_04 10837 2 1
cam_04 10840 2 1
cam_04 10842 1 1
cam_04 10849 2 1
cam_04 10825 2 1
cam_04 10837 2 1
cam_04 10890 2 2
cam_04 10842 1 3
cam_04 10863 2 1
cam_04 10864 2 1
cam_04 10881 1 2
cam_04 10884 2 1
cam_04 10892 2 1
cam_04 10896 1 2
cam_04 10911 1 2
cam_04 10882 1 1
cam_04 10938 1 2
cam_04 10926 2 2
cam_04 10893 1 1
cam_04 10926 2 1
cam_04 10921 2 1
cam_04 10926 1 1
cam_04 10941 2 1
cam_04 10927 2 1
cam_04 10939 2 1
cam_04 10948 2 1
cam_04 10953 1 1
cam_04 10963 2 4
cam_04 940 2 1
cam_04 10957 2 1
cam_04 10954 2 1
cam_04 10969 2 1
cam_04 10983 1 1
cam_04 10965 2 1
cam_04 10980 2 1
cam_04 10984 1 1
cam_04 10993 2 1
cam_04 11002 2 1
cam_04 11014 2 1
cam_04 11023 2 1
cam_04 11041 2 2
cam_04 11046 2 1
cam_04 11016 1 1
cam_04 11043 2 1
cam_04 11040 1 1
cam_04 11046 2 1
cam_04 11053 2 1
cam_04 11061 2 1
cam_04 11046 2 1
cam_04 1027 1 3
cam_04 11067 2 1
cam_04 11058 2 1
cam_04 11067 1 1
cam_04 11073 1 1
cam_04 11082 2 1
cam_04 11104 2 1
cam_04 11124 2 2
cam_04 11100 2 1
cam_04 11121 2 1
cam_04 11106 2 1
cam_04 11118 2 1
cam_04 11116 1 1
cam_04 973 2 1
cam_04 11139 2 1
cam_04 11145 2 1
cam_04 11136 1 1
cam_04 11145 1 1
cam_04 11196 1 1
cam_04 11196 2 1
cam_04 11230 1 1
cam_04 11250 1 2
cam_04 11278 1 4
cam_04 11242 2 1
cam_04 11250 2 1
cam_04 11260 2 1
cam_04 11286 2 1
cam_04 978 2 1
cam_04 11281 2 1
cam_04 11481 2 1
cam_04 993 2 1
cam_04 1066 1 2
cam_04 11335 2 1
cam_04 1047 1 2
cam_04 11335 2 1
cam_04 11365 2 2
cam_04 11370 1 1
cam_04 11350 2 1
cam_04 11359 2 1
cam_04 11365 2 1
cam_04 11365 2 1
cam_04 11374 2 1
cam_04 11377 2 1
cam_04 11385 2 1
cam_04 1053 2 1
cam_04 11388 2 1
cam_04 11385 2 1
cam_04 11367 2 1
cam_04 11380 2 1
cam_04 11403 2 1
cam_04 11398 2 1
cam_04 11424 2 2
cam_04 11406 1 1
cam_04 11410 2 1
cam_04 11411 2 1
cam_04 1033 2 1
cam_04 11419 2 1
cam_04 11418 2 1
cam_04 11434 2 1
cam_04 1021 2 1
cam_04 11559 2 1
cam_04 11431 2 1
cam_04 11421 2 1
cam_04 11431 2 1
cam_04 11434 2 1
cam_04 1047 2 1
cam_04 11455 2 1
cam_04 11440 2 1
cam_04 11442 2 1
cam_04 1044 1 1
cam_04 11463 2 1
cam_04 11451 2 1
cam_04 11456 2 1
cam_04 11467 2 1
cam_04 11476 2 1
cam_04 11467 2 1
cam_04 115 2 1
cam_04 1035 2 1
cam_04 11476 2 1
cam_04 11487 2 1
cam_04 11503 2 1
cam_04 11499 2 1
cam_04 11482 2 1
cam_04 11494 2 1
cam_04 11476 2 1
cam_04 11508 2 2
cam_04 11506 2 1
cam_04 1053 1 1
cam_04 11485 2 1
cam_04 11505 1 1
cam_04 11518 2 1
cam_04 11486 2 1
cam_04 1066 2 1
cam_04 11491 2 1
cam_04 11505 2 1
cam_04 11508 2 1
cam_04 1057 2 1
cam_04 11515 2 1
cam_04 1042 1 1
cam_04 11508 2 1
cam_04 11508 2 1
cam_04 11524 2 1
cam_04 11515 2 1
cam_04 11508 2 1
cam_04 11532 2 1
cam_04 11521 2 1
cam_04 1063 2 1
cam_04 11538 2 1
cam_04 11536 2 1
cam_04 1054 2 1
cam_04 11517 2 1
cam_04 11557 2 1
cam_04 11546 2 1
cam_04 11559 2 1
cam_04 11550 1 1
cam_04 11578 2 2
cam_04 11575 2 1
cam_04 11566 2 1
cam_04 11581 2 1
cam_04 11589 2 1
cam_04 11592 2 1
cam_04 1069 2 1
cam_04 11589 1 1
cam_04 11580 1 1
cam_04 11614 2 2
cam_04 11625 1 2
cam_04 11632 2 2
cam_04 11666 2 1
cam_04 11598 1 1
cam_04 11613 2 1
cam_04 11662 2 1
cam_04 11653 1 2
cam_04 1063 2 1
cam_04 11635 2 1
cam_04 11632 2 1
cam_04 11677 1 2
cam_04 11647 1 1
cam_04 11643 2 1
cam_04 11647 1 1
cam_04 1080 2 1
cam_04 11646 2 1
cam_04 11662 2 1
cam_04 11662 2 1
cam_04 11646 2 1
cam_04 11655 1 1
cam_04 11670 2 1
cam_04 1069 2 1
cam_04 11668 2 1
cam_04 11673 2 1
cam_04 11677 2 1
cam_04 11692 2 1
cam_04 11688 2 1
cam_04 11709 2 1
cam_04 11674 2 1
cam_04 11670 2 1
cam_04 1086 1 1
cam_04 11704 2 1
cam_04 11697 2 1
cam_04 11697 2 1
cam_04 11712 2 1
cam_04 11734 2 1
cam_04 11754 2 1
cam_04 1095 1 1
cam_04 11748 1 1
cam_04 11751 2 1
cam_04 11769 2 1
cam_04 11760 2 1
cam_04 11757 1 1
cam_04 1075 2 1
cam_04 11773 1 1
cam_04 11787 2 1
cam_04 11791 2 1
cam_04 11790 2 1
cam_04 11790 1 1
cam_04 11800 2 1
cam_04 11827 2 2
cam_04 11818 2 1
cam_04 11818 2 1
cam_04 11795 2 1
cam_04 11841 2 1
cam_04 11815 2 1
cam_04 11821 2 1
cam_04 11836 2 1
cam_04 11853 2 1
cam_04 11844 1 1
cam_04 11847 1 1
cam_04 11854 2 1
cam_04 11868 1 1
cam_04 11871 2 1
cam_04 1099 2 1
cam_04 11872 2 1
cam_04 141 2 1
cam_04 11877 2 1
cam_04 11868 2 1
cam_04 11881 2 1
cam_04 11898 1 1
cam_04 11898 1 1
cam_04 11902 2 1
cam_04 11917 2 2
cam_04 11913 2 1
cam_04 11910 2 1
cam_04 1101 2 1
cam_04 11925 2 1
cam_04 11925 2 1
cam_04 11919 2 1
cam_04 11926 2 1
cam_04 11946 2 1
cam_04 11931 2 1
cam_04 11949 2 1
cam_04 11943 1 1
cam_04 11953 2 1
cam_04 11964 2 1
cam_04 11970 2 1
cam_04 11967 1 1
cam_04 12001 2 2
cam_04 11995 2 1
cam_04 11989 2 1
cam_04 11982 1 1
cam_04 11997 2 1
cam_04 1131 1 2
cam_04 11986 2 1
cam_04 12009 2 1
cam_04 1108 1 1
cam_04 12001 2 1
cam_04 12001 2 1
cam_04 1133 2 1
cam_04 12019 2 1
cam_04 12009 2 1
cam_04 12012 2 1
cam_04 12016 2 1
cam_04 11998 2 1
cam_04 12013 2 1
cam_04 12024 2 1
cam_04 12054 2 1
cam_04 12033 2 1
cam_04 12044 2 1
cam_04 12051 2 1
cam_04 150 2 1
cam_04 12042 2 1
cam_04 12064 2 1
cam_04 12083 2 1
cam_04 12057 2 1
cam_04 12049 2 1
cam_04 12049 2 1
cam_04 12067 2 1
cam_04 12063 2 1
cam_04 12067 1 1
cam_04 12061 2 1
cam_04 12069 2 1
cam_04 12073 1 1
cam_04 12153 2 1
cam_04 12076 2 1
cam_04 12087 2 1
cam_04 12090 2 1
cam_04 12085 2 1
cam_04 12102 2 1
cam_04 12093 1 1
cam_04 12102 2 1
cam_04 12112 2 1
cam_04 1150 2 1
cam_04 12105 2 1
cam_04 12103 2 1
cam_04 12118 2 1
cam_04 132 1 1
cam_04 1129 2 1
cam_04 12117 2 1
cam_04 12123 2 1
cam_04 12156 1 2
cam_04 12160 2 1
cam_04 1138 1 1
cam_04 12135 2 1
cam_04 12135 1 1
cam_04 12160 2 1
cam_04 12136 2 1
cam_04 12135 2 1
cam_04 12129 2 1
cam_04 12159 2 1
cam_04 1155 2 1
cam_04 12160 2 1
cam_04 1161 2 1
cam_04 12211 1 3
cam_04 12171 1 1
cam_04 12240 2 3
cam_04 12190 2 1
cam_04 1170 2 1
cam_04 12253 2 1
cam_04 12231 2 1
cam_04 12222 1 1
cam_04 1191 2 1
cam_04 12250 2 1
cam_04 12297 2 1
cam_04 12295 1 1
cam_04 12313 2 1
cam_04 12321 2 1
cam_04 12331 2 2
cam_04 12346 2 1
cam_04 12343 2 1
cam_04 12342 2 1
cam_04 12366 2 1
cam_04 12328 2 1
cam_04 12358 2 1
cam_04 12367 2 1
cam_04 12363 2 1
cam_04 12387 2 1
cam_04 12346 1 4
cam_04 12391 2 1
cam_04 12415 1 2
cam_04 12430 2 1
cam_04 1186 1 1
cam_04 12474 2 1
cam_04 12523 2 3
cam_04 12490 2 1
cam_04 12502 2 1
cam_04 12507 2 1
cam_04 12508 2 1
cam_04 12502 2 1
cam_04 12522 2 1
cam_04 12523 2 1
cam_04 12517 2 1
cam_04 12538 2 2
cam_04 12541 2 1
cam_04 12535 2 1
cam_04 12538 2 1
cam_04 12540 2 1
cam_04 12543 2 1
cam_04 12552 2 1
cam_04 12552 2 1
cam_04 12576 2 1
cam_04 12561 2 1
cam_04 12550 2 1
cam_04 12568 2 1
cam_04 12553 2 1
cam_04 12565 2 1
cam_04 12570 2 1
cam_04 12571 2 1
cam_04 12574 2 1
cam_04 12585 2 1
cam_04 12613 2 1
cam_04 12591 1 1
cam_04 12597 2 1
cam_04 12600 2 1
cam_04 12606 2 1
cam_04 1165 2 1
cam_04 12612 2 1
cam_04 12615 2 1
cam_04 12646 1 4
cam_04 1194 2 1
cam_04 12615 2 1
cam_04 12615 2 1
cam_04 12625 2 1
cam_04 12663 2 2
cam_04 12613 2 1
cam_04 12636 1 1
cam_04 12648 2 1
cam_04 12628 2 1
cam_04 12616 2 1
cam_04 12645 2 1
cam_04 12657 1 1
cam_04 12654 1 1
cam_04 12663 1 1
cam_04 12670 2 1
cam_04 12664 2 1
cam_04 12655 2 1
cam_04 12676 2 1
cam_04 12663 2 1
cam_04 12673 2 1
cam_04 12691 2 1
cam_04 12682 2 1
cam_04 12688 2 1
cam_04 12694 2 1
cam_04 12699 1 1
cam_04 12706 2 1
cam_04 12708 2 1
cam_04 12711 1 1
cam_04 1200 1 1
cam_04 12720 1 1
cam_04 12709 2 1
cam_04 12720 2 1
cam_04 12730 2 1
cam_04 12745 2 1
cam_04 12747 1 1
cam_04 12756 1 1
cam_04 12750 2 1
cam_04 12750 2 1
cam_04 12765 2 1
cam_04 12769 2 1
cam_04 1221 2 1
cam_04 12777 2 1
cam_04 12783 2 1
cam_04 153 2 1
cam_04 12804 2 1
cam_04 12778 2 1
cam_04 12810 2 1
cam_04 12799 2 1
cam_04 12787 2 1
cam_04 12784 2 1
cam_04 12783 1 1
cam_04 12808 2 1
cam_04 12802 2 1
cam_04 12820 2 1
cam_04 12810 2 1
cam_04 1246 2 1
cam_04 12817 2 1
cam_04 12834 2 1
cam_04 12820 2 1
cam_04 12831 2 1
cam_04 12844 2 1
cam_04 12831 1 1
cam_04 12838 1 1
cam_04 12859 2 1
cam_04 12852 2 1
cam_04 12831 2 1
cam_04 12846 1 1
cam_04 1228 2 1
cam_04 12901 1 1
cam_04 12861 2 1
cam_04 12837 2 1
cam_04 12868 2 1
cam_04 12852 1 1
cam_04 12885 1 3
cam_04 12864 2 1
cam_04 12859 2 1
cam_04 12892 2 2
cam_04 12880 2 1
cam_04 12885 2 1
cam_04 12880 2 1
cam_04 12900 2 1
cam_04 12897 2 1
cam_04 12898 1 1
cam_04 1242 2 1
cam_04 12891 2 1
cam_04 12921 2 2
cam_04 12907 2 1
cam_04 12906 1 1
cam_04 12898 2 1
cam_04 12919 2 1
cam_04 12901 2 1
cam_04 12904 2 1
cam_04 12912 2 1
cam_04 12922 2 1
cam_04 12922 2 1
cam_04 12942 2 1
cam_04 12914 2 1
cam_04 12924 2 1
cam_04 12940 2 1
cam_04 12925 2 1
cam_04 12922 2 1
cam_04 12943 2 1
cam_04 12949 2 1
cam_04 12937 2 1
cam_04 12940 2 1
cam_04 1261 2 1
cam_04 12969 2 1
cam_04 12946 2 1
cam_04 12954 2 1
cam_04 12960 2 1
cam_04 12969 2 1
cam_04 1230 2 1
cam_04 13000 2 1
cam_04 12981 2 1
cam_04 12985 2 1
cam_04 12981 1 1
cam_04 12984 2 1
cam_04 12991 2 1
cam_04 13027 2 1
cam_04 13000 2 1
cam_04 13051 1 2
cam_04 13026 1 1
cam_04 13059 2 1
cam_04 1237 2 1
cam_04 13066 2 1
cam_04 13066 2 1
cam_04 13090 2 2
cam_04 13075 2 1
cam_04 13078 2 1
cam_04 13095 2 1
cam_04 13086 2 1
cam_04 13099 2 1
cam_04 13134 2 1
cam_04 13116 2 1
cam_04 13120 2 1
cam_04 13126 2 1
cam_04 13135 2 1
cam_04 13167 2 1
cam_04 13150 2 1
cam_04 13242 2 1
cam_04 13347 2 1
cam_04 13167 2 1
cam_04 13165 2 1
cam_04 13168 2 1
cam_04 13189 2 2
cam_04 13201 2 1
cam_04 13242 2 1
cam_04 13240 2 1
cam_04 13223 2 1
cam_04 13258 2 1
cam_04 13270 1 1
cam_04 13278 2 1
cam_04 13297 2 1
cam_04 13335 1 2
cam_04 13500 2 1
cam_04 13335 1 1
cam_04 168 2 1
cam_04 13426 2 1
cam_04 13408 2 4
cam_04 13405 2 1
cam_04 13383 1 1
cam_04 13384 2 1
cam_04 13407 2 1
cam_04 13404 2 1
cam_04 13407 2 1
cam_04 13405 2 2
cam_04 13428 2 1
cam_04 13400 2 1
cam_04 13411 2 1
cam_04 13417 2 1
cam_04 13422 2 1
cam_04 13425 2 1
cam_04 13440 2 1
cam_04 13429 2 1
cam_04 13438 2 1
cam_04 13437 2 1
cam_04 13443 2 1
cam_04 13459 2 1
cam_04 13446 1 1
cam_04 13449 2 1
cam_04 13449 2 1
cam_04 13462 2 1
cam_04 13464 2 1
cam_04 13474 2 1
cam_04 13500 2 2
cam_04 13491 1 1
cam_04 13500 2 1
cam_04 13494 1 1
cam_04 13498 2 1
cam_04 13500 2 1
cam_04 1306 2 1
cam_04 13500 2 1
cam_04 13500 2 1
cam_04 1282 2 1
cam_04 1290 1 1
cam_04 43 2 1
cam_04 1296 1 1
cam_04 1294 2 1
cam_04 1285 2 1
cam_04 1302 2 1
cam_04 1312 2 1
cam_04 1306 2 1
cam_04 184 2 1
cam_04 1341 2 2
cam_04 1339 1 2
cam_04 1332 2 1
cam_04 1317 2 1
cam_04 1329 2 1
cam_04 1348 2 1
cam_04 153 2 1
cam_04 1315 2 1
cam_04 1339 2 1
cam_04 1339 2 1
cam_04 1344 2 1
cam_04 1330 2 1
cam_04 1357 2 1
cam_04 1350 2 1
cam_04 166 2 1
cam_04 1365 1 1
cam_04 1360 2 1
cam_04 1369 2 1
cam_04 181 2 1
cam_04 1371 2 1
cam_04 1366 2 1
cam_04 1371 2 1
cam_04 1381 2 1
cam_04 1374 2 1
cam_04 1399 2 1
cam_04 183 2 1
cam_04 1387 1 1
cam_04 178 1 1
cam_04 1404 2 1
cam_04 40 2 1
cam_04 1392 2 1
cam_04 1398 2 1
cam_04 1405 1 1
cam_04 1398 2 1
cam_04 1386 2 1
cam_04 1408 2 1
cam_04 1423 2 1
cam_04 1411 2 1
cam_04 195 1 1
cam_04 1438 2 1
cam_04 1438 2 1
cam_04 1437 1 1
cam_04 1492 2 1
cam_04 189 2 1
cam_04 1476 2 1
cam_04 1605 2 1
cam_04 201 1 1
cam_04 1611 1 1
cam_04 1470 2 1
cam_04 1477 2 1
cam_04 1476 2 1
cam_04 1483 2 1
cam_04 1474 1 1
cam_04 1477 2 1
cam_04 1500 2 1
cam_04 1494 2 1
cam_04 1501 2 1
cam_04 1503 2 1
cam_04 1507 2 1
cam_04 1512 2 1
cam_04 1510 2 1
cam_04 1512 1 1
cam_04 1519 1 1
cam_04 1525 2 1
cam_04 214 2 1
cam_04 1519 2 1
cam_04 1518 2 1
cam_04 1626 2 1
cam_04 1531 2 1
cam_04 1548 2 1
cam_04 1531 2 1
cam_04 1540 2 1
cam_04 1560 1 1
cam_04 1548 1 1
cam_04 1605 1 2
cam_04 1573 2 1
cam_04 1570 2 1
cam_04 1564 1 1
cam_04 1587 2 1
cam_04 1579 1 1
cam_04 1579 2 1
cam_04 1594 2 1
cam_04 1621 2 1
cam_04 1630 2 1
cam_04 1605 1 1
cam_04 1621 2 1
cam_04 1633 2 1
cam_04 230 2 1
cam_04 1687 2 1
cam_04 1716 2 1
cam_04 1738 2 1
cam_04 1732 2 1
cam_04 213 2 1
cam_04 1773 1 2
cam_04 201 2 1
cam_04 1780 2 1
cam_04 27 1 1
cam_04 1785 2 1
cam_04 1803 1 1
cam_04 1834 2 1
cam_04 1846 2 1
cam_04 223 1 1
cam_04 1867 2 1
cam_04 1863 1 1
cam_04 39 2 1
cam_04 1885 2 1
cam_04 1896 2 1
cam_04 1921 2 2
cam_04 1957 1 2
cam_04 1897 2 1
cam_04 1989 2 1
cam_04 1911 2 1
cam_04 1899 2 1
cam_04 1912 2 1
cam_04 1918 2 1
cam_04 1932 1 1
cam_04 1936 2 1
cam_04 1941 2 1
cam_04 1984 1 1
cam_04 1921 2 1
cam_04 1968 2 2
cam_04 1971 2 1
cam_04 1956 1 1
cam_04 2005 2 2
cam_04 1963 2 1
cam_04 1981 2 1
cam_04 1963 1 1
cam_04 1974 2 1
cam_04 1992 2 1
cam_04 1956 2 1
cam_04 1987 1 1
cam_04 1990 2 1
cam_04 2004 2 1
cam_04 1993 2 1
cam_04 2007 2 1
cam_04 2005 1 1
cam_04 1981 1 1
cam_04 2001 2 1
cam_04 1995 2 1
cam_04 1993 2 1
cam_04 2008 2 1
cam_04 2004 1 1
cam_04 2017 2 1
cam_04 2010 2 1
cam_04 2022 1 1
cam_04 2019 2 1
cam_04 2032 2 1
cam_04 247 2 1
cam_04 2037 2 1
cam_04 2230 2 1
cam_04 259 2 2
cam_04 2046 1 1
cam_04 2098 2 1
cam_04 2079 2 1
cam_04 2085 2 1
cam_04 2094 2 1
cam_04 2109 2 1
cam_04 2101 2 1
cam_04 2104 2 1
cam_04 2116 2 1
cam_04 2131 2 1
cam_04 2131 2 1
cam_04 2128 2 1
cam_04 2146 2 1
cam_04 2167 2 1
cam_04 2142 2 1
cam_04 2157 2 1
cam_04 2146 2 1
cam_04 2329 2 1
cam_04 246 1 1
cam_04 2163 1 1
cam_04 2178 2 1
cam_04 63 2 1
cam_04 2200 2 1
cam_04 237 2 1
cam_04 2181 2 1
cam_04 2193 2 1
cam_04 2206 2 1
cam_04 2224 2 1
cam_04 223 2 1
cam_04 2244 2 2
cam_04 2210 2 1
cam_04 2227 2 1
cam_04 2229 2 1
cam_04 2242 2 1
cam_04 2245 2 1
cam_04 2254 2 1
cam_04 2262 1 1
cam_04 2254 2 1
cam_04 2260 2 1
cam_04 2280 1 1
cam_04 2259 1 1
cam_04 2274 2 1
cam_04 2275 2 1
cam_04 2268 1 1
cam_04 2289 2 1
cam_04 2286 2 1
cam_04 240 2 1
cam_04 2301 1 1
cam_04 2299 2 1
cam_04 2296 2 1
cam_04 261 2 1
cam_04 2290 2 1
cam_04 2320 2 1
cam_04 2316 2 1
cam_04 2295 2 1
cam_04 2305 2 1
cam_04 2341 2 1
cam_04 2305 2 1
cam_04 2325 1 1
cam_04 2344 2 1
cam_04 2362 2 2
cam_04 2359 2 1
cam_04 2364 2 1
cam_04 2365 2 1
cam_04 250 2 1
cam_04 2365 2 1
cam_04 2383 2 1
cam_04 2392 2 1
cam_04 2391 2 1
cam_04 2416 2 1
cam_04 2404 2 1
cam_04 2418 2 1
cam_04 2431 2 1
cam_04 2507 2 1
cam_04 2443 2 1
cam_04 2451 2 1
cam_04 2467 2 1
cam_04 2466 2 1
cam_04 2484 2 1
cam_04 76 2 1
cam_04 2454 2 1
cam_04 2470 2 1
cam_04 2470 2 1
cam_04 2464 2 1
cam_04 2484 2 1
cam_04 2472 2 1
cam_04 2472 2 1
cam_04 259 2 1
cam_04 2491 2 1
cam_04 2473 2 1
cam_04 2484 2 1
cam_04 2500 2 1
cam_04 2509 2 1
cam_04 2523 2 1
cam_04 2507 2 1
cam_04 2504 2 1
cam_04 2553 2 4
cam_04 2545 2 1
cam_04 2535 2 1
cam_04 2551 2 1
cam_04 255 1 1
cam_04 2550 2 1
cam_04 2592 1 2
cam_04 2586 2 1
cam_04 2553 2 1
cam_04 2584 2 1
cam_04 2553 1 1
cam_04 2623 1 2
cam_04 2580 2 1
cam_04 2616 2 1
cam_04 2629 2 1
cam_04 261 2 1
cam_04 2643 1 4
cam_04 2652 1 4
cam_04 2646 2 1
cam_04 2683 1 2
cam_04 2667 2 1
cam_04 2670 2 1
cam_04 273 2 1
cam_04 2665 2 1
cam_04 2685 2 1
cam_04 2674 2 1
cam_04 265 2 1
cam_04 2695 2 1
cam_04 2700 2 1
cam_04 268 2 1
cam_04 2703 2 1
cam_04 2704 2 1
cam_04 2728 1 2
cam_04 2715 2 1
cam_04 2689 1 1
cam_04 2718 2 1
cam_04 2730 2 1
cam_04 270 2 1
cam_04 2730 2 1
cam_04 2715 1 1
cam_04 2746 2 1
cam_04 2755 2 1
cam_04 2745 2 1
cam_04 2776 2 1
cam_04 288 2 1
cam_04 2767 2 1
cam_04 37 2 1
cam_04 2781 2 2
cam_04 2764 2 1
cam_04 2748 1 1
cam_04 2776 2 1
cam_04 289 2 1
cam_04 2776 2 1
cam_04 2790 2 1
cam_04 2809 2 1
cam_04 2799 2 1
cam_04 2797 2 1
cam_04 2805 2 1
cam_04 2815 2 1
cam_04 289 2 1
cam_04 3046 1 1
cam_04 2818 2 1
cam_04 2820 2 1
cam_04 2808 2 1
cam_04 2833 2 1
cam_04 2866 2 1
cam_04 2839 2 1
cam_04 2844 1 1
cam_04 300 1 1
cam_04 2853 2 1
cam_04 2835 2 1
cam_04 2833 2 1
cam_04 2841 2 1
cam_04 2856 2 1
cam_04 2871 2 1
cam_04 2862 1 1
cam_04 2898 2 1
cam_04 2874 2 1
cam_04 2901 1 2
cam_04 2889 2 1
cam_04 303 2 1
cam_04 2889 1 1
cam_04 2914 2 1
cam_04 2883 1 1
cam_04 2902 2 1
cam_04 2922 2 1
cam_04 2905 1 1
cam_04 2916 1 1
cam_04 2932 1 1
cam_04 319 2 1
cam_04 2946 1 1
cam_04 2949 2 1
cam_04 315 2 1
cam_04 315 1 1
cam_04 2964 1 1
cam_04 2983 1 1
cam_04 318 1 1
cam_04 2997 2 1
cam_04 3004 2 1
cam_04 3006 2 1
cam_04 3009 2 1
cam_04 3018 2 1
cam_04 3025 2 1
cam_04 3028 2 1
cam_04 3087 1 2
cam_04 336 2 1
cam_04 3060 2 1
cam_04 3069 1 1
cam_04 3090 2 1
cam_04 3087 2 1
cam_04 324 2 1
cam_04 3103 2 1
cam_04 3090 2 1
cam_04 3139 2 1
cam_04 3130 2 1
cam_04 375 1 4
cam_04 3183 2 1
cam_04 3193 2 2
cam_04 334 2 1
cam_04 3187 2 1
cam_04 3180 2 1
cam_04 3178 2 1
cam_04 3211 2 2
cam_04 322 1 1
cam_04 3201 2 2
cam_04 3192 2 1
cam_04 3198 2 1
cam_04 3223 2 2
cam_04 3204 2 1
cam_04 3204 2 1
cam_04 3213 2 1
cam_04 3222 2 1
cam_04 3342 1 1
cam_04 3228 1 1
cam_04 3220 2 1
cam_04 3216 2 1
cam_04 3238 1 1
cam_04 336 2 1
cam_04 3264 2 1
cam_04 3249 2 1
cam_04 3268 2 1
cam_04 331 2 1
cam_04 3273 2 1
cam_04 3331 1 4
cam_04 3274 2 1
cam_04 3298 2 1
cam_04 3280 2 1
cam_04 3291 1 1
cam_04 3292 2 1
cam_04 3285 2 1
cam_04 3297 2 1
cam_04 3291 2 1
cam_04 3309 2 1
cam_04 3343 2 1
cam_04 3321 2 1
cam_04 3316 2 1
cam_04 3310 2 1
cam_04 342 2 1
cam_04 3319 2 1
cam_04 3349 2 1
cam_04 3321 2 1
cam_04 3333 2 1
cam_04 3339 2 1
cam_04 3319 2 1
cam_04 3325 2 1
cam_04 3342 2 1
cam_04 3345 1 1
cam_04 3343 2 1
cam_04 3363 2 1
cam_04 3403 2 1
cam_04 3364 2 1
cam_04 3376 2 1
cam_04 330 2 1
cam_04 3537 1 4
cam_04 3373 2 1
cam_04 3382 2 1
cam_04 3405 1 1
cam_04 3723 2 1
cam_04 3399 2 1
cam_04 3406 2 1
cam_04 3448 1 4
cam_04 3420 2 1
cam_04 3430 2 1
cam_04 3417 2 1
cam_04 3426 2 1
cam_04 3424 2 1
cam_04 3462 1 4
cam_04 3445 2 2
cam_04 3442 2 1
cam_04 3444 2 1
cam_04 3447 2 1
cam_04 3445 2 1
cam_04 340 2 1
cam_04 3447 2 1
cam_04 3451 2 1
cam_04 3457 2 1
cam_04 3450 1 1
cam_04 3468 2 1
cam_04 3472 2 1
cam_04 3460 2 1
cam_04 351 2 1
cam_04 3480 2 1
cam_04 3471 1 1
cam_04 3475 2 1
cam_04 3469 1 1
cam_04 3492 2 1
cam_04 3496 2 1
cam_04 3489 1 1
cam_04 3501 1 1
cam_04 3501 2 1
cam_04 3504 2 1
cam_04 3514 2 1
cam_04 351 1 1
cam_04 3516 2 1
cam_04 3690 1 1
cam_04 3541 2 1
cam_04 340 2 1
cam_04 3531 2 1
cam_04 3523 2 1
cam_04 3547 2 1
cam_04 3544 2 1
cam_04 3569 1 3
cam_04 3561 2 1
cam_04 3597 1 2
cam_04 3573 2 1
cam_04 3586 2 1
cam_04 3574 2 1
cam_04 3574 2 1
cam_04 3569 2 1
cam_04 3585 1 1
cam_04 3574 1 1
cam_04 3597 2 1
cam_04 3619 1 2
cam_04 3579 1 1
cam_04 3595 2 1
cam_04 3618 2 1
cam_04 3600 1 1
cam_04 3645 1 2
cam_04 3594 1 1
cam_04 343 1 1
cam_04 3610 2 1
cam_04 3640 2 1
cam_04 3667 1 2
cam_04 3637 2 1
cam_04 3639 1 1
cam_04 342 2 1
cam_04 3649 1 1
cam_04 3670 2 1
cam_04 3672 2 1
cam_04 93 2 1
cam_04 3684 1 1
cam_04 3690 2 1
cam_04 3688 2 1
cam_04 372 2 1
cam_04 3733 1 2
cam_04 3699 1 1
cam_04 3694 1 1
cam_04 3706 1 1
cam_04 3688 1 1
cam_04 3756 1 4
cam_04 3717 2 1
cam_04 3705 2 1
cam_04 3711 2 1
cam_04 3729 2 1
cam_04 3721 2 1
cam_04 3729 2 1
cam_04 3717 1 1
cam_04 3742 2 1
cam_04 3775 1 2
cam_04 340 2 1
cam_04 3751 2 1
cam_04 3769 2 1
cam_04 3792 2 1
cam_04 3784 2 1
cam_04 3771 1 1
cam_04 3802 2 1
cam_04 3804 2 1
cam_04 3786 1 1
cam_04 3802 1 1
cam_04 3799 2 1
cam_04 3814 2 1
cam_04 3816 2 1
cam_04 3817 2 1
cam_04 3826 2 1
cam_04 3828 1 1
cam_04 3838 1 1
cam_04 3831 2 1
cam_04 3838 2 1
cam_04 3946 2 1
cam_04 346 2 1
cam_04 3850 2 1
cam_04 3850 2 1
cam_04 355 2 1
cam_04 3868 2 1
cam_04 352 1 1
cam_04 3874 2 1
cam_04 3868 2 1
cam_04 3873 2 1
cam_04 3928 1 2
cam_04 3891 1 1
cam_04 3883 2 1
cam_04 382 1 1
cam_04 3881 2 1
cam_04 3904 2 1
cam_04 3897 2 1
cam_04 3897 1 1
cam_04 3907 2 1
cam_04 3877 2 1
cam_04 3879 2 1
cam_04 3880 2 1
cam_04 355 2 1
cam_04 3882 2 1
cam_04 3922 2 1
cam_04 3967 1 4
cam_04 361 2 1
cam_04 3948 2 1
cam_04 3930 1 1
cam_04 3954 2 1
cam_04 385 2 1
cam_04 3958 2 1
cam_04 3954 2 1
cam_04 3985 2 1
cam_04 3996 1 4
cam_04 487 1 1
cam_04 3981 2 1
cam_04 4006 2 1
cam_04 4072 1 1
cam_04 3979 1 1
cam_04 3999 1 1
cam_04 373 2 1
cam_04 4008 1 1
cam_04 4027 1 1
cam_04 4023 2 1
cam_04 4021 1 1
cam_04 4020 1 1
cam_04 4039 1 1
cam_04 4053 1 1
cam_04 4065 2 1
cam_04 4029 1 1
cam_04 4080 2 1
cam_04 4080 2 1
cam_04 57 1 1
cam_04 4092 2 1
cam_04 4075 1 1
cam_04 4080 2 1
cam_04 4060 2 1
cam_04 4096 2 1
cam_04 4128 2 1
cam_04 4111 2 1
cam_04 4116 2 1
cam_04 4119 2 1
cam_04 4138 2 1
cam_04 4170 2 1
cam_04 4123 1 1
cam_04 4140 2 1
cam_04 4168 2 1
cam_04 4146 2 1
cam_04 4161 2 1
cam_04 399 2 1
cam_04 4173 1 1
cam_04 4251 2 1
cam_04 4216 2 1
cam_04 4215 2 1
cam_04 4230 2 1
cam_04 4233 2 1
cam_04 4261 2 1
cam_04 4231 2 1
cam_04 4252 1 1
cam_04 4288 2 1
cam_04 4284 1 1
cam_04 4293 1 1
cam_04 4314 1 1
cam_04 4318 1 1
cam_04 4333 2 1
cam_04 408 2 1
cam_04 4338 2 1
cam_04 4362 2 1
cam_04 4354 2 1
cam_04 4356 2 1
cam_04 4363 2 1
cam_04 4363 2 1
cam_04 4383 2 2
cam_04 402 1 1
cam_04 4363 2 1
cam_04 4366 2 1
cam_04 4378 2 1
cam_04 4377 2 1
cam_04 4369 2 1
cam_04 4386 2 1
cam_04 79 2 1
cam_04 4372 2 1
cam_04 4383 2 1
cam_04 4396 2 1
cam_04 4392 2 1
cam_04 4413 2 1
cam_04 4403 2 1
cam_04 4414 2 1
cam_04 4414 2 1
cam_04 4432 2 1
cam_04 4407 1 1
cam_04 4423 2 1
cam_04 420 2 1
cam_04 4425 2 1
cam_04 4435 2 1
cam_04 4446 2 1
cam_04 4431 2 1
cam_04 4452 2 1
cam_04 4459 2 1
cam_04 4473 2 1
cam_04 4494 1 2
cam_04 4477 2 1
cam_04 4452 2 1
cam_04 4473 2 1
cam_04 394 1 1
cam_04 4480 2 1
cam_04 4468 1 1
cam_04 424 2 1
cam_04 4518 2 1
cam_04 4503 1 1
cam_04 411 2 1
cam_04 4528 2 1
cam_04 4512 2 1
cam_04 4534 1 1
cam_04 4525 2 1
cam_04 4581 1 1
cam_04 4603 2 1
cam_04 4602 2 1
cam_04 4619 2 1
cam_04 4623 2 1
cam_04 4588 2 1
cam_04 4605 1 1
cam_04 4609 2 1
cam_04 4621 1 1
cam_04 4639 2 1
cam_04 4650 2 1
cam_04 4627 2 1
cam_04 4821 2 1
cam_04 4621 2 1
cam_04 4632 1 1
cam_04 4641 1 1
cam_04 4786 2 1
cam_04 4686 1 1
cam_04 4725 1 2
cam_04 4743 1 2
cam_04 4701 2 1
cam_04 4707 2 1
cam_04 4716 2 1
cam_04 4722 2 1
cam_04 4773 2 4
cam_04 4720 2 1
cam_04 4734 2 1
cam_04 4725 2 1
cam_04 4755 2 1
cam_04 4798 1 4
cam_04 4746 1 1
cam_04 4773 2 1
cam_04 4791 2 2
cam_04 4767 1 1
cam_04 4770 2 1
cam_04 4773 2 1
cam_04 4768 2 1
cam_04 4763 2 1
cam_04 4818 1 2
cam_04 4818 2 1
cam_04 4822 2 2
cam_04 4780 2 1
cam_04 4797 2 1
cam_04 4804 2 1
cam_04 4842 1 2
cam_04 4804 2 1
cam_04 4807 2 1
cam_04 4807 2 1
cam_04 4812 1 1
cam_04 4802 2 1
cam_04 4816 2 1
cam_04 4834 2 1
cam_04 4825 2 1
cam_04 4824 1 1
cam_04 4839 2 1
cam_04 4827 1 1
cam_04 4831 2 1
cam_04 4858 2 1
cam_04 4855 2 1
cam_04 4843 2 1
cam_04 4833 1 1
cam_04 4848 1 1
cam_04 429 2 1
cam_04 4857 2 1
cam_04 4864 1 1
cam_04 4870 2 1
cam_04 441 2 1
cam_04 4869 2 1
cam_04 4852 2 1
cam_04 4890 2 1
cam_04 4870 2 1
cam_04 427 2 1
cam_04 4885 1 1
cam_04 4878 2 1
cam_04 4875 1 1
cam_04 4885 2 1
cam_04 4902 2 1
cam_04 4906 2 1
cam_04 4882 2 1
cam_04 4899 2 1
cam_04 4894 2 1
cam_04 4908 2 1
cam_04 447 2 1
cam_04 4908 2 1
cam_04 4891 2 1
cam_04 4909 2 1
cam_04 4909 2 1
cam_04 4908 2 1
cam_04 4917 2 1
cam_04 4938 2 1
cam_04 4915 2 1
cam_04 4939 2 1
cam_04 4940 2 1
cam_04 4915 2 1
cam_04 4939 2 1
cam_04 4938 1 1
cam_04 4993 2 1
cam_04 100 2 1
cam_04 4954 1 1
cam_04 4954 2 1
cam_04 4971 2 1
cam_04 451 2 1
cam_04 4954 2 1
cam_04 4956 2 1
cam_04 4980 2 1
cam_04 4958 2 1
cam_04 4978 2 1
cam_04 4983 2 1
cam_04 4990 2 1
cam_04 4966 2 1
cam_04 4989 1 1
cam_04 5002 2 1
cam_04 4993 2 1
cam_04 4999 1 1
cam_04 504 1 1
cam_04 5017 1 1
cam_04 5020 2 1
cam_04 5013 2 1
cam_04 5008 2 1
cam_04 5037 2 1
cam_04 5022 1 1
cam_04 5028 2 1
cam_04 5103 2 1
cam_04 553 2 1
cam_04 5019 2 1
cam_04 5055 1 1
cam_04 5043 2 1
cam_04 5104 1 1
cam_04 5052 2 1
cam_04 5055 2 1
cam_04 5064 2 1
cam_04 5076 2 1
cam_04 5076 2 1
cam_04 5092 2 1
cam_04 5073 2 1
cam_04 5068 2 1
cam_04 5068 2 1
cam_04 5113 2 1
cam_04 5092 2 1
cam_04 5091 2 1
cam_04 5098 1 1
cam_04 5090 2 1
cam_04 5104 2 1
cam_04 5127 2 1
cam_04 5113 2 1
cam_04 5145 2 1
cam_04 5128 2 1
cam_04 5144 2 1
cam_04 480 2 2
cam_04 5152 2 1
cam_04 5145 2 1
cam_04 5175 2 1
cam_04 5173 2 1
cam_04 5190 2 1
cam_04 5178 1 1
cam_04 5215 2 1
cam_04 5224 2 1
cam_04 5221 1 1
cam_04 5239 2 1
cam_04 5335 2 1
cam_04 5241 2 1
cam_04 475 2 1
cam_04 5256 2 1
cam_04 5245 2 1
cam_04 5262 2 1
cam_04 5256 2 1
cam_04 5283 2 1
cam_04 5361 2 1
cam_04 5280 1 1
cam_04 5274 2 1
cam_04 492 2 2
cam_04 5275 2 1
cam_04 5286 1 1
cam_04 481 2 1
cam_04 5307 2 1
cam_04 5290 2 1
cam_04 484 2 1
cam_04 5293 2 1
cam_04 5320 2 1
cam_04 5310 2 1
cam_04 5301 2 1
cam_04 5301 2 1
cam_04 5302 2 1
cam_04 5314 2 1
cam_04 526 1 2
cam_04 5292 2 1
cam_04 5311 2 1
cam_04 5317 1 1
cam_04 483 2 1
cam_04 499 2 1
cam_04 5332 2 1
cam_04 504 1 1
cam_04 5313 2 1
cam_04 5322 2 1
cam_04 5332 2 1
cam_04 5341 2 1
cam_04 5359 2 1
cam_04 5358 2 1
cam_04 79 2 1
cam_04 5347 2 1
cam_04 5342 2 1
cam_04 5362 1 1
cam_04 5379 2 1
cam_04 5374 2 1
cam_04 489 2 1
cam_04 5379 1 1
cam_04 5389 2 1
cam_04 525 2 2
cam_04 5395 2 1
cam_04 5386 2 1
cam_04 5389 2 1
cam_04 5406 2 1
cam_04 5425 1 1
cam_04 5404 2 1
cam_04 511 2 1
cam_04 5397 2 1
cam_04 5419 2 1
cam_04 513 1 1
cam_04 5409 2 1
cam_04 5427 2 1
cam_04 5548 1 1
cam_04 5446 1 1
cam_04 5472 2 1
cam_04 5464 2 1
cam_04 5527 1 2
cam_04 522 2 1
cam_04 5557 2 1
cam_04 5490 2 1
cam_04 5500 1 1
cam_04 5508 2 1
cam_04 5530 2 1
cam_04 513 2 1
cam_04 5514 1 1
cam_04 5539 1 2
cam_04 5538 2 1
cam_04 5545 2 1
cam_04 5520 2 1
cam_04 5544 1 1
cam_04 5577 2 1
cam_04 5596 2 1
cam_04 5691 2 1
cam_04 5616 2 1
cam_04 520 2 1
cam_04 5652 2 1
cam_04 5659 1 1
cam_04 5674 2 1
cam_04 5656 2 1
cam_04 5673 2 1
cam_04 5680 2 2
cam_04 550 2 1
cam_04 5682 2 1
cam_04 37 1 1
cam_04 5683 2 1
cam_04 5679 2 1
cam_04 5695 2 1
cam_04 5775 2 1
cam_04 5706 2 1
cam_04 5688 1 1
cam_04 5713 2 1
cam_04 5727 2 1
cam_04 5724 2 1
cam_04 5746 2 1
cam_04 5743 2 1
cam_04 5730 2 1
cam_04 5742 2 1
cam_04 5742 2 1
cam_04 5730 2 1
cam_04 5745 2 1
cam_04 5758 2 1
cam_04 5763 2 1
cam_04 5791 1 1
cam_04 5776 2 1
cam_04 5772 2 1
cam_04 5805 2 1
cam_04 5785 2 1
cam_04 5805 2 1
cam_04 5815 2 1
cam_04 5815 2 1
cam_04 5848 2 1
cam_04 5821 2 1
cam_04 5865 1 1
cam_04 5862 1 1
cam_04 535 2 1
cam_04 522 2 1
cam_04 5865 2 1
cam_04 5859 2 1
cam_04 5889 1 1
cam_04 5892 2 1
cam_04 5902 1 1
cam_04 5911 2 1
cam_04 5895 2 1
cam_04 5955 2 3
cam_04 538 2 1
cam_04 5938 2 1
cam_04 5940 1 1
cam_04 5950 2 1
cam_04 5935 2 1
cam_04 5959 2 1
cam_04 5967 1 2
cam_04 5965 1 1
cam_04 5967 2 1
cam_04 5976 1 1
cam_04 5968 2 1
cam_04 526 2 1
cam_04 5983 2 1
cam_04 5986 2 1
cam_04 5965 2 1
cam_04 5980 2 1
cam_04 5985 1 1
cam_04 5980 1 1
cam_04 6000 2 1
cam_04 6006 1 1
cam_04 6007 2 1
cam_04 6010 2 1
cam_04 6007 2 1
cam_04 6013 2 1
cam_04 6037 2 1
cam_04 6018 1 1
cam_04 6006 2 1
cam_04 6030 2 1
cam_04 6019 2 1
cam_04 6024 2 1
cam_04 6040 2 1
cam_04 6046 1 1
cam_04 6073 2 1
cam_04 6070 1 1
cam_04 6081 2 1
cam_04 6085 2 1
cam_04 6097 2 1
cam_04 6105 2 1
cam_04 6106 2 1
cam_04 535 2 1
cam_04 6106 2 1
cam_04 550 2 1
cam_04 6118 2 2
cam_04 6108 2 1
cam_04 547 2 1
cam_04 6114 2 1
cam_04 6120 2 1
cam_04 6114 2 1
cam_04 6130 2 1
cam_04 6135 1 1
cam_04 6129 2 1
cam_04 6123 2 1
cam_04 6118 2 1
cam_04 6151 2 1
cam_04 6126 2 1
cam_04 6142 2 1
cam_04 6150 2 1
cam_04 6150 1 1
cam_04 6133 2 1
cam_04 6193 1 4
cam_04 553 2 1
cam_04 6148 2 1
cam_04 6160 2 1
cam_04 6180 2 1
cam_04 6171 2 1
cam_04 6195 2 1
cam_04 6175 2 1
cam_04 553 2 1
cam_04 6190 2 1
cam_04 6202 2 1
cam_04 6214 1 2
cam_04 6234 1 2
cam_04 6204 1 1
cam_04 6244 2 1
cam_04 6258 2 2
cam_04 6235 1 1
cam_04 6508 2 1
cam_04 6264 2 2
cam_04 6250 1 1
cam_04 6270 2 1
cam_04 6259 2 1
cam_04 6258 2 1
cam_04 6274 2 1
cam_04 6276 2 1
cam_04 556 2 1
cam_04 564 2 1
cam_04 6279 2 1
cam_04 6282 2 1
cam_04 6319 1 2
cam_04 6283 2 1
cam_04 6286 2 1
cam_04 6294 2 1
cam_04 6309 2 1
cam_04 6309 2 1
cam_04 6294 2 1
cam_04 6315 2 1
cam_04 6328 1 3
cam_04 577 2 1
cam_04 6327 2 1
cam_04 6354 1 2
cam_04 6330 2 1
cam_04 6336 2 1
cam_04 124 2 2
cam_04 568 2 1
cam_04 6334 2 1
cam_04 6346 2 1
cam_04 6333 2 1
cam_04 573 2 1
cam_04 6339 1 1
cam_04 6346 2 1
cam_04 6340 2 1
cam_04 6358 2 1
cam_04 576 1 1
cam_04 6352 2 1
cam_04 6372 2 1
cam_04 6369 2 1
cam_04 6369 1 1
cam_04 6373 2 1
cam_04 6379 2 1
cam_04 6399 2 1
cam_04 6393 2 1
cam_04 6405 2 1
cam_04 6414 2 1
cam_04 6414 2 1
cam_04 6439 1 2
cam_04 6432 2 1
cam_04 6450 2 1
cam_04 6462 2 1
cam_04 6462 2 1
cam_04 6465 2 1
cam_04 6489 2 1
cam_04 6510 2 1
cam_04 6523 2 1
cam_04 6526 2 1
cam_04 6505 2 1
cam_04 6546 2 1
cam_04 567 2 1
cam_04 6548 2 1
cam_04 6570 1 1
cam_04 6603 2 1
cam_04 6636 2 1
cam_04 562 1 1
cam_04 6652 2 1
cam_04 6652 2 1
cam_04 6675 2 2
cam_04 6666 2 1
cam_04 6708 2 2
cam_04 6688 2 1
cam_04 579 2 1
cam_04 6699 2 1
cam_04 6687 1 1
cam_04 6684 1 1
cam_04 6726 2 2
cam_04 6714 2 1
cam_04 585 2 1
cam_04 6736 2 1
cam_04 6742 2 2
cam_04 6739 2 1
cam_04 6756 1 1
cam_04 6783 1 2
cam_04 6747 2 1
cam_04 6750 2 1
cam_04 6762 2 1
cam_04 6792 2 3
cam_04 6771 2 1
cam_04 6775 2 1
cam_04 6787 2 1
cam_04 601 2 1
cam_04 6795 2 1
cam_04 6829 2 1
cam_04 6796 2 1
cam_04 6811 2 1
cam_04 6807 2 1
cam_04 6823 2 1
cam_04 6876 2 1
cam_04 6832 2 1
cam_04 6826 1 1
cam_04 585 1 1
cam_04 6831 2 1
cam_04 6841 1 1
cam_04 6841 1 1
cam_04 6847 2 1
cam_04 6976 2 1
cam_04 6849 2 1
cam_04 6855 2 1
cam_04 6859 2 1
cam_04 6845 2 1
cam_04 6862 2 1
cam_04 6877 2 1
cam_04 6895 2 1
cam_04 6866 2 1
cam_04 6892 2 1
cam_04 6885 2 1
cam_04 6904 2 1
cam_04 6898 2 1
cam_04 6901 2 1
cam_04 6913 2 1
cam_04 6900 2 1
cam_04 6919 2 1
cam_04 6922 2 1
cam_04 6918 2 1
cam_04 6930 2 1
cam_04 594 2 1
cam_04 6925 2 1
cam_04 6926 2 1
cam_04 6934 2 1
cam_04 6948 2 1
cam_04 6940 2 1
cam_04 6948 2 1
cam_04 6957 2 1
cam_04 6957 2 1
cam_04 6955 2 1
cam_04 6950 2 1
cam_04 6972 2 1
cam_04 6957 2 1
cam_04 6978 2 1
cam_04 7003 2 1
cam_04 7101 2 1
cam_04 7084 2 1
cam_04 7036 2 1
cam_04 7032 1 1
cam_04 600 2 1
cam_04 7048 2 1
cam_04 7075 2 1
cam_04 7075 2 1
cam_04 7089 2 1
cam_04 594 2 1
cam_04 7083 2 1
cam_04 7077 2 1
cam_04 120 2 1
cam_04 7177 2 1
cam_04 7107 2 2
cam_04 7117 2 1
cam_04 7085 2 1
cam_04 7104 2 1
cam_04 7093 2 1
cam_04 7096 2 1
cam_04 7087 2 1
cam_04 7116 2 1
cam_04 7110 2 1
cam_04 7134 2 1
cam_04 7131 2 1
cam_04 607 2 1
cam_04 7128 2 1
cam_04 7129 2 1
cam_04 7144 2 1
cam_04 7138 2 1
cam_04 7134 2 1
cam_04 7132 2 1
cam_04 7147 2 1
cam_04 7152 2 1
cam_04 7138 2 1
cam_04 7158 2 1
cam_04 7162 2 1
cam_04 7161 2 1
cam_04 7168 2 1
cam_04 7167 2 1
cam_04 7173 2 1
cam_04 7191 2 1
cam_04 7162 2 1
cam_04 7194 2 1
cam_04 7189 2 1
cam_04 7174 2 1
cam_04 657 1 2
cam_04 609 2 1
cam_04 7198 2 1
cam_04 7197 2 1
cam_04 103 2 1
cam_04 7216 2 1
cam_04 7215 2 1
cam_04 7222 2 1
cam_04 7219 2 1
cam_04 7245 2 1
cam_04 7240 2 1
cam_04 7240 2 1
cam_04 615 2 1
cam_04 7233 2 1
cam_04 7243 2 1
cam_04 7255 2 1
cam_04 7252 2 1
cam_04 7275 2 1
cam_04 7258 2 1
cam_04 7282 2 1
cam_04 7438 1 1
cam_04 7272 2 1
cam_04 7296 2 1
cam_04 7296 2 1
cam_04 670 1 1
cam_04 7294 2 1
cam_04 7324 2 1
cam_04 7308 2 1
cam_04 7315 2 1
cam_04 628 2 1
cam_04 7345 2 1
cam_04 7332 2 1
cam_04 7333 1 1
cam_04 7356 2 1
cam_04 7347 2 1
cam_04 7341 1 1
cam_04 7347 2 1
cam_04 7356 2 1
cam_04 625 2 1
cam_04 7470 2 1
cam_04 7359 2 1
cam_04 7356 1 1
cam_04 7413 2 2
cam_04 7357 2 1
cam_04 7361 2 1
cam_04 7363 2 1
cam_04 7378 2 1
cam_04 7366 1 1
cam_04 7393 2 1
cam_04 7396 2 1
cam_04 729 2 1
cam_04 7371 2 1
cam_04 7428 2 1
cam_04 7425 2 2
cam_04 7428 2 1
cam_04 639 2 1
cam_04 7455 2 1
cam_04 7456 2 2
cam_04 7455 2 1
cam_04 7464 2 1
cam_04 7442 2 1
cam_04 7471 2 1
cam_04 7473 1 1
cam_04 7506 2 1
cam_04 7515 2 1
cam_04 7518 2 2
cam_04 7528 2 1
cam_04 7506 2 1
cam_04 7512 2 1
cam_04 7537 2 2
cam_04 7512 2 1
cam_04 7533 2 1
cam_04 7558 1 1
cam_04 7534 2 1
cam_04 7531 2 1
cam_04 7539 2 1
cam_04 7518 2 1
cam_04 7543 2 1
cam_04 649 2 1
cam_04 7543 2 1
cam_04 7533 2 1
cam_04 7543 2 1
cam_04 7554 2 1
cam_04 7546 2 1
cam_04 7546 2 1
cam_04 7537 2 1
cam_04 7572 2 1
cam_04 7563 2 1
cam_04 7566 1 1
cam_04 7579 2 1
cam_04 7575 1 1
cam_04 103 2 1
cam_04 7591 2 1
cam_04 7587 2 1
cam_04 7578 2 1
cam_04 7593 1 1
cam_04 7611 2 1
cam_04 7606 2 1
cam_04 7614 1 1
cam_04 7618 2 1
cam_04 7626 2 1
cam_04 7647 2 1
cam_04 7635 1 1
cam_04 7629 2 1
cam_04 7638 2 1
cam_04 7647 2 1
cam_04 7641 2 1
cam_04 7653 2 1
cam_04 7686 2 1
cam_04 52 2 3
cam_04 7668 2 1
cam_04 7660 2 1
cam_04 7662 1 1
cam_04 7651 2 1
cam_04 7677 2 1
cam_04 7678 2 1
cam_04 7689 2 1
cam_04 7686 2 1
cam_04 7707 2 1
cam_04 652 2 1
cam_04 7723 2 1
cam_04 7726 2 1
cam_04 673 2 1
cam_04 7716 2 1
cam_04 7719 2 1
cam_04 7729 2 1
cam_04 7731 2 1
cam_04 7722 2 1
cam_04 7726 1 1
cam_04 124 2 1
cam_04 7749 2 1
cam_04 7731 2 1
cam_04 7734 2 1
cam_04 7752 2 1
cam_04 7798 2 1
cam_04 658 2 1
cam_04 7762 2 1
cam_04 7771 2 1
cam_04 7777 2 1
cam_04 7788 2 1
cam_04 7798 2 1
cam_04 7770 2 1
cam_04 7900 2 1
cam_04 7803 2 1
cam_04 7800 2 1
cam_04 7810 2 1
cam_04 7800 1 1
cam_04 7813 1 1
cam_04 7860 1 2
cam_04 7796 2 1
cam_04 664 2 1
cam_04 7831 2 1
cam_04 7816 1 1
cam_04 7830 2 1
cam_04 7836 2 1
cam_04 7917 1 4
cam_04 7855 2 1
cam_04 7842 1 1
cam_04 7852 2 1
cam_04 7861 2 1
cam_04 7848 2 1
cam_04 7866 2 1
cam_04 7854 2 1
cam_04 688 2 1
cam_04 7875 2 1
cam_04 7869 2 1
cam_04 670 2 1
cam_04 7897 2 1
cam_04 699 2 1
cam_04 7918 2 1
cam_04 7953 1 2
cam_04 7898 2 1
cam_04 7914 2 1
cam_04 7929 1 1
cam_04 7923 2 1
cam_04 7918 2 1
cam_04 7938 2 1
cam_04 7933 2 1
cam_04 7929 2 1
cam_04 7963 2 1
cam_04 7945 2 1
cam_04 7947 2 1
cam_04 7969 2 1
cam_04 7974 1 2
cam_04 7962 1 2
cam_04 7959 2 1
cam_04 7953 2 1
cam_04 7954 1 1
cam_04 691 2 1
cam_04 7951 1 1
cam_04 7965 2 1
cam_04 7977 2 1
cam_04 724 2 1
cam_04 8001 2 1
cam_04 7986 1 1
cam_04 7987 2 1
cam_04 8005 2 1
cam_04 7995 1 1
cam_04 7996 2 1
cam_04 8014 2 1
cam_04 8025 2 1
cam_04 8043 2 1
cam_04 8055 1 2
cam_04 8019 2 1
cam_04 706 2 1
cam_04 8029 2 1
cam_04 8076 1 2
cam_04 699 2 1
cam_04 8029 2 1
cam_04 8031 2 1
cam_04 8058 2 1
cam_04 8044 2 1
cam_04 8085 2 1
cam_04 708 2 1
cam_04 8067 2 1
cam_04 735 2 1
cam_04 8088 1 1
cam_04 8086 2 1
cam_04 8113 2 1
cam_04 8091 1 1
cam_04 8112 1 1
cam_04 8107 2 1
cam_04 8124 2 1
cam_04 8116 2 1
cam_04 727 2 1
cam_04 8124 1 1
cam_04 8122 2 1
cam_04 8140 2 1
cam_04 8116 1 1
cam_04 8145 2 1
cam_04 8136 2 1
cam_04 8136 1 1
cam_04 8131 2 1
cam_04 8154 2 1
cam_04 8139 2 1
cam_04 8164 2 1
cam_04 714 2 1
cam_04 8145 2 1
cam_04 742 2 1
cam_04 8151 2 1
cam_04 8145 2 1
cam_04 8169 2 1
cam_04 8166 2 1
cam_04 755 2 1
cam_04 8157 1 1
cam_04 8187 2 1
cam_04 8181 1 1
cam_04 8197 2 1
cam_04 8184 1 1
cam_04 8218 2 1
cam_04 8236 1 1
cam_04 742 2 1
cam_04 8197 1 1
cam_04 8286 1 1
cam_04 8223 2 1
cam_04 762 2 1
cam_04 8238 2 1
cam_04 8244 2 1
cam_04 8245 2 1
cam_04 8245 2 1
cam_04 8278 1 2
cam_04 8247 1 1
cam_04 8277 2 4
cam_04 8265 1 1
cam_04 8257 2 1
cam_04 8254 1 1
cam_04 8266 1 1
cam_04 8262 1 1
cam_04 8265 2 1
cam_04 8257 2 1
cam_04 8259 2 1
cam_04 8271 2 1
cam_04 8289 2 1
cam_04 8271 2 1
cam_04 8289 2 1
cam_04 8277 1 1
cam_04 8293 1 1
cam_04 8298 1 1
cam_04 8305 1 1
cam_04 8305 2 1
cam_04 759 2 1
cam_04 8332 2 1
cam_04 789 2 1
cam_04 8340 2 2
cam_04 8349 1 1
cam_04 8353 2 3
cam_04 8361 2 1
cam_04 8355 2 1
cam_04 8361 2 1
cam_04 8359 2 1
cam_04 8365 2 1
cam_04 8385 2 1
cam_04 780 1 1
cam_04 8382 2 1
cam_04 8367 1 1
cam_04 8376 2 1
cam_04 8412 2 1
cam_04 8380 2 1
cam_04 8412 2 2
cam_04 8409 2 1
cam_04 792 2 1
cam_04 8392 2 1
cam_04 8410 2 1
cam_04 8415 1 1
cam_04 8425 2 1
cam_04 8415 2 1
cam_04 8424 1 1
cam_04 8436 2 1
cam_04 8428 2 1
cam_04 8461 2 2
cam_04 8617 2 1
cam_04 8440 2 1
cam_04 8455 2 1
cam_04 793 2 1
cam_04 8472 2 1
cam_04 8461 2 1
cam_04 8467 2 1
cam_04 8478 2 1
cam_04 39 2 1
cam_04 8484 1 1
cam_04 8493 2 1
cam_04 8496 2 1
cam_04 8497 2 1
cam_04 8512 2 1
cam_04 8490 2 1
cam_04 8509 2 1
cam_04 8521 2 1
cam_04 8536 2 1
cam_04 8524 2 1
cam_04 8521 2 1
cam_04 8532 2 1
cam_04 8528 2 1
cam_04 8542 1 1
cam_04 8544 1 1
cam_04 8541 1 1
cam_04 8550 2 1
cam_04 8586 2 1
cam_04 8568 2 1
cam_04 8556 1 1
cam_04 8625 1 2
cam_04 8574 2 1
cam_04 8572 2 1
cam_04 8580 1 1
cam_04 802 2 1
cam_04 8596 2 1
cam_04 8611 2 1
cam_04 8605 2 1
cam_04 8599 2 1
cam_04 832 2 1
cam_04 8610 2 1
cam_04 8594 2 1
cam_04 8631 2 1
cam_04 8632 2 1
cam_04 8646 2 1
cam_04 8658 2 4
cam_04 8641 1 1
cam_04 133 2 1
cam_04 8653 2 1
cam_04 8658 2 1
cam_04 8650 2 1
cam_04 8662 2 1
cam_04 8664 2 1
cam_04 8685 1 1
cam_04 8677 2 1
cam_04 8664 2 1
cam_04 8688 2 1
cam_04 8673 2 1
cam_04 8688 2 1
cam_04 8707 2 1
cam_04 8700 2 1
cam_04 8715 2 1
cam_04 8728 2 1
cam_04 8745 2 1
cam_04 8739 2 1
cam_04 8788 1 3
cam_04 8757 1 1
cam_04 8760 2 1
cam_04 8775 2 1
cam_04 8778 2 1
cam_04 8800 2 1
cam_04 8773 2 1
cam_04 8800 2 1
cam_04 790 2 1
cam_04 8791 2 1
cam_04 8791 2 1
cam_04 8809 2 1
cam_04 817 2 1
cam_04 8790 2 1
cam_04 8802 2 1
cam_04 8817 1 1
cam_04 8866 2 2
cam_04 8824 2 1
cam_04 8814 1 1
cam_04 8845 1 1
cam_04 8859 1 1
cam_04 8878 1 1
cam_04 8881 1 1
cam_04 8982 2 1
cam_04 8901 1 1
cam_04 8884 2 1
cam_04 8890 2 1
cam_04 8910 2 1
cam_04 8913 1 1
cam_04 8929 1 1
cam_04 8920 2 1
cam_04 8928 2 1
cam_04 8938 1 1
cam_04 8937 2 1
cam_04 802 2 1
cam_04 8944 1 1
cam_04 8955 1 1
cam_04 8964 2 1
cam_04 8968 2 1
cam_04 9015 2 3
cam_04 8973 2 1
cam_04 8966 2 1
cam_04 8988 2 1
cam_04 8994 2 1
cam_04 8992 2 1
cam_04 9024 2 4
cam_04 8995 2 1
cam_04 9013 2 1
cam_04 9012 1 1
cam_04 8983 2 3
cam_04 9022 2 1
cam_04 9013 2 1
cam_04 8995 2 1
cam_04 9028 2 1
cam_04 9028 2 1
cam_04 9052 2 1
cam_04 9043 2 1
cam_04 9030 2 1
cam_04 9048 2 1
cam_04 9049 2 1
cam_04 9070 2 1
cam_04 9078 1 1
cam_04 9063 2 1
cam_04 9100 1 2
cam_04 9093 1 1
cam_04 9106 2 1
cam_04 9090 2 1
cam_04 9099 2 1
cam_04 9109 2 1
cam_04 9117 2 1
cam_04 9102 1 1
cam_04 9124 2 1
cam_04 9151 2 1
cam_04 9120 2 1
cam_04 9117 2 1
cam_04 9148 2 1
cam_04 9130 2 1
cam_04 9139 1 1
cam_04 9142 2 1
cam_04 9150 1 1
cam_04 834 2 1
cam_04 9160 2 1
cam_04 9181 2 1
cam_04 9171 2 1
cam_04 9198 2 1
cam_04 9213 2 1
cam_04 9205 2 1
cam_04 9232 2 1
cam_04 9195 2 1
cam_04 9217 2 1
cam_04 9216 1 1
cam_04 9235 2 1
cam_04 9247 1 2
cam_04 9223 2 4
cam_04 9252 2 1
cam_04 9246 2 1
cam_04 9294 1 1
cam_04 9261 2 1
cam_04 9262 2 1
cam_04 9255 2 4
cam_04 9276 2 1
cam_04 9300 2 1
cam_04 9292 1 1
cam_04 9288 2 1
cam_04 9315 2 1
cam_04 9324 1 1
cam_04 9322 2 1
cam_04 9321 2 1
cam_04 9328 2 1
cam_04 9357 2 1
cam_04 9372 1 3
cam_04 9361 2 1
cam_04 9408 1 1
cam_04 9363 2 2
cam_04 9393 2 1
cam_04 9364 2 1
cam_04 9399 1 2
cam_04 9414 1 2
cam_04 9379 1 1
cam_04 9406 2 1
cam_04 844 2 1
cam_04 9438 1 1
cam_04 9441 2 2
cam_04 9436 2 1
cam_04 9420 2 1
cam_04 9441 2 1
cam_04 838 2 1
cam_04 9439 2 1
cam_04 9487 2 1
cam_04 858 2 1
cam_04 9451 2 1
cam_04 9577 2 1
cam_04 9451 2 1
cam_04 9460 2 1
cam_04 9447 2 1
cam_04 9459 2 1
cam_04 9466 2 1
cam_04 9460 2 1
cam_04 9466 2 1
cam_04 9466 2 1
cam_04 9484 2 1
cam_04 9510 2 1
cam_04 9570 2 1
cam_04 9549 2 1
cam_04 846 2 1
cam_04 9609 2 2
cam_04 9633 2 2
cam_04 9654 2 1
cam_04 9625 2 1
